3.42505	0 3 360  4 720 
2.1081	0 4 360  3 720 
2.37985	0 4 360  3 720 
2.53965	0 4 360  3 720 
2.34852	0 4 360  3 720 
2.31812	0 4 360  3 720 
1.88359	0 3 360  4 720 
1.99054	0 4 360  3 720 
2.30174	0 4 360  3 720 
1.81094	0 3 360  4 720 
2.35162	1.81873 4 636  3 720 
2.05068	0.578588 3 0  4 720 
1.97603	0.567907 3 0  4 720 
2.06235	0.529526 3 0  4 720 
2.08201	0.528747 3 0  4 720 
1.96366	0.538443 3 0  4 720 
1.95633	0.554199 3 0  4 720 
1.89538	0.537177 3 0  4 720 
1.95859	0.537582 3 0  4 720 
2.18126	0.537972 3 0  4 720 
2.36698	0.537506 3 0  4 720 
1.91261	0.523165 3 0  4 720 
1.96726	0.530775 3 0  4 720 
1.85482	0.539746 3 0  4 720 
1.96665	0.537756 3 0  4 720 
1.86978	0.538244 3 0  4 720 
1.91819	0.538231 3 0  4 720 
1.84709	0.537185 3 0  4 720 
1.93604	0.536506 3 0  4 720 
1.84828	0.529081 3 0  4 720 
1.9789	0.537029 3 0  4 720 
1.89308	0.531564 3 0  4 720 
1.94837	0.540068 3 0  4 720 
1.94396	0.529886 3 0  4 720 
1.97776	0.538825 3 0  4 720 
1.87579	0.542673 3 0  4 720 
2.01747	0.534956 3 0  4 720 
1.90502	0.531715 3 0  4 720 
2.01857	0.539301 3 0  4 720 
1.91495	0.530549 3 0  4 720 
1.97737	0.537655 3 0  4 720 
1.83355	0.535618 3 0  4 720 
1.95121	0.536483 3 0  4 720 
1.88374	0.539315 3 0  4 720 
1.94404	0.527271 3 0  4 720 
1.9254	0.536417 3 0  4 720 
1.91069	0.530945 3 0  4 720 
1.83535	0.533171 3 0  4 720 
1.96342	0.529773 3 0  4 720 
1.82841	0.530251 3 0  4 720 
1.95813	0.534517 3 0  4 720 
1.87032	0.5384 3 0  4 720 
1.92099	0.538748 3 0  4 720 
1.89411	0.537617 3 0  4 720 
1.9653	0.537873 3 0  4 720 
1.908	0.538019 3 0  4 720 
2.41372	0.537036 3 0  4 720 
2.43568	0.535841 3 0  4 720 
2.43801	0.536109 3 0  4 720 
1.8924	0.548672 3 0  4 720 
1.95076	0.535322 3 0  4 720 
1.98619	0.54081 3 0  4 720 
1.85899	0.538895 3 0  4 720 
1.97605	0.537464 3 0  4 720 
1.89395	0.541136 3 0  4 720 
1.93331	0.539496 3 0  4 720 
1.90713	0.530653 3 0  4 720 
1.91718	0.52947 3 0  4 720 
1.88104	0.535051 3 0  4 720 
1.94157	0.536432 3 0  4 720 
1.88981	0.530303 3 0  4 720 
1.94851	0.536328 3 0  4 720 
1.8819	0.540605 3 0  4 720 
1.96979	0.536915 3 0  4 720 
1.91576	0.537912 3 0  4 720 
1.95288	0.529987 3 0  4 720 
1.85733	0.537485 3 0  4 720 
1.95519	0.537594 3 0  4 720 
2.1883	0.53786 3 0  4 720 
2.47466	1.60046 4 636  3 720 
2.43076	0.923534 4 0  3 720 
2.01455	0.17139 3 0  4 720 
1.87181	0.150483 3 0  4 720 
1.98408	0.162024 3 0  4 720 
1.81199	0.160515 3 0  4 720 
1.99459	0.158504 3 0  4 720 
1.85004	0.159922 3 0  4 720 
2.01412	0.155752 3 0  4 720 
1.86457	0.159759 3 0  4 720 
2.01085	0.157633 3 0  4 720 
1.82886	0.146897 3 0  4 720 
1.98436	0.158567 3 0  4 720 
1.84027	0.159033 3 0  4 720 
1.93236	0.158131 3 0  4 720 
1.94929	0.157973 3 0  4 720 
1.91307	0.158618 3 0  4 720 
1.88403	0.158304 3 0  4 720 
1.90933	0.156198 3 0  4 720 
1.95161	0.160259 3 0  4 720 
1.95332	0.158067 3 0  4 720 
1.8644	0.159985 3 0  4 720 
1.92271	0.156506 3 0  4 720 
1.8787	0.159185 3 0  4 720 
1.96137	0.157601 3 0  4 720 
1.8536	0.145329 3 0  4 720 
1.96121	0.158471 3 0  4 720 
1.83184	0.163407 3 0  4 720 
1.95892	0.154968 3 0  4 720 
1.85496	0.147081 3 0  4 720 
1.95173	0.158953 3 0  4 720 
1.97053	0.148488 3 0  4 720 
2.01026	0.140622 3 0  4 720 
2.68261	1.15406 4 636  3 720 
1.86388	0.188404 3 0  4 720 
1.9727	0.1888 3 0  4 720 
1.98196	0.183743 3 0  4 720 
1.66416	0.182913 3 0  4 720 
1.99775	0.195338 3 0  4 720 
1.83479	0.186544 3 0  4 720 
2.00196	0.18515 3 0  4 720 
1.8636	0.190223 3 0  4 720 
1.95828	0.18899 3 0  4 720 
1.87411	0.191205 3 0  4 720 
1.96294	0.18638 3 0  4 720 
1.88795	0.18026 3 0  4 720 
1.9666	0.18609 3 0  4 720 
1.83232	0.190052 3 0  4 720 
1.94168	0.185833 3 0  4 720 
1.91079	0.180359 3 0  4 720 
1.90401	0.179245 3 0  4 720 
1.93854	0.18626 3 0  4 720 
1.92644	0.189006 3 0  4 720 
1.89984	0.190243 3 0  4 720 
1.95553	0.186609 3 0  4 720 
1.92437	0.188054 3 0  4 720 
1.94835	0.182263 3 0  4 720 
1.96204	0.180035 3 0  4 720 
1.96878	0.188549 3 0  4 720 
1.86019	0.191121 3 0  4 720 
1.97675	0.187608 3 0  4 720 
1.8868	0.182378 3 0  4 720 
1.9552	0.179956 3 0  4 720 
1.8843	0.180133 3 0  4 720 
1.9604	0.185989 3 0  4 720 
1.88174	0.18849 3 0  4 720 
1.92517	0.186118 3 0  4 720 
1.90303	0.178924 3 0  4 720 
1.93888	0.188966 3 0  4 720 
1.88265	0.180397 3 0  4 720 
1.9661	0.188312 3 0  4 720 
1.85326	0.17861 3 0  4 720 
1.98874	0.188469 3 0  4 720 
1.88622	0.181927 3 0  4 720 
1.98176	0.18645 3 0  4 720 
1.90202	0.190389 3 0  4 720 
2.0456	0.190435 3 0  4 720 
1.94372	0.20283 3 0  4 720 
1.95381	0.182648 3 0  4 720 
1.83802	0.189245 3 0  4 720 
1.97839	0.184439 3 0  4 720 
1.9066	0.181639 3 0  4 720 
1.98306	0.188827 3 0  4 720 
1.88063	0.179843 3 0  4 720 
1.97842	0.186178 3 0  4 720 
1.87064	0.189603 3 0  4 720 
1.88775	0.180856 3 0  4 720 
1.93896	0.190134 3 0  4 720 
1.86395	0.179537 3 0  4 720 
1.98871	0.179517 3 0  4 720 
1.84517	0.181318 3 0  4 720 
1.94667	0.18737 3 0  4 720 
1.92345	0.188003 3 0  4 720 
1.96733	0.179877 3 0  4 720 
1.95217	0.179929 3 0  4 720 
1.89969	0.181412 3 0  4 720 
2.02556	0.180702 3 0  4 720 
1.81547	0.190932 3 0  4 720 
1.94815	0.185439 3 0  4 720 
1.86804	0.176915 3 0  4 720 
1.98378	0.184214 3 0  4 720 
1.92653	0.190685 3 0  4 720 
1.97872	0.181398 3 0  4 720 
1.85303	0.180404 3 0  4 720 
1.97382	0.187297 3 0  4 720 
1.89785	0.179673 3 0  4 720 
1.95042	0.17898 3 0  4 720 
1.91108	0.188107 3 0  4 720 
1.98261	0.180938 3 0  4 720 
1.82324	0.183952 3 0  4 720 
2.01392	0.179196 3 0  4 720 
1.85875	0.181602 3 0  4 720 
1.93158	0.187023 3 0  4 720 
1.93137	0.179431 3 0  4 720 
1.88626	0.181853 3 0  4 720 
1.87633	0.182227 3 0  4 720 
1.96282	0.180075 3 0  4 720 
1.86182	0.188252 3 0  4 720 
1.93615	0.187658 3 0  4 720 
1.8966	0.181439 3 0  4 720 
1.92926	0.18751 3 0  4 720 
1.91749	0.189021 3 0  4 720 
1.99136	0.181459 3 0  4 720 
1.88153	0.188467 3 0  4 720 
1.96188	0.180239 3 0  4 720 
1.85492	0.180189 3 0  4 720 
1.97975	0.186509 3 0  4 720 
1.88402	0.189774 3 0  4 720 
1.85932	0.179617 3 0  4 720 
1.89347	0.182513 3 0  4 720 
1.90856	0.186861 3 0  4 720 
1.97147	0.188985 3 0  4 720 
1.8676	0.180707 3 0  4 720 
1.84768	0.18666 3 0  4 720 
1.86361	0.17374 3 0  4 720 
1.81784	0.177553 3 0  4 720 
1.8718	0.184037 3 0  4 720 
1.79593	0.175593 3 0  4 720 
1.91798	0.171782 3 0  4 720 
1.84469	0.185611 3 0  4 720 
1.99521	0.185706 3 0  4 720 
1.892	0.180689 3 0  4 720 
1.9602	0.186709 3 0  4 720 
1.91585	0.179629 3 0  4 720 
1.93235	0.180066 3 0  4 720 
1.85376	0.1797 3 0  4 720 
1.9382	0.188021 3 0  4 720 
1.90637	0.188401 3 0  4 720 
1.91884	0.187802 3 0  4 720 
1.8934	0.188627 3 0  4 720 
1.93593	0.186919 3 0  4 720 
1.91045	0.188936 3 0  4 720 
1.97927	0.189304 3 0  4 720 
2.13319	0.181962 3 0  4 720 
2.00863	0.186574 3 0  4 720 
1.86145	0.181988 3 0  4 720 
1.98216	0.188981 3 0  4 720 
1.88781	0.182021 3 0  4 720 
1.94945	0.188061 3 0  4 720 
1.86543	0.187095 3 0  4 720 
1.97216	0.177798 3 0  4 720 
1.92663	0.180563 3 0  4 720 
1.93962	0.189537 3 0  4 720 
1.87259	0.181554 3 0  4 720 
2.03001	0.187947 3 0  4 720 
1.84274	0.179372 3 0  4 720 
1.89938	0.187929 3 0  4 720 
1.92557	0.177799 3 0  4 720 
1.98363	0.186249 3 0  4 720 
1.91298	0.181876 3 0  4 720 
2.05132	0.187062 3 0  4 720 
1.84692	0.180495 3 0  4 720 
1.97252	0.185855 3 0  4 720 
1.95182	0.182821 3 0  4 720 
1.90304	0.18813 3 0  4 720 
1.92457	0.179373 3 0  4 720 
1.88999	0.179604 3 0  4 720 
1.9575	0.18625 3 0  4 720 
1.84809	0.180588 3 0  4 720 
1.95064	0.185001 3 0  4 720 
1.91936	0.188095 3 0  4 720 
1.89203	0.17993 3 0  4 720 
1.94615	0.179069 3 0  4 720 
1.92185	0.188111 3 0  4 720 
1.92748	0.179812 3 0  4 720 
1.91572	0.187497 3 0  4 720 
1.9851	0.180394 3 0  4 720 
1.87671	0.181941 3 0  4 720 
2.03446	0.178528 3 0  4 720 
1.84247	0.182728 3 0  4 720 
1.99635	0.187567 3 0  4 720 
1.87241	0.188388 3 0  4 720 
1.821	0.189807 3 0  4 720 
1.89596	0.179883 3 0  4 720 
1.99315	0.190229 3 0  4 720 
1.87492	0.181848 3 0  4 720 
1.96266	0.191671 3 0  4 720 
1.8498	0.179993 3 0  4 720 
1.95822	0.189391 3 0  4 720 
1.88807	0.180605 3 0  4 720 
2.10956	0.17875 3 0  4 720 
1.87433	0.179793 3 0  4 720 
1.93782	0.179531 3 0  4 720 
1.90948	0.186273 3 0  4 720 
1.97604	0.189895 3 0  4 720 
1.831	0.18813 3 0  4 720 
2.03106	0.179787 3 0  4 720 
1.84291	0.182029 3 0  4 720 
1.98769	0.186251 3 0  4 720 
1.80269	0.187975 3 0  4 720 
1.93157	0.183408 3 0  4 720 
1.95492	0.188697 3 0  4 720 
1.87852	0.188953 3 0  4 720 
1.95517	0.186376 3 0  4 720 
1.89324	0.190211 3 0  4 720 
1.93237	0.180281 3 0  4 720 
1.8813	0.181687 3 0  4 720 
1.92373	0.189171 3 0  4 720 
1.94562	0.190093 3 0  4 720 
1.86076	0.177301 3 0  4 720 
1.90796	0.1867 3 0  4 720 
1.9341	0.175148 3 0  4 720 
1.932	0.18017 3 0  4 720 
1.87483	0.180684 3 0  4 720 
1.96511	0.187761 3 0  4 720 
1.87947	0.188671 3 0  4 720 
1.94995	0.179778 3 0  4 720 
1.94699	0.181005 3 0  4 720 
1.88218	0.190322 3 0  4 720 
1.94054	0.176396 3 0  4 720 
1.94828	0.18057 3 0  4 720 
1.94748	0.181686 3 0  4 720 
1.88986	0.181524 3 0  4 720 
1.97138	0.180508 3 0  4 720 
1.90341	0.180318 3 0  4 720 
1.99287	0.188875 3 0  4 720 
1.85201	0.181655 3 0  4 720 
2.0037	0.187297 3 0  4 720 
1.86105	0.180754 3 0  4 720 
1.95637	0.179463 3 0  4 720 
1.88766	0.189551 3 0  4 720 
1.94738	0.188266 3 0  4 720 
1.88245	0.188135 3 0  4 720 
1.95194	0.179132 3 0  4 720 
1.87494	0.179044 3 0  4 720 
1.99153	0.187751 3 0  4 720 
1.89238	0.179061 3 0  4 720 
1.96363	0.188944 3 0  4 720 
1.8217	0.179997 3 0  4 720 
2.00619	0.185777 3 0  4 720 
1.83417	0.190949 3 0  4 720 
1.99772	0.18801 3 0  4 720 
1.88808	0.182612 3 0  4 720 
1.9726	0.180193 3 0  4 720 
1.93422	0.184616 3 0  4 720 
1.91471	0.191234 3 0  4 720 
1.8928	0.186981 3 0  4 720 
1.89697	0.179194 3 0  4 720 
1.97582	0.189222 3 0  4 720 
1.8675	0.180616 3 0  4 720 
1.94158	0.1869 3 0  4 720 
1.89375	0.189815 3 0  4 720 
2.00058	0.178552 3 0  4 720 
1.85811	0.181055 3 0  4 720 
1.97787	0.179947 3 0  4 720 
1.87115	0.181999 3 0  4 720 
1.92024	0.178893 3 0  4 720 
1.95002	0.182712 3 0  4 720 
1.97926	0.181758 3 0  4 720 
1.83376	0.179857 3 0  4 720 
1.9329	0.19045 3 0  4 720 
1.96942	0.188524 3 0  4 720 
1.85732	0.192112 3 0  4 720 
1.92821	0.180003 3 0  4 720 
1.90894	0.180916 3 0  4 720 
1.89751	0.179619 3 0  4 720 
1.95662	0.189683 3 0  4 720 
1.83113	0.179929 3 0  4 720 
2.0162	0.178542 3 0  4 720 
1.88499	0.181747 3 0  4 720 
1.95855	0.179646 3 0  4 720 
1.83433	0.191417 3 0  4 720 
1.94464	0.179889 3 0  4 720 
1.88738	0.179304 3 0  4 720 
1.99348	0.18765 3 0  4 720 
1.82582	0.181638 3 0  4 720 
1.94912	0.185396 3 0  4 720 
1.98099	0.181356 3 0  4 720 
1.91049	0.192759 3 0  4 720 
1.92506	0.188692 3 0  4 720 
1.94191	0.178906 3 0  4 720 
1.88939	0.181926 3 0  4 720 
1.99102	0.188111 3 0  4 720 
1.84334	0.179917 3 0  4 720 
1.98893	0.190214 3 0  4 720 
1.9581	0.183899 3 0  4 720 
1.91397	0.182057 3 0  4 720 
1.90044	0.179609 3 0  4 720 
1.93318	0.188585 3 0  4 720 
1.81738	0.179914 3 0  4 720 
1.99526	0.185354 3 0  4 720 
1.86312	0.180807 3 0  4 720 
1.89279	0.182016 3 0  4 720 
1.91862	0.177396 3 0  4 720 
1.91777	0.19067 3 0  4 720 
1.90096	0.190776 3 0  4 720 
1.95219	0.17974 3 0  4 720 
1.91559	0.180625 3 0  4 720 
1.87529	0.18004 3 0  4 720 
1.89649	0.18097 3 0  4 720 
1.99173	0.180072 3 0  4 720 
1.88816	0.183084 3 0  4 720 
1.96268	0.190192 3 0  4 720 
1.93799	0.180118 3 0  4 720 
1.92805	0.18035 3 0  4 720 
1.91046	0.191401 3 0  4 720 
1.91677	0.180161 3 0  4 720 
1.98455	0.193572 3 0  4 720 
1.92823	0.180517 3 0  4 720 
1.91751	0.190177 3 0  4 720 
1.97025	0.181326 3 0  4 720 
1.88791	0.190936 3 0  4 720 
1.95847	0.179053 3 0  4 720 
1.84104	0.18924 3 0  4 720 
2.01737	0.187651 3 0  4 720 
1.85725	0.180773 3 0  4 720 
1.94925	0.179264 3 0  4 720 
1.91944	0.180446 3 0  4 720 
1.92372	0.179323 3 0  4 720 
1.90591	0.180075 3 0  4 720 
1.96362	0.179487 3 0  4 720 
1.89644	0.190486 3 0  4 720 
2.00239	0.189222 3 0  4 720 
1.86077	0.181017 3 0  4 720 
1.95738	0.180052 3 0  4 720 
1.88244	0.180235 3 0  4 720 
1.95892	0.177776 3 0  4 720 
1.83855	0.180263 3 0  4 720 
2.0522	0.176246 3 0  4 720 
1.80529	0.183723 3 0  4 720 
2.02639	0.186621 3 0  4 720 
1.86407	0.182623 3 0  4 720 
2.00224	0.190054 3 0  4 720 
1.91887	0.184452 3 0  4 720 
1.97553	0.182919 3 0  4 720 
1.83513	0.18179 3 0  4 720 
1.99127	0.189688 3 0  4 720 
1.97228	0.181935 3 0  4 720 
2.62802	1.59088 4 0  3 720 
2.37005	1.1928 4 636  3 720 
1.93295	1.14877 3 636  4 720 
1.80033	1.37296 3 636  4 720 
1.9237	1.00647 3 0  4 720 
1.85602	1.00803 3 0  4 720 
1.98722	1.00595 3 0  4 720 
1.90641	0.980351 3 633  4 720 
1.73658	1.19117 3 636  4 720 
1.87914	0.680574 3 0  4 720 
1.95592	0.682799 3 0  4 720 
1.85613	0.676981 3 0  4 720 
1.99626	0.683383 3 0  4 720 
1.88152	0.684468 3 0  4 720 
2.01398	0.683203 3 0  4 720 
1.9507	0.675984 3 0  4 720 
1.86687	0.684989 3 0  4 720 
1.87908	0.682531 3 0  4 720 
1.97931	0.681965 3 0  4 720 
1.86283	0.676098 3 0  4 720 
2.02242	0.673974 3 0  4 720 
1.85469	0.677463 3 0  4 720 
1.95174	0.674126 3 0  4 720 
1.88284	0.672825 3 0  4 720 
1.96237	0.683262 3 0  4 720 
1.84551	0.68556 3 0  4 720 
2.00953	0.674402 3 0  4 720 
1.85192	0.685807 3 0  4 720 
2.00952	0.681855 3 0  4 720 
1.8334	0.682971 3 0  4 720 
1.99061	0.674691 3 0  4 720 
1.84774	0.675476 3 0  4 720 
1.91465	0.683033 3 0  4 720 
1.90917	0.674608 3 0  4 720 
1.93915	0.684362 3 0  4 720 
1.86912	0.675194 3 0  4 720 
1.97185	0.674485 3 0  4 720 
1.86659	0.675674 3 0  4 720 
1.8277	0.673231 3 0  4 720 
1.92552	0.675568 3 0  4 720 
1.95587	0.675898 3 0  4 720 
1.88868	0.684378 3 0  4 720 
1.96789	0.684884 3 0  4 720 
1.94177	0.676354 3 0  4 720 
1.95964	0.678491 3 0  4 720 
1.88882	0.674179 3 0  4 720 
1.97453	0.683009 3 0  4 720 
1.89135	0.674752 3 0  4 720 
1.97891	0.68265 3 0  4 720 
1.87549	0.677595 3 0  4 720 
1.98164	0.682195 3 0  4 720 
1.92767	0.678349 3 0  4 720 
1.96534	0.6822 3 0  4 720 
1.85954	0.686258 3 0  4 720 
1.95809	0.681463 3 0  4 720 
1.87013	0.683445 3 0  4 720 
1.94812	0.680618 3 0  4 720 
1.91254	0.676061 3 0  4 720 
1.94449	0.684464 3 0  4 720 
1.89014	0.672967 3 0  4 720 
1.8927	0.682616 3 0  4 720 
