1	0	0.237648
2	84	0.322071
-----------------------
1	0	0.268772
2	84	0.346465
-----------------------
1	0	1.24905
2	0	1.28787
3	84	1.30141
4	168	1.31415
5	252	1.33568
6	336	1.35409
7	420	1.37859
8	504	1.40052
9	588	1.44922
10	672	1.50216
11	756	1.52745
12	840	1.5492
-----------------------
1	0	1.34366
2	0	1.35618
3	84	1.37904
4	168	1.39947
5	252	1.42923
6	336	1.46266
7	420	1.51002
8	504	1.52953
9	588	1.55447
10	672	1.57114
11	756	1.6034
12	840	1.62337
-----------------------
1	0	0.0783016
2	0	0.115765
3	84	0.144729
4	168	0.160285
5	252	0.184194
6	336	0.205214
7	420	0.223038
8	504	0.238749
9	588	0.252196
10	672	0.2632
11	756	0.274303
-----------------------
1	0	0.301895
2	84	0.310634
-----------------------
1	0	0.242886
2	0	0.262444
3	84	0.295236
4	168	0.316145
5	252	0.363302
6	336	0.383619
7	420	0.43713
8	504	0.477639
9	588	0.517136
10	672	0.544504
11	756	0.573879
12	840	0.591645
-----------------------
1	0	0.223858
2	0	0.253846
3	84	0.292722
4	168	0.344864
5	252	0.381869
6	336	0.409731
7	420	0.435711
8	504	0.448072
9	588	0.469984
10	672	0.485091
11	756	0.503866
12	840	0.536115
-----------------------
1	0	0.242056
-----------------------
1	0	0.0951698
2	0	0.114263
3	84	0.141181
4	168	0.189013
5	252	0.227382
6	336	0.237485
7	420	0.247755
8	504	0.260635
9	588	0.276241
10	672	0.295634
11	756	0.314
-----------------------
1	0	0.426802
-----------------------
1	0	0.147596
2	0	0.180428
3	84	0.229363
4	168	0.251028
5	252	0.273824
6	336	0.290319
7	420	0.30715
8	504	0.324037
9	588	0.38154
10	672	0.406479
11	756	0.424089
12	840	0.444301
-----------------------
1	0	0.116536
2	0	0.125817
3	84	0.162021
4	168	0.209409
5	252	0.249648
6	336	0.273172
7	420	0.302556
8	504	0.313618
9	588	0.3299
10	672	0.340311
11	756	0.353415
-----------------------
1	0	0.479016
-----------------------
1	0	0.215802
-----------------------
1	0	0.357653
-----------------------
1	0	0.50601
2	0	0.53933
3	84	0.583068
4	168	0.602119
-----------------------
1	0	0.172715
2	0	0.185017
3	84	0.204305
4	168	0.221991
5	252	0.241617
6	336	0.26512
7	420	0.297696
8	504	0.327989
9	588	0.383647
10	672	0.431317
11	756	0.456698
12	840	0.466831
-----------------------
1	0	0.35009
-----------------------
1	0	0.108045
2	0	0.12199
3	84	0.1475
4	168	0.163398
5	252	0.184387
6	336	0.20477
7	420	0.219659
8	504	0.251607
9	588	0.277811
10	672	0.322569
11	756	0.336522
12	840	0.349393
-----------------------
1	0	0.0955015
2	0	0.107621
3	84	0.134749
4	168	0.143996
-----------------------
1	0	0.332768
-----------------------
1	0	0.368811
-----------------------
1	0	0.560228
-----------------------
1	0	0.459896
-----------------------
1	0	0.417844
-----------------------
1	0	0.44885
-----------------------
1	0	0.482647
-----------------------
1	0	0.51383
2	0	0.526786
-----------------------
1	0	0.498762
2	0	0.548091
3	84	0.590084
-----------------------
1	0	0.63238
-----------------------
1	0	0.396905
2	0	0.435258
3	84	0.458312
4	168	0.496362
5	252	0.511443
6	336	0.538787
7	420	0.603413
8	504	0.638692
9	588	0.665422
-----------------------
1	0	0.247974
2	0	0.263932
3	84	0.303326
4	168	0.358682
5	252	0.397081
6	336	0.416583
7	420	0.449076
8	504	0.481097
9	588	0.525035
-----------------------
1	0	0.105102
2	0	0.123108
3	84	0.162
4	168	0.183659
5	252	0.20611
6	336	0.240407
7	420	0.263905
8	504	0.275309
9	588	0.289747
10	672	0.299861
11	756	0.322319
-----------------------
1	0	0.294399
2	84	0.302144
3	168	0.331004
4	252	0.352559
-----------------------
1	0	0.111663
2	0	0.150214
3	84	0.184497
4	168	0.222633
5	252	0.243351
6	336	0.261252
7	420	0.291907
8	504	0.312508
-----------------------
1	0	0.26265
2	0	0.284187
3	84	0.309562
4	168	0.349293
5	252	0.392108
6	336	0.410294
7	420	0.427249
8	504	0.455982
9	588	0.481318
10	672	0.500042
11	756	0.518003
12	840	0.554337
-----------------------
1	0	0.182985
2	84	0.225014
3	168	0.263233
4	252	0.299447
5	336	0.324298
6	420	0.346441
7	504	0.370497
8	588	0.393066
9	672	0.422108
10	756	0.446697
11	840	0.479827
12	924	0.497965
-----------------------
1	0	0.154188
2	0	0.176748
3	84	0.236595
4	168	0.265887
5	252	0.292004
6	336	0.324889
7	420	0.360648
8	504	0.38178
9	588	0.410037
10	672	0.432211
11	756	0.448008
12	840	0.462912
-----------------------
1	0	0.134332
-----------------------
1	0	0.153055
-----------------------
1	0	0.654835
2	84	0.663968
3	168	0.67419
4	252	0.682787
-----------------------
1	0	0.665836
-----------------------
1	0	0.280125
2	84	0.297444
3	168	0.313174
4	252	0.32401
-----------------------
1	0	0.316973
-----------------------
1	0	0.397984
-----------------------
1	0	0.228045
2	0	0.268931
3	84	0.297831
4	168	0.35418
5	252	0.379302
6	336	0.396471
7	420	0.430219
8	504	0.465357
9	588	0.490684
10	672	0.504122
11	756	0.51642
12	840	0.529962
-----------------------
1	0	0.364036
-----------------------
1	0	0.364069
-----------------------
1	0	0.235232
2	84	0.27093
3	168	0.296141
4	252	0.333841
5	336	0.351903
6	420	0.379587
7	504	0.41695
8	588	0.441127
9	672	0.469437
-----------------------
1	0	0.298022
2	0	0.3422
3	84	0.367984
4	168	0.398268
5	252	0.422107
6	336	0.464647
7	420	0.518322
8	504	0.539951
9	588	0.56228
-----------------------
1	0	0.370811
-----------------------
1	0	0.111029
2	0	0.125158
3	84	0.142576
4	168	0.185053
5	252	0.202321
6	336	0.219536
7	420	0.247237
8	504	0.295647
9	588	0.321502
10	672	0.357682
-----------------------
1	0	0.36752
-----------------------
1	0	0.39272
-----------------------
1	0	0.425831
-----------------------
1	0	0.187576
2	0	0.205191
3	84	0.225893
4	168	0.242957
5	252	0.28203
6	336	0.316651
7	420	0.346954
8	504	0.373098
9	588	0.410165
10	672	0.443475
11	756	0.472003
12	840	0.49893
-----------------------
1	0	0.292297
-----------------------
1	0	0.301007
-----------------------
1	0	0.3866
-----------------------
1	0	0.31344
2	0	0.321731
3	84	0.347593
4	168	0.369761
5	252	0.38967
6	336	0.408655
7	420	0.424245
8	504	0.445679
9	588	0.470146
10	672	0.484814
11	756	0.495629
12	840	0.506502
-----------------------
1	0	0.516804
2	84	0.554274
-----------------------
1	0	0.0558075
2	0	0.110511
3	84	0.131726
4	168	0.144952
5	252	0.192311
6	336	0.209321
7	420	0.230021
8	504	0.25696
9	588	0.29294
10	672	0.30725
11	756	0.338707
12	840	0.375139
-----------------------
1	0	0.380623
-----------------------
1	0	0.325472
-----------------------
1	0	0.245661
-----------------------
1	0	0.298773
2	0	0.332543
3	84	0.348002
4	168	0.371955
5	252	0.41729
6	336	0.434908
7	420	0.475668
8	504	0.532405
9	588	0.56391
10	672	0.574608
-----------------------
1	0	0.500629
-----------------------
1	0	0.411128
-----------------------
1	0	0.293554
2	0	0.30748
3	84	0.326518
4	168	0.363807
5	252	0.399562
6	336	0.436827
7	420	0.459955
8	504	0.474743
9	588	0.505327
10	672	0.520299
11	756	0.540429
12	840	0.564906
-----------------------
1	0	0.0869936
2	0	0.114444
3	84	0.148753
4	168	0.169482
5	252	0.1896
6	336	0.204088
7	420	0.221703
8	504	0.24166
9	588	0.261142
10	672	0.271607
11	756	0.298362
12	840	0.320149
-----------------------
1	0	0.418926
-----------------------
1	0	0.252653
-----------------------
1	0	0.142194
2	0	0.166175
3	84	0.17584
4	168	0.216055
5	252	0.249057
6	336	0.287048
7	420	0.305181
8	504	0.31847
9	588	0.333702
10	672	0.356964
11	756	0.373486
12	840	0.384431
-----------------------
1	0	0.358227
-----------------------
1	0	0.0905664
2	0	0.134486
3	84	0.174929
4	168	0.194447
5	252	0.218706
6	336	0.262078
7	420	0.298331
8	504	0.326579
9	588	0.355312
10	672	0.369309
11	756	0.384834
12	840	0.415656
-----------------------
1	0	0.405778
-----------------------
1	0	0.104921
2	0	0.128873
3	84	0.14608
4	168	0.161414
5	252	0.179599
6	336	0.206894
7	420	0.240634
8	504	0.26441
9	588	0.290896
10	672	0.314992
11	756	0.348917
12	840	0.369825
-----------------------
1	0	0.080693
2	0	0.105479
3	84	0.141112
4	168	0.158393
5	252	0.170084
6	336	0.17903
7	420	0.192446
8	504	0.212039
9	588	0.230128
10	672	0.240431
11	756	0.253635
12	840	0.267547
-----------------------
1	0	0.405387
-----------------------
1	0	0.383131
-----------------------
1	0	0.255859
2	0	0.26678
3	84	0.285462
4	168	0.316947
5	252	0.33661
6	336	0.358934
7	420	0.379259
8	504	0.435539
9	588	0.468707
10	672	0.489501
11	756	0.507746
12	840	0.520378
-----------------------
1	0	0.390522
-----------------------
1	0	0.138157
2	0	0.170134
3	84	0.205873
4	168	0.234738
5	252	0.259974
6	336	0.275732
7	420	0.294034
8	504	0.320417
9	588	0.347377
10	672	0.381706
11	756	0.428869
12	840	0.460893
-----------------------
1	0	0.367691
-----------------------
1	0	0.0869882
2	0	0.103483
3	84	0.136368
4	168	0.157522
5	252	0.179286
6	336	0.197995
7	420	0.219054
8	504	0.240193
9	588	0.27647
10	672	0.291759
11	756	0.320054
12	840	0.331652
-----------------------
1	0	0.366463
-----------------------
1	0	0.126552
2	0	0.150994
3	84	0.163152
4	168	0.176909
5	252	0.201137
6	336	0.219006
7	420	0.233679
8	504	0.251871
9	588	0.270544
10	672	0.282073
11	756	0.295152
12	840	0.318139
-----------------------
1	0	0.108329
2	0	0.115921
3	84	0.193218
4	168	0.205211
5	252	0.223426
6	336	0.252085
7	420	0.291903
8	504	0.321749
9	588	0.34129
10	672	0.351899
11	756	0.364705
12	840	0.382727
-----------------------
1	0	0.400176
-----------------------
1	0	0.305894
-----------------------
1	0	0.131334
2	0	0.137674
3	84	0.1603
4	168	0.187381
5	252	0.234774
6	336	0.245401
7	420	0.284396
8	504	0.306016
9	588	0.341168
10	672	0.356066
11	756	0.38218
12	840	0.395322
-----------------------
1	0	0.335238
-----------------------
1	0	0.109734
2	0	0.116452
3	84	0.138451
4	168	0.17188
5	252	0.19452
6	336	0.225993
7	420	0.239395
8	504	0.255913
9	588	0.274297
10	672	0.300595
11	756	0.32307
12	840	0.394894
-----------------------
1	0	0.291748
-----------------------
1	0	0.0707627
2	0	0.0856352
3	84	0.132473
4	168	0.156189
5	252	0.180481
6	336	0.200235
7	420	0.211662
8	504	0.246568
9	588	0.268297
10	672	0.281412
11	756	0.297713
12	840	0.308584
-----------------------
1	0	0.323487
-----------------------
1	0	0.0937188
2	0	0.126263
3	84	0.149172
4	168	0.16635
5	252	0.190498
6	336	0.207136
7	420	0.240912
8	504	0.264448
9	588	0.314193
10	672	0.342338
11	756	0.366531
12	840	0.386088
-----------------------
1	0	0.406745
-----------------------
1	0	0.137554
2	0	0.152985
3	84	0.176961
4	168	0.206142
5	252	0.235581
6	336	0.257514
7	420	0.279808
8	504	0.313783
9	588	0.343485
10	672	0.36237
11	756	0.395863
12	840	0.408147
-----------------------
1	0	0.327806
-----------------------
1	0	0.121961
2	0	0.130789
3	84	0.154235
4	168	0.174305
5	252	0.194442
6	336	0.210876
7	420	0.238062
8	504	0.251734
9	588	0.328564
10	672	0.350246
11	756	0.374409
12	840	0.400188
-----------------------
1	0	0.314416
-----------------------
1	0	0.0801611
2	0	0.11213
3	84	0.124285
4	168	0.138202
5	252	0.170052
6	336	0.201622
7	420	0.232427
8	504	0.262446
9	588	0.314447
10	672	0.348564
11	756	0.384372
12	840	0.413594
-----------------------
1	0	0.115113
2	84	0.139993
3	168	0.173806
4	252	0.199856
5	336	0.222589
6	420	0.238021
7	504	0.271738
8	588	0.307397
9	672	0.329047
10	756	0.361785
11	840	0.401684
12	924	0.449326
-----------------------
1	0	0.096173
2	0	0.149345
3	84	0.189397
4	168	0.237696
5	252	0.289154
6	336	0.338472
7	420	0.353394
8	504	0.374272
9	588	0.404354
10	672	0.430302
11	756	0.472746
12	840	0.522401
-----------------------
1	0	0.135843
2	84	0.170344
3	168	0.218871
4	252	0.259475
5	336	0.269857
6	420	0.311592
7	504	0.328428
8	588	0.362321
9	672	0.396193
10	756	0.431082
11	840	0.458357
12	924	0.49584
-----------------------
1	0	0.0629905
2	0	0.0974632
3	84	0.126865
4	168	0.164155
5	252	0.192605
6	336	0.230462
7	420	0.242968
8	504	0.254846
9	588	0.304732
10	672	0.340806
11	756	0.36847
12	840	0.401945
-----------------------
1	0	0.153461
2	84	0.176385
3	168	0.194578
4	252	0.246474
5	336	0.270849
6	420	0.305889
7	504	0.33085
8	588	0.368635
9	672	0.398932
10	756	0.425984
11	840	0.446806
12	924	0.468413
-----------------------
1	0	0.128896
2	0	0.155032
3	84	0.195607
4	168	0.21998
5	252	0.244745
6	336	0.264847
7	420	0.294558
8	504	0.308545
9	588	0.333423
10	672	0.357567
11	756	0.381441
12	840	0.403309
-----------------------
1	0	0.198889
2	84	0.224128
3	168	0.247201
4	252	0.267783
5	336	0.286028
6	420	0.304269
7	504	0.326679
8	588	0.352721
9	672	0.379144
10	756	0.400973
11	840	0.42829
12	924	0.457203
-----------------------
1	0	0.131909
2	0	0.148072
3	84	0.180437
4	168	0.199454
5	252	0.222398
6	336	0.251921
7	420	0.273977
8	504	0.295573
9	588	0.334661
10	672	0.353306
11	756	0.367591
12	840	0.401533
-----------------------
1	0	0.300012
-----------------------
1	0	0.167838
2	84	0.187442
3	168	0.231303
4	252	0.272178
5	336	0.29594
6	420	0.316956
7	504	0.349102
8	588	0.396992
9	672	0.418014
10	756	0.451973
11	840	0.46659
12	924	0.49577
-----------------------
1	0	0.402718
-----------------------
1	0	0.147064
2	84	0.185501
3	168	0.225995
4	252	0.277382
5	336	0.290004
6	420	0.298564
7	504	0.318944
8	588	0.333209
9	672	0.36802
10	756	0.378321
11	840	0.389185
12	924	0.399148
-----------------------
1	0	0.24556
-----------------------
1	0	0.209383
2	84	0.228684
3	168	0.269582
4	252	0.304949
5	336	0.328422
6	420	0.339288
7	504	0.363182
8	588	0.383577
9	672	0.416314
10	756	0.438019
11	840	0.461021
12	924	0.478563
-----------------------
1	0	0.322775
-----------------------
1	0	0.447471
-----------------------
1	0	0.392076
2	84	0.433489
3	168	0.451036
4	252	0.4894
5	336	0.509889
-----------------------
1	0	0.184234
2	84	0.195523
3	168	0.217829
4	252	0.229446
5	336	0.245634
6	420	0.266278
7	504	0.282428
8	588	0.300361
9	672	0.326418
10	756	0.345662
11	840	0.369799
12	924	0.39287
-----------------------
1	0	0.278546
2	84	0.303263
3	168	0.327981
4	252	0.356594
5	336	0.396155
-----------------------
1	0	0.125195
2	0	0.146835
3	84	0.161956
4	168	0.232347
5	252	0.250075
6	336	0.273984
7	420	0.324783
8	504	0.37497
9	588	0.422514
10	672	0.459772
11	756	0.491876
12	840	0.525172
-----------------------
1	0	0.207114
2	0	0.246152
3	84	0.275063
4	168	0.324822
5	252	0.366878
6	336	0.404028
7	420	0.434722
8	504	0.472002
9	588	0.51001
10	672	0.521715
11	756	0.550578
12	840	0.560637
-----------------------
1	0	0.16709
-----------------------
1	0	0.112466
2	84	0.13996
3	168	0.202065
4	252	0.21331
5	336	0.26528
6	420	0.288006
7	504	0.315353
8	588	0.352257
9	672	0.371241
10	756	0.391947
11	840	0.404592
12	924	0.415241
-----------------------
1	0	0.171636
2	84	0.186401
3	168	0.204811
4	252	0.227793
5	336	0.250662
6	420	0.272024
7	504	0.289873
8	588	0.305165
9	672	0.316335
10	756	0.32725
11	840	0.33875
12	924	0.349087
-----------------------
1	0	0.539331
-----------------------
1	0	0.284658
2	84	0.324181
3	168	0.337007
-----------------------
1	0	0.318284
-----------------------
1	0	0.447453
-----------------------
1	0	0.479977
-----------------------
1	0	0.434851
-----------------------
1	0	0.236927
2	84	0.263354
3	168	0.300166
4	252	0.341198
5	336	0.363297
6	420	0.376623
7	504	0.406596
8	588	0.432124
9	672	0.445511
10	756	0.456879
11	840	0.468063
12	924	0.519157
-----------------------
1	0	0.326415
-----------------------
1	0	0.155021
2	84	0.176622
3	168	0.204687
4	252	0.227203
5	336	0.245931
6	420	0.265194
7	504	0.284413
8	588	0.320153
9	672	0.338641
10	756	0.352773
11	840	0.395572
12	924	0.413364
-----------------------
1	0	0.157759
2	84	0.174656
3	168	0.18977
4	252	0.211048
5	336	0.231165
6	420	0.250319
7	504	0.266957
8	588	0.281658
9	672	0.295083
10	756	0.309392
11	840	0.327542
12	924	0.341983
-----------------------
1	0	0.424966
-----------------------
1	0	0.0778998
2	0	0.11314
3	84	0.125623
4	168	0.144088
5	252	0.162964
6	336	0.182917
7	420	0.19642
8	504	0.21431
9	588	0.236715
10	672	0.264148
11	756	0.284517
12	840	0.29939
-----------------------
1	0	0.512863
-----------------------
1	0	0.140006
2	0	0.168624
3	84	0.184642
4	168	0.207656
5	252	0.23686
6	336	0.277611
7	420	0.31056
8	504	0.336735
9	588	0.354763
10	672	0.369093
11	756	0.379696
12	840	0.39213
-----------------------
1	0	0.425309
-----------------------
1	0	0.109503
2	0	0.124332
3	84	0.156526
4	168	0.178068
5	252	0.212458
6	336	0.241651
7	420	0.26536
8	504	0.312502
9	588	0.357545
10	672	0.407142
11	756	0.435121
12	840	0.455789
-----------------------
1	0	0.359039
-----------------------
1	0	0.0924554
2	0	0.111043
3	84	0.152939
4	168	0.167272
5	252	0.197668
6	336	0.214733
7	420	0.232114
8	504	0.290109
9	588	0.304844
10	672	0.360912
11	756	0.389058
12	840	0.416521
-----------------------
1	0	0.319966
-----------------------
1	0	0.111997
2	0	0.1253
3	84	0.159837
4	168	0.188075
5	252	0.243695
6	336	0.255164
7	420	0.289921
8	504	0.328131
9	588	0.349067
10	672	0.360081
11	756	0.370096
12	840	0.380275
-----------------------
1	0	0.299563
-----------------------
1	0	0.283028
-----------------------
1	0	0.16562
2	0	0.187869
3	84	0.235071
4	168	0.25955
5	252	0.301772
6	336	0.325067
7	420	0.355033
8	504	0.381089
9	588	0.415356
10	672	0.43552
11	756	0.44841
12	840	0.50285
-----------------------
1	0	0.38945
-----------------------
1	0	0.114578
2	0	0.144319
3	84	0.165095
4	168	0.183168
5	252	0.205644
6	336	0.215091
7	420	0.231229
8	504	0.248404
9	588	0.27963
10	672	0.294004
11	756	0.31471
12	840	0.329198
-----------------------
1	0	0.305454
-----------------------
1	0	0.108297
2	0	0.13115
3	84	0.147483
4	168	0.16535
5	252	0.194465
6	336	0.217574
7	420	0.252235
8	504	0.282633
9	588	0.296729
10	672	0.31446
11	756	0.328965
-----------------------
1	0	0.105804
2	0	0.171837
3	84	0.184518
4	168	0.213524
5	252	0.244453
6	336	0.260422
7	420	0.274997
8	504	0.295769
9	588	0.31031
10	672	0.320366
11	756	0.329956
12	840	0.341708
-----------------------
1	0	0.45178
-----------------------
1	0	0.186579
2	0	0.217023
3	84	0.252253
4	168	0.274905
5	252	0.297606
6	336	0.313364
7	420	0.328732
8	504	0.341184
9	588	0.356313
10	672	0.368413
11	756	0.379879
-----------------------
1	0	0.393047
-----------------------
1	0	0.197155
2	0	0.218865
3	84	0.235999
4	168	0.262279
5	252	0.300748
6	336	0.319564
7	420	0.34162
8	504	0.356803
9	588	0.378365
-----------------------
1	0	0.434445
-----------------------
1	0	0.138319
-----------------------
1	0	0.306688
2	0	0.328582
3	84	0.360857
4	168	0.390006
5	252	0.412905
6	336	0.451023
7	420	0.466902
8	504	0.480082
-----------------------
1	0	0.442484
-----------------------
1	0	0.317882
2	0	0.336432
3	84	0.378411
4	168	0.404792
5	252	0.422677
6	336	0.448174
7	420	0.479273
8	504	0.497166
9	588	0.512342
10	672	0.529148
11	756	0.542185
12	840	0.551965
-----------------------
1	0	0.535393
2	0	0.567569
3	84	0.588473
-----------------------
1	0	0.0817132
2	0	0.0929834
3	84	0.110968
4	168	0.134762
5	252	0.162257
6	336	0.182022
7	420	0.205796
8	504	0.233074
9	588	0.260547
10	672	0.28646
11	756	0.313744
12	840	0.33996
-----------------------
1	0	0.150511
2	0	0.172819
3	84	0.196433
4	168	0.230031
5	252	0.252777
6	336	0.273441
7	420	0.293026
8	504	0.317793
9	588	0.35386
10	672	0.38952
11	756	0.40199
12	840	0.451915
-----------------------
1	0	0.355376
2	84	0.422488
3	168	0.450052
4	252	0.492535
5	336	0.541158
6	420	0.57458
7	504	0.596818
8	588	0.613585
9	672	0.655419
10	756	0.680076
11	840	0.721257
12	924	0.760016
-----------------------
1	0	0.129044
2	0	0.172302
3	84	0.20693
4	168	0.245855
5	252	0.286615
6	336	0.335395
7	420	0.356059
8	504	0.374106
9	588	0.397917
10	672	0.420837
11	756	0.470945
12	840	0.502461
-----------------------
1	0	0.117974
2	84	0.176923
3	168	0.204047
4	252	0.237238
5	336	0.261615
6	420	0.273817
7	504	0.295275
8	588	0.325613
9	672	0.359848
10	756	0.409729
11	840	0.447341
12	924	0.4843
-----------------------
1	0	0.0706348
-----------------------
1	0	0.122528
2	0	0.170855
3	84	0.210649
4	168	0.250881
5	252	0.293636
6	336	0.313117
7	420	0.351781
8	504	0.380255
9	588	0.399209
10	672	0.412744
11	756	0.436941
12	840	0.458731
-----------------------
1	0	0.0924505
2	0	0.120115
3	84	0.130108
4	168	0.142672
5	252	0.164698
6	336	0.183662
7	420	0.209486
8	504	0.222679
9	588	0.244186
10	672	0.260695
11	756	0.281839
12	840	0.310971
-----------------------
1	0	0.479527
2	0	0.505915
3	84	0.547764
4	168	0.589318
5	252	0.643835
6	336	0.719646
7	420	0.758191
8	504	0.789864
9	588	0.830237
10	672	0.863789
11	756	0.895717
12	840	0.918226
-----------------------
1	0	0.160944
2	0	0.183595
3	84	0.232272
4	168	0.283996
5	252	0.334478
6	336	0.356932
7	420	0.398339
8	504	0.438418
9	588	0.471178
10	672	0.495013
11	756	0.520637
12	840	0.54699
-----------------------
1	0	0.3178
-----------------------
1	0	0.0923822
2	0	0.11633
3	84	0.136039
4	168	0.173165
5	252	0.207025
6	336	0.22676
7	420	0.258954
8	504	0.283199
9	588	0.305094
10	672	0.320487
11	756	0.333131
12	840	0.366107
-----------------------
1	0	0.338813
-----------------------
1	0	0.0566383
2	0	0.085722
3	84	0.117121
4	168	0.148187
5	252	0.176495
6	336	0.184713
7	420	0.212879
8	504	0.237217
9	588	0.267869
10	672	0.300155
11	756	0.317857
12	840	0.344522
-----------------------
1	0	0.404083
-----------------------
1	0	0.0806151
2	0	0.124271
3	84	0.135907
4	168	0.150047
5	252	0.185133
6	336	0.20392
7	420	0.218851
8	504	0.267899
9	588	0.309729
10	672	0.325042
11	756	0.336496
12	840	0.352812
-----------------------
1	0	0.348002
-----------------------
1	0	0.110306
2	0	0.12687
3	84	0.162419
4	168	0.189073
5	252	0.214276
6	336	0.235171
7	420	0.262846
8	504	0.290206
9	588	0.331724
10	672	0.35543
11	756	0.366112
12	840	0.404163
-----------------------
1	0	0.304958
-----------------------
1	0	0.0989372
2	0	0.106333
3	84	0.122504
4	168	0.14962
5	252	0.16357
6	336	0.183116
7	420	0.201653
8	504	0.224065
9	588	0.247555
10	672	0.269634
11	756	0.284546
12	840	0.300843
-----------------------
1	0	0.344746
-----------------------
1	0	0.106
2	0	0.135701
3	84	0.174604
4	168	0.225363
5	252	0.24925
6	336	0.268116
7	420	0.278795
8	504	0.299422
9	588	0.318478
10	672	0.328798
11	756	0.345418
12	840	0.373408
-----------------------
1	0	0.0751101
2	0	0.122763
3	84	0.151455
4	168	0.169052
5	252	0.193603
6	336	0.208471
7	420	0.229055
8	504	0.25174
9	588	0.266688
10	672	0.277201
11	756	0.291287
12	840	0.304124
-----------------------
1	0	0.482334
-----------------------
1	0	0.303204
-----------------------
1	0	0.171053
2	0	0.198929
3	84	0.241692
4	168	0.26931
5	252	0.30121
6	336	0.340042
7	420	0.349703
8	504	0.369469
9	588	0.402073
10	672	0.430756
11	756	0.46159
12	840	0.478899
-----------------------
1	0	0.369635
-----------------------
1	0	0.113299
2	0	0.123041
3	84	0.133853
4	168	0.177164
5	252	0.194319
6	336	0.209528
7	420	0.228048
8	504	0.254702
9	588	0.283492
10	672	0.302608
11	756	0.332533
12	840	0.351224
-----------------------
1	0	0.107762
-----------------------
1	0	0.519788
-----------------------
1	0	0.600751
-----------------------
1	0	0.189654
2	0	0.204237
3	84	0.282908
4	168	0.332226
5	252	0.356483
6	336	0.384175
7	420	0.407931
8	504	0.429371
9	588	0.448105
10	672	0.46118
11	756	0.472605
12	840	0.48349
-----------------------
1	0	0.487079
-----------------------
1	0	0.141861
2	0	0.155012
3	84	0.182541
4	168	0.228722
5	252	0.257344
6	336	0.309133
7	420	0.351171
8	504	0.366753
9	588	0.393288
10	672	0.405684
11	756	0.417847
12	840	0.428444
-----------------------
1	0	0.162731
2	0	0.202214
3	84	0.211734
4	168	0.22854
5	252	0.251413
6	336	0.266164
7	420	0.282297
8	504	0.306966
9	588	0.333448
10	672	0.347833
11	756	0.362899
12	840	0.373912
-----------------------
1	0	0.624037
-----------------------
1	0	0.332667
-----------------------
1	0	0.146173
2	0	0.216376
3	84	0.249564
4	168	0.278527
5	252	0.293728
6	336	0.338959
7	420	0.359793
8	504	0.397061
9	588	0.421736
10	672	0.442503
11	756	0.463331
12	840	0.480079
-----------------------
1	0	0.0992604
2	0	0.145556
3	84	0.156334
4	168	0.189028
5	252	0.229337
6	336	0.252977
7	420	0.274713
8	504	0.307421
9	588	0.321665
10	672	0.334088
11	756	0.34517
12	840	0.357887
-----------------------
1	0	0.427366
-----------------------
1	0	0.308838
-----------------------
1	0	0.0794935
2	0	0.136924
3	84	0.149114
4	168	0.179019
5	252	0.207519
6	336	0.239175
7	420	0.253695
8	504	0.286525
9	588	0.301799
10	672	0.317997
11	756	0.329425
12	840	0.351263
-----------------------
1	0	0.299162
-----------------------
1	0	0.112782
2	0	0.145041
3	84	0.172747
4	168	0.204635
5	252	0.25427
6	336	0.301841
7	420	0.330832
8	504	0.357252
9	588	0.393073
10	672	0.414017
11	756	0.426359
12	840	0.454336
-----------------------
1	0	0.0981686
2	0	0.129305
3	84	0.156267
4	168	0.173178
5	252	0.190683
6	336	0.207218
7	420	0.224692
8	504	0.256855
9	588	0.274754
10	672	0.291896
11	756	0.325206
12	840	0.341946
-----------------------
1	0	0.602841
-----------------------
1	0	0.156219
2	0	0.195252
3	84	0.221436
4	168	0.237138
5	252	0.258013
6	336	0.286556
7	420	0.321807
8	504	0.342707
9	588	0.35872
10	672	0.373876
11	756	0.39968
12	840	0.436969
-----------------------
1	0	0.372251
2	84	0.400865
3	168	0.44701
4	252	0.482556
5	336	0.516264
6	420	0.54352
7	504	0.579753
8	588	0.621294
9	672	0.647888
-----------------------
1	0	0.0757972
2	0	0.0960803
3	84	0.1582
-----------------------
1	0	0.099176
2	0	0.125614
3	84	0.159306
4	168	0.193832
5	252	0.215967
6	336	0.243495
7	420	0.268319
8	504	0.284897
9	588	0.310074
10	672	0.340626
11	756	0.396433
12	840	0.422695
-----------------------
1	0	0.206598
-----------------------
1	0	0.112511
2	0	0.128733
3	84	0.145565
4	168	0.165653
5	252	0.217543
6	336	0.249479
7	420	0.272226
8	504	0.305412
9	588	0.331398
10	672	0.358101
11	756	0.372863
12	840	0.388005
-----------------------
1	0	0.0943189
2	0	0.12527
3	84	0.140621
4	168	0.158543
5	252	0.187887
6	336	0.218606
7	420	0.248557
8	504	0.277962
9	588	0.302298
10	672	0.320465
11	756	0.341618
12	840	0.354082
-----------------------
1	0	0.61598
-----------------------
1	0	0.1334
2	0	0.148946
3	84	0.18353
4	168	0.205811
5	252	0.249204
6	336	0.292992
7	420	0.320725
8	504	0.3505
9	588	0.378735
10	672	0.392961
11	756	0.407478
12	840	0.419103
-----------------------
1	0	0.456559
-----------------------
1	0	0.168284
-----------------------
1	0	0.134277
2	0	0.16642
3	84	0.185783
4	168	0.214766
5	252	0.254909
6	336	0.270488
7	420	0.290621
8	504	0.338104
9	588	0.356782
10	672	0.400941
11	756	0.412208
12	840	0.425763
-----------------------
1	0	0.122887
2	0	0.158994
3	84	0.193675
4	168	0.217556
5	252	0.239202
6	336	0.259041
7	420	0.289274
8	504	0.301568
9	588	0.324782
10	672	0.341618
11	756	0.355631
12	840	0.38075
-----------------------
1	0	0.705086
-----------------------
1	0	0.105359
2	0	0.123239
3	84	0.156596
4	168	0.169294
5	252	0.203629
6	336	0.223402
7	420	0.239947
8	504	0.255206
9	588	0.299752
10	672	0.323129
11	756	0.34662
-----------------------
1	0	0.375718
-----------------------
1	0	0.092021
2	0	0.104892
3	84	0.113487
4	168	0.130745
5	252	0.14006
6	336	0.157378
7	420	0.166908
8	504	0.188004
9	588	0.211538
10	672	0.238422
11	756	0.251206
12	840	0.262165
-----------------------
1	0	0.059496
2	0	0.0852688
3	84	0.107217
4	168	0.136965
5	252	0.164364
6	336	0.193995
7	420	0.209597
8	504	0.24167
9	588	0.258723
10	672	0.271941
11	756	0.282172
-----------------------
1	0	0.406308
-----------------------
1	0	0.357509
-----------------------
1	0	0.200371
2	0	0.222164
3	84	0.254353
4	168	0.283554
5	252	0.324778
6	336	0.343703
7	420	0.375588
8	504	0.396201
9	588	0.414843
10	672	0.445444
11	756	0.473469
12	840	0.489749
-----------------------
1	0	0.274745
-----------------------
1	0	0.0811634
2	0	0.0905887
3	84	0.108011
4	168	0.13299
5	252	0.150232
6	336	0.16631
7	420	0.186781
8	504	0.219594
9	588	0.243684
10	672	0.259376
11	756	0.273547
-----------------------
1	0	0.387902
-----------------------
1	0	0.135311
2	0	0.155905
3	84	0.172334
4	168	0.208126
5	252	0.240334
6	336	0.263632
7	420	0.280729
8	504	0.307488
9	588	0.347906
10	672	0.359893
11	756	0.384324
12	840	0.416981
-----------------------
1	0	0.185681
2	0	0.206459
3	84	0.243522
4	168	0.26215
5	252	0.300581
6	336	0.327493
7	420	0.343231
8	504	0.373048
9	588	0.432313
10	672	0.443791
11	756	0.456124
12	840	0.467605
-----------------------
1	0	0.599549
-----------------------
1	0	0.111766
-----------------------
1	0	0.169086
2	0	0.195044
3	84	0.215192
4	168	0.238622
5	252	0.280556
6	336	0.30506
7	420	0.359002
8	504	0.383756
9	588	0.419219
10	672	0.433113
11	756	0.444159
12	840	0.455318
-----------------------
1	0	0.0864276
2	0	0.0999675
3	84	0.150585
4	168	0.159918
5	252	0.203493
6	336	0.229735
7	420	0.261749
8	504	0.284434
9	588	0.316789
10	672	0.333845
11	756	0.34484
12	840	0.35865
-----------------------
1	0	0.603421
-----------------------
1	0	0.189387
2	0	0.226585
3	84	0.243786
4	168	0.294085
-----------------------
1	0	0.15295
2	0	0.166415
3	84	0.209533
4	168	0.223729
5	252	0.252124
6	336	0.287434
7	420	0.303921
8	504	0.344651
9	588	0.378272
10	672	0.400768
11	756	0.417167
12	840	0.436584
-----------------------
1	0	0.0888819
2	0	0.111366
3	84	0.167159
4	168	0.185095
5	252	0.209583
6	336	0.24249
7	420	0.268001
8	504	0.307709
9	588	0.337312
10	672	0.359758
11	756	0.382436
12	840	0.40881
-----------------------
1	0	0.521153
-----------------------
1	0	0.131589
2	0	0.145849
3	84	0.161314
4	168	0.189779
5	252	0.221256
6	336	0.23421
7	420	0.256813
8	504	0.273572
9	588	0.290173
10	672	0.304695
11	756	0.321064
12	840	0.331975
-----------------------
1	0	0.351138
-----------------------
1	0	0.222297
2	0	0.263434
3	84	0.282841
4	168	0.327736
5	252	0.344819
6	336	0.364012
7	420	0.384102
8	504	0.419413
9	588	0.46024
10	672	0.489444
11	756	0.512208
12	840	0.535878
-----------------------
1	0	0.245152
2	0	0.274712
3	84	0.298389
4	168	0.328642
5	252	0.363301
6	336	0.401004
7	420	0.424322
8	504	0.448324
9	588	0.474465
10	672	0.487851
11	756	0.519577
-----------------------
1	0	0.126653
-----------------------
1	0	0.0858607
2	0	0.0934518
3	84	0.115525
4	168	0.148445
5	252	0.164047
6	336	0.190137
7	420	0.201187
8	504	0.23138
9	588	0.258911
10	672	0.294745
11	756	0.305364
12	840	0.321633
-----------------------
1	0	0.169685
-----------------------
1	0	0.632404
-----------------------
1	0	0.593717
-----------------------
1	0	0.218253
2	0	0.254323
3	84	0.29902
4	168	0.309703
5	252	0.356847
6	336	0.403345
7	420	0.420628
8	504	0.454416
9	588	0.490229
10	672	0.517598
11	756	0.542992
12	840	0.562267
-----------------------
1	0	0.468534
-----------------------
1	0	0.128504
2	0	0.141482
3	84	0.168515
4	168	0.194658
5	252	0.248497
6	336	0.271473
7	420	0.300754
8	504	0.346387
9	588	0.37377
10	672	0.392648
11	756	0.414332
12	840	0.429562
-----------------------
1	0	0.438578
-----------------------
1	0	0.0727609
2	0	0.120625
3	84	0.135679
4	168	0.161494
5	252	0.18881
6	336	0.22581
7	420	0.243348
8	504	0.271544
9	588	0.323367
10	672	0.350414
11	756	0.36823
12	840	0.400698
-----------------------
1	0	0.0895098
2	0	0.144301
3	84	0.166353
4	168	0.18049
5	252	0.20561
6	336	0.217465
7	420	0.237614
8	504	0.248599
9	588	0.290431
10	672	0.302833
-----------------------
1	0	0.407821
-----------------------
1	0	0.0905444
-----------------------
1	0	0.466769
-----------------------
1	0	0.657611
2	0	0.690891
3	84	0.726152
4	168	0.747241
5	252	0.779734
6	336	0.793604
7	420	0.835659
8	504	0.867052
9	588	0.895395
-----------------------
1	0	0.466497
-----------------------
1	0	0.402175
-----------------------
1	0	0.212904
2	0	0.255502
3	84	0.270683
4	168	0.286307
5	252	0.310801
6	336	0.327481
7	420	0.34653
8	504	0.358868
9	588	0.408783
10	672	0.434914
11	756	0.455817
-----------------------
1	0	0.104438
2	0	0.165257
3	84	0.179763
4	168	0.196077
5	252	0.220185
6	336	0.237085
7	420	0.25428
8	504	0.2726
9	588	0.292784
10	672	0.305743
11	756	0.317704
-----------------------
1	0	0.581482
-----------------------
1	0	0.146015
2	0	0.173669
3	84	0.189183
4	168	0.208543
5	252	0.268555
6	336	0.304636
7	420	0.341086
8	504	0.368652
9	588	0.39569
10	672	0.416355
11	756	0.43671
-----------------------
1	0	0.645446
-----------------------
1	0	0.177787
2	0	0.198796
3	84	0.212727
4	168	0.232
5	252	0.257566
6	336	0.281685
7	420	0.31017
8	504	0.348406
9	588	0.406538
10	672	0.450851
11	756	0.461659
12	840	0.472658
-----------------------
1	0	0.290547
-----------------------
1	0	0.12993
2	0	0.170723
3	84	0.214887
4	168	0.244349
5	252	0.325257
6	336	0.333487
7	420	0.356478
8	504	0.366362
9	588	0.395806
10	672	0.41006
11	756	0.433594
12	840	0.445573
-----------------------
1	0	0.196014
2	0	0.246937
3	84	0.255925
4	168	0.272009
5	252	0.297335
6	336	0.310835
7	420	0.329409
8	504	0.3575
9	588	0.370889
10	672	0.380963
11	756	0.394179
-----------------------
1	0	0.747978
-----------------------
1	0	0.321901
-----------------------
1	0	0.277502
2	0	0.313739
3	84	0.342841
4	168	0.360087
5	252	0.387194
6	336	0.417232
7	420	0.429037
8	504	0.457766
9	588	0.497748
10	672	0.520598
11	756	0.557464
12	840	0.577316
-----------------------
1	0	0.349432
-----------------------
1	0	0.114018
2	0	0.142354
3	84	0.170342
4	168	0.18386
5	252	0.219559
6	336	0.23869
7	420	0.275068
8	504	0.30493
9	588	0.327127
10	672	0.362717
11	756	0.407525
12	840	0.429697
-----------------------
1	0	0.382274
-----------------------
1	0	0.104207
2	0	0.139184
3	84	0.168333
4	168	0.207918
5	252	0.22873
6	336	0.25254
7	420	0.297048
8	504	0.349301
9	588	0.377323
10	672	0.400343
11	756	0.416147
12	840	0.429466
-----------------------
1	0	0.371781
-----------------------
1	0	0.133632
2	0	0.149597
3	84	0.178998
4	168	0.204262
5	252	0.230322
6	336	0.285285
7	420	0.316951
8	504	0.339984
9	588	0.367578
10	672	0.385911
11	756	0.404612
12	840	0.423771
-----------------------
1	0	0.266681
-----------------------
1	0	0.114953
2	0	0.130679
3	84	0.158528
4	168	0.175487
5	252	0.19938
6	336	0.238845
7	420	0.251902
8	504	0.283271
9	588	0.319051
10	672	0.334915
11	756	0.360065
12	840	0.376666
-----------------------
1	0	0.369272
-----------------------
1	0	0.180328
2	0	0.186469
3	84	0.201062
4	168	0.234798
5	252	0.254364
6	336	0.276312
7	420	0.319277
8	504	0.339898
9	588	0.363657
10	672	0.379734
11	756	0.398904
12	840	0.421208
-----------------------
1	0	0.412893
-----------------------
1	0	0.060068
2	0	0.0772326
3	84	0.0979487
4	168	0.123157
5	252	0.150701
6	336	0.181691
7	420	0.207559
8	504	0.242122
9	588	0.289191
10	672	0.310733
11	756	0.321492
12	840	0.333681
-----------------------
1	0	0.373162
-----------------------
1	0	0.287614
-----------------------
1	0	0.12199
2	0	0.134052
3	84	0.170457
4	168	0.193273
5	252	0.217185
6	336	0.237007
7	420	0.254773
8	504	0.289701
9	588	0.322351
10	672	0.347369
11	756	0.364616
12	840	0.399347
-----------------------
1	0	0.363638
-----------------------
1	0	0.119284
2	0	0.137206
3	84	0.158128
4	168	0.217449
5	252	0.261215
6	336	0.282297
7	420	0.300983
8	504	0.359565
9	588	0.386342
10	672	0.416221
11	756	0.450819
12	840	0.461724
-----------------------
1	0	0.324572
-----------------------
1	0	0.0769083
2	0	0.0897197
3	84	0.12757
4	168	0.142552
5	252	0.168238
6	336	0.184027
7	420	0.213783
8	504	0.250211
9	588	0.274312
10	672	0.30291
11	756	0.345015
-----------------------
1	0	0.106344
-----------------------
1	0	0.259739
-----------------------
1	0	0.561784
-----------------------
1	0	0.466678
2	0	0.477013
3	84	0.517976
4	168	0.532959
5	252	0.566887
6	336	0.585891
7	420	0.596868
8	504	0.652612
9	588	0.67815
10	672	0.68822
11	756	0.724597
-----------------------
1	0	0.405757
-----------------------
1	0	0.151268
2	0	0.170935
3	84	0.202625
4	168	0.225015
5	252	0.245504
6	336	0.266627
7	420	0.274812
8	504	0.305281
9	588	0.33082
10	672	0.349267
11	756	0.375868
12	840	0.391087
-----------------------
1	0	0.0846593
-----------------------
1	0	0.479314
-----------------------
1	0	0.389795
-----------------------
1	0	0.593585
2	0	0.614267
3	84	0.632582
4	168	0.645712
5	252	0.667203
6	336	0.6812
7	420	0.698627
8	504	0.716169
9	588	0.748473
10	672	0.76942
11	756	0.797708
-----------------------
1	0	0.0978213
2	0	0.122843
3	84	0.155211
4	168	0.182525
5	252	0.207713
6	336	0.229991
7	420	0.258662
8	504	0.273601
9	588	0.288395
10	672	0.307387
11	756	0.31892
12	840	0.329777
-----------------------
1	0	0.410245
-----------------------
1	0	0.0732623
2	0	0.105921
3	84	0.122157
4	168	0.150596
5	252	0.175785
6	336	0.198252
7	420	0.226318
8	504	0.252451
9	588	0.280186
10	672	0.297179
11	756	0.309407
12	840	0.320872
-----------------------
1	0	0.302686
-----------------------
1	0	0.301869
-----------------------
1	0	0.178189
2	0	0.194321
3	84	0.226044
4	168	0.272637
5	252	0.31146
6	336	0.337346
7	420	0.354257
8	504	0.375525
9	588	0.397286
10	672	0.42217
11	756	0.444862
12	840	0.469403
-----------------------
1	0	0.376636
-----------------------
1	0	0.0963828
2	0	0.10618
3	84	0.119073
4	168	0.135004
5	252	0.158703
6	336	0.176664
7	420	0.194035
8	504	0.218451
9	588	0.244962
10	672	0.262489
11	756	0.276007
12	840	0.312916
-----------------------
1	0	0.358105
-----------------------
1	0	0.100789
2	0	0.111302
3	84	0.153185
4	168	0.165814
5	252	0.189913
6	336	0.20446
7	420	0.228131
8	504	0.25312
9	588	0.268861
10	672	0.302038
11	756	0.331297
12	840	0.351168
-----------------------
1	0	0.0737608
2	0	0.098072
3	84	0.117167
4	168	0.128233
5	252	0.151556
6	336	0.169389
7	420	0.189221
8	504	0.213947
9	588	0.243206
10	672	0.254107
11	756	0.265839
12	840	0.281332
-----------------------
1	0	0.339216
-----------------------
1	0	0.325907
-----------------------
1	0	0.103042
2	0	0.138189
3	84	0.178563
4	168	0.197945
5	252	0.229968
6	336	0.247962
7	420	0.264542
8	504	0.275807
9	588	0.31146
10	672	0.33993
11	756	0.363945
12	840	0.375006
-----------------------
1	0	0.389596
-----------------------
1	0	0.118929
2	0	0.13964
3	84	0.165043
4	168	0.221858
5	252	0.255579
6	336	0.272189
7	420	0.304698
8	504	0.339587
9	588	0.367453
10	672	0.381913
11	756	0.432352
12	840	0.450404
-----------------------
1	0	0.327032
-----------------------
1	0	0.0966205
2	0	0.120771
3	84	0.133225
4	168	0.159409
5	252	0.180688
6	336	0.198354
7	420	0.224665
8	504	0.277573
9	588	0.304202
10	672	0.314928
11	756	0.326732
12	840	0.347687
-----------------------
1	0	0.400757
-----------------------
1	0	0.17412
2	0	0.188402
3	84	0.21877
4	168	0.259032
5	252	0.277441
6	336	0.297166
7	420	0.325797
8	504	0.362362
9	588	0.400514
10	672	0.410641
11	756	0.430323
12	840	0.449125
-----------------------
1	0	0.35531
-----------------------
1	0	0.0458552
2	0	0.0673515
3	84	0.107709
4	168	0.140042
5	252	0.159605
6	336	0.180451
7	420	0.192064
8	504	0.209216
9	588	0.236232
10	672	0.277119
11	756	0.290226
12	840	0.327308
-----------------------
1	0	0.341941
-----------------------
1	0	0.110385
2	0	0.127292
3	84	0.15353
4	168	0.170865
5	252	0.18834
6	336	0.205659
7	420	0.228477
8	504	0.273121
9	588	0.293109
10	672	0.304076
11	756	0.323721
12	840	0.354851
-----------------------
1	0	0.175828
2	84	0.203845
3	168	0.24504
4	252	0.2746
5	336	0.295766
6	420	0.31909
7	504	0.336531
8	588	0.363105
9	672	0.397611
10	756	0.441872
11	840	0.463715
12	924	0.4994
-----------------------
1	0	0.153188
2	0	0.164878
3	84	0.189958
4	168	0.220029
5	252	0.243577
6	336	0.261418
7	420	0.281945
8	504	0.316864
9	588	0.348014
10	672	0.388744
11	756	0.410641
12	840	0.454973
-----------------------
1	0	0.0783731
-----------------------
1	0	0.188292
2	84	0.200215
3	168	0.217993
4	252	0.243903
5	336	0.262575
6	420	0.28411
7	504	0.312918
8	588	0.327195
9	672	0.339806
10	756	0.352338
11	840	0.365876
12	924	0.375827
-----------------------
1	0	0.163308
2	84	0.179644
3	168	0.20382
4	252	0.231778
5	336	0.252957
6	420	0.303619
7	504	0.321358
8	588	0.350304
9	672	0.378824
10	756	0.395489
11	840	0.437449
12	924	0.466677
-----------------------
1	0	0.458457
2	0	0.483431
3	84	0.517409
4	168	0.553182
5	252	0.574272
6	336	0.601671
7	420	0.63056
8	504	0.646709
9	588	0.695273
10	672	0.724503
-----------------------
1	0	0.0785129
-----------------------
1	0	0.163023
2	84	0.193812
3	168	0.216059
4	252	0.253247
5	336	0.278443
6	420	0.305365
7	504	0.334074
8	588	0.389162
9	672	0.427267
10	756	0.464678
11	840	0.475086
12	924	0.490105
-----------------------
1	0	0.537606
-----------------------
1	0	0.177935
2	84	0.201872
3	168	0.236673
4	252	0.271936
5	336	0.299818
6	420	0.33001
7	504	0.361355
8	588	0.392659
9	672	0.422857
10	756	0.468808
11	840	0.48633
12	924	0.504352
-----------------------
1	0	0.201309
2	0	0.227949
3	84	0.260476
4	168	0.290965
5	252	0.319235
6	336	0.332308
7	420	0.349256
8	504	0.363552
9	588	0.379561
10	672	0.405183
-----------------------
1	0	0.07746
2	0	0.0931749
3	84	0.134856
4	168	0.171484
5	252	0.22884
6	336	0.255025
7	420	0.29537
8	504	0.334906
9	588	0.367527
10	672	0.393087
-----------------------
1	0	0.178556
2	84	0.219764
3	168	0.285586
4	252	0.303616
5	336	0.347144
6	420	0.384475
7	504	0.41565
8	588	0.443897
9	672	0.470478
10	756	0.484124
11	840	0.521265
12	924	0.555996
-----------------------
1	0	0.084049
-----------------------
1	0	0.150068
2	84	0.166477
3	168	0.197885
4	252	0.217335
5	336	0.253437
6	420	0.279334
7	504	0.296738
8	588	0.347479
9	672	0.38143
10	756	0.413903
11	840	0.437202
12	924	0.462145
-----------------------
1	0	0.334778
2	0	0.360984
3	84	0.400258
4	168	0.424685
5	252	0.448179
6	336	0.469292
7	420	0.481551
8	504	0.49993
-----------------------
1	0	0.0844793
2	0	0.110533
3	84	0.140461
4	168	0.162325
5	252	0.186202
6	336	0.201758
7	420	0.229464
8	504	0.253119
9	588	0.308409
10	672	0.349086
11	756	0.376577
12	840	0.402044
-----------------------
1	0	0.183098
2	0	0.21643
3	84	0.269698
4	168	0.308148
5	252	0.336553
6	336	0.361146
7	420	0.385326
8	504	0.40327
9	588	0.418164
-----------------------
1	0	0.2829
-----------------------
1	0	0.100412
2	0	0.126966
3	84	0.162494
4	168	0.187714
5	252	0.208542
6	336	0.222252
7	420	0.244212
8	504	0.260619
9	588	0.281356
10	672	0.293088
11	756	0.336088
12	840	0.354703
-----------------------
1	0	0.433466
-----------------------
1	0	0.121275
2	0	0.153694
3	84	0.178474
4	168	0.220296
5	252	0.254084
6	336	0.287091
7	420	0.316996
8	504	0.350427
9	588	0.382376
10	672	0.408597
11	756	0.426918
12	840	0.456105
-----------------------
1	0	0.123234
2	0	0.146304
3	84	0.163877
4	168	0.20362
5	252	0.230101
6	336	0.261487
7	420	0.280083
8	504	0.302573
9	588	0.344975
10	672	0.378985
11	756	0.395943
-----------------------
1	0	0.128572
2	0	0.165465
3	84	0.192212
4	168	0.210854
5	252	0.233423
6	336	0.275075
7	420	0.310138
8	504	0.33174
9	588	0.357515
10	672	0.372424
11	756	0.440145
12	840	0.456125
-----------------------
1	0	0.0724369
2	0	0.113944
3	84	0.132248
4	168	0.146797
5	252	0.178879
6	336	0.196679
7	420	0.210833
8	504	0.250761
9	588	0.274326
10	672	0.31009
11	756	0.344485
-----------------------
1	0	0.117483
2	0	0.139714
3	84	0.181024
4	168	0.214175
5	252	0.243124
6	336	0.26833
7	420	0.284619
8	504	0.331733
9	588	0.355544
10	672	0.38736
11	756	0.435411
12	840	0.461217
-----------------------
1	0	0.113684
2	0	0.148221
3	84	0.185781
4	168	0.213938
5	252	0.231839
6	336	0.246528
7	420	0.284272
8	504	0.320351
9	588	0.34588
10	672	0.388967
11	756	0.422723
-----------------------
1	0	0.0811865
2	0	0.125645
3	84	0.160064
4	168	0.187235
5	252	0.219681
6	336	0.242129
7	420	0.269454
8	504	0.313361
9	588	0.360463
10	672	0.389581
11	756	0.416003
12	840	0.433764
-----------------------
1	0	0.0999658
2	0	0.140563
3	84	0.179407
4	168	0.212547
5	252	0.239154
6	336	0.253138
7	420	0.282005
8	504	0.293606
9	588	0.33409
10	672	0.375879
-----------------------
1	0	0.0924403
2	0	0.116661
3	84	0.147192
4	168	0.189267
5	252	0.215183
6	336	0.236835
7	420	0.28035
8	504	0.327733
9	588	0.361456
10	672	0.393212
11	756	0.415577
-----------------------
1	0	0.108029
2	0	0.135808
3	84	0.187674
4	168	0.21502
5	252	0.240573
6	336	0.266435
7	420	0.293535
8	504	0.309498
9	588	0.332313
10	672	0.342258
-----------------------
1	0	0.160555
-----------------------
1	0	0.0760754
2	0	0.151846
3	84	0.170536
4	168	0.184626
5	252	0.216416
6	336	0.226829
7	420	0.237531
8	504	0.255937
9	588	0.273046
-----------------------
1	0	0.241144
-----------------------
1	0	0.634441
-----------------------
1	0	0.197471
2	0	0.25258
3	84	0.268237
4	168	0.28868
-----------------------
1	0	0.471928
2	0	0.489451
3	84	0.530891
4	168	0.587725
5	252	0.644232
6	336	0.671125
7	420	0.682961
8	504	0.706903
9	588	0.72305
-----------------------
1	0	0.153981
2	0	0.179061
3	84	0.204197
4	168	0.219908
5	252	0.239563
6	336	0.257178
7	420	0.276768
8	504	0.306589
9	588	0.326467
10	672	0.350469
-----------------------
1	0	0.460057
2	84	0.481247
3	168	0.510862
4	252	0.5245
-----------------------
1	0	0.0957054
2	0	0.147326
3	84	0.161794
4	168	0.190379
5	252	0.214114
6	336	0.230711
7	420	0.248425
8	504	0.260088
9	588	0.275577
10	672	0.293412
11	756	0.307077
-----------------------
1	0	0.392026
-----------------------
1	0	0.204069
2	0	0.213014
3	84	0.230817
4	168	0.239193
5	252	0.274748
6	336	0.291492
7	420	0.319582
8	504	0.351996
9	588	0.409101
10	672	0.431555
11	756	0.474174
-----------------------
1	0	0.238775
2	0	0.26597
3	84	0.322906
4	168	0.344374
5	252	0.389546
6	336	0.43042
7	420	0.463786
8	504	0.478421
9	588	0.504641
10	672	0.537766
11	756	0.579169
12	840	0.599067
-----------------------
1	0	0.0835732
2	0	0.120487
3	84	0.153932
4	168	0.17352
5	252	0.209704
6	336	0.221406
7	420	0.259887
8	504	0.289831
9	588	0.314921
10	672	0.341065
11	756	0.36209
12	840	0.37541
-----------------------
1	0	0.351785
-----------------------
1	0	0.100863
2	0	0.144471
3	84	0.185029
4	168	0.201719
5	252	0.213189
6	336	0.22315
7	420	0.258575
8	504	0.285073
9	588	0.321917
10	672	0.338494
11	756	0.360468
-----------------------
1	0	0.399489
-----------------------
1	0	0.141746
2	0	0.156738
3	84	0.180088
4	168	0.215752
5	252	0.234244
6	336	0.260352
7	420	0.283539
8	504	0.335332
9	588	0.374286
10	672	0.392097
11	756	0.417569
12	840	0.444743
-----------------------
1	0	0.352824
-----------------------
1	0	0.06802
2	0	0.0851313
3	84	0.122537
4	168	0.140307
5	252	0.194017
6	336	0.218895
7	420	0.235471
8	504	0.274496
9	588	0.311323
10	672	0.33596
11	756	0.347588
-----------------------
1	0	0.287693
-----------------------
1	0	0.220442
2	0	0.272176
3	84	0.291068
4	168	0.3174
5	252	0.34553
6	336	0.362622
7	420	0.403221
8	504	0.423487
9	588	0.43706
10	672	0.449601
11	756	0.46132
12	840	0.473288
-----------------------
1	0	0.403463
-----------------------
1	0	0.209107
2	0	0.224175
3	84	0.24042
4	168	0.255496
5	252	0.298742
6	336	0.315403
7	420	0.338878
8	504	0.356511
9	588	0.38368
10	672	0.395943
11	756	0.408775
12	840	0.420405
-----------------------
1	0	0.432329
-----------------------
1	0	0.0987322
2	0	0.144195
3	84	0.159383
4	168	0.182482
5	252	0.238846
6	336	0.267655
7	420	0.302128
8	504	0.328415
9	588	0.368288
10	672	0.396562
11	756	0.429038
12	840	0.447213
-----------------------
1	0	0.509982
2	84	0.531106
-----------------------
1	0	0.164201
2	0	0.190256
3	84	0.206781
4	168	0.22615
5	252	0.235278
6	336	0.253102
7	420	0.272305
8	504	0.297308
9	588	0.319013
10	672	0.342561
11	756	0.368605
12	840	0.393559
-----------------------
1	0	0.291847
-----------------------
1	0	0.144695
2	0	0.159998
3	84	0.201642
4	168	0.226794
5	252	0.23825
6	336	0.247054
7	420	0.259354
8	504	0.270894
9	588	0.284892
10	672	0.296387
11	756	0.306877
-----------------------
1	0	0.364489
-----------------------
1	0	0.2379
2	0	0.251309
3	84	0.275495
4	168	0.283757
5	252	0.304808
6	336	0.318856
7	420	0.334008
8	504	0.355276
9	588	0.373655
10	672	0.384197
11	756	0.394883
12	840	0.407275
-----------------------
1	0	0.370632
-----------------------
1	0	0.144966
2	0	0.156467
3	84	0.181198
4	168	0.208787
5	252	0.236954
6	336	0.260994
7	420	0.275916
8	504	0.294719
9	588	0.309164
10	672	0.32294
11	756	0.334714
12	840	0.345627
-----------------------
1	0	0.326093
-----------------------
1	0	0.123815
2	0	0.130406
3	84	0.153678
4	168	0.179666
5	252	0.205914
6	336	0.234382
7	420	0.251365
8	504	0.27553
9	588	0.307311
10	672	0.326561
11	756	0.346037
12	840	0.370381
-----------------------
1	0	0.18138
2	0	0.215999
3	84	0.236329
4	168	0.256002
5	252	0.280423
6	336	0.301321
7	420	0.313508
-----------------------
1	0	0.108581
2	0	0.137648
3	84	0.152923
4	168	0.172192
5	252	0.19745
6	336	0.209651
7	420	0.228017
8	504	0.260791
9	588	0.295073
10	672	0.321483
11	756	0.358228
12	840	0.381216
-----------------------
1	0	0.251868
2	0	0.282215
3	84	0.309788
4	168	0.341587
5	252	0.36499
6	336	0.412396
7	420	0.437446
8	504	0.4788
9	588	0.511608
10	672	0.550095
11	756	0.597849
12	840	0.644333
-----------------------
1	0	0.0832265
2	0	0.115625
3	84	0.161128
4	168	0.2009
5	252	0.221959
6	336	0.237774
7	420	0.283096
8	504	0.29677
9	588	0.310118
10	672	0.328896
11	756	0.384637
12	840	0.431036
-----------------------
1	0	0.0852978
2	0	0.123895
3	84	0.172334
4	168	0.20026
5	252	0.226812
6	336	0.247695
7	420	0.287559
8	504	0.334214
9	588	0.380548
10	672	0.42316
11	756	0.447844
12	840	0.472513
-----------------------
1	0	0.0917426
2	0	0.141069
3	84	0.186155
4	168	0.22704
5	252	0.252238
6	336	0.274111
7	420	0.309573
8	504	0.323586
9	588	0.381997
10	672	0.401894
11	756	0.444535
-----------------------
1	0	0.0830135
2	0	0.127107
3	84	0.172819
4	168	0.197936
5	252	0.246948
6	336	0.271546
7	420	0.299727
8	504	0.331825
9	588	0.395108
10	672	0.439661
11	756	0.493203
12	840	0.513522
-----------------------
1	0	0.0862183
2	0	0.112966
3	84	0.165405
4	168	0.201219
5	252	0.273965
6	336	0.298315
7	420	0.322695
8	504	0.33821
9	588	0.393149
10	672	0.418801
11	756	0.472868
-----------------------
1	0	0.109276
2	0	0.163824
3	84	0.190857
4	168	0.239591
5	252	0.275899
6	336	0.3057
7	420	0.328562
8	504	0.355899
9	588	0.376182
10	672	0.397639
11	756	0.418478
12	840	0.432943
-----------------------
1	0	0.134784
2	0	0.148771
3	84	0.171873
4	168	0.210326
5	252	0.253683
6	336	0.263442
7	420	0.3047
8	504	0.327802
9	588	0.34958
10	672	0.378664
-----------------------
1	0	0.34202
2	84	0.361778
-----------------------
1	0	0.11226
2	0	0.125971
3	84	0.135013
4	168	0.178692
5	252	0.219195
6	336	0.253312
7	420	0.277541
8	504	0.310046
9	588	0.323192
10	672	0.33619
-----------------------
1	0	0.354774
-----------------------
1	0	0.141219
2	0	0.172121
3	84	0.204868
4	168	0.22676
5	252	0.252519
6	336	0.278194
7	420	0.323392
8	504	0.337726
9	588	0.355147
10	672	0.36782
-----------------------
1	0	0.292221
2	84	0.304664
3	168	0.329806
4	252	0.347221
-----------------------
1	0	0.260332
2	0	0.278499
3	84	0.296478
4	168	0.304832
5	252	0.361945
6	336	0.387098
7	420	0.409531
8	504	0.434324
9	588	0.464399
10	672	0.482158
11	756	0.514879
-----------------------
1	0	0.169147
2	84	0.214231
3	168	0.253063
4	252	0.266883
5	336	0.299836
6	420	0.309926
7	504	0.320342
8	588	0.333801
9	672	0.352348
10	756	0.365149
11	840	0.375903
12	924	0.45405
-----------------------
1	0	0.126858
2	0	0.187868
3	84	0.238867
4	168	0.300142
5	252	0.33896
6	336	0.362689
7	420	0.387725
8	504	0.414472
9	588	0.448925
10	672	0.465478
11	756	0.488456
-----------------------
1	0	0.132038
-----------------------
1	0	0.519437
-----------------------
1	0	0.172546
2	84	0.18848
3	168	0.202866
4	252	0.243007
5	336	0.26424
6	420	0.287047
7	504	0.309957
8	588	0.336089
9	672	0.375379
10	756	0.402708
11	840	0.459958
12	924	0.485628
-----------------------
1	0	0.47416
2	0	0.503872
3	84	0.540221
4	168	0.584742
5	252	0.604618
6	336	0.624828
7	420	0.642607
8	504	0.702478
9	588	0.747806
10	672	0.763631
11	756	0.776329
-----------------------
1	0	0.0898499
-----------------------
1	0	0.366057
2	84	0.374481
-----------------------
1	0	0.380865
2	84	0.407441
3	168	0.415332
4	252	0.441473
5	336	0.453478
6	420	0.472475
7	504	0.483876
8	588	0.521439
9	672	0.537133
-----------------------
1	0	0.56116
2	0	0.570918
3	84	0.589989
4	168	0.607013
5	252	0.62603
6	336	0.639588
7	420	0.661079
8	504	0.687075
9	588	0.702298
-----------------------
1	0	0.12506
2	0	0.150917
3	84	0.168415
-----------------------
1	0	0.116231
2	0	0.135374
3	84	0.162564
4	168	0.184171
5	252	0.206437
6	336	0.257189
7	420	0.275745
8	504	0.291067
9	588	0.320757
-----------------------
1	0	0.332039
-----------------------
1	0	0.342181
2	0	0.362361
3	84	0.393765
4	168	0.409197
5	252	0.487166
6	336	0.508999
7	420	0.521096
8	504	0.561588
9	588	0.585266
10	672	0.605314
11	756	0.616919
12	840	0.641959
-----------------------
1	0	0.117236
2	0	0.133535
3	84	0.158398
4	168	0.1826
5	252	0.216451
6	336	0.251037
7	420	0.276425
8	504	0.292373
9	588	0.334814
10	672	0.35571
11	756	0.383541
12	840	0.399026
-----------------------
1	0	0.588018
-----------------------
1	0	0.251731
2	0	0.285501
3	84	0.333726
4	168	0.362716
5	252	0.396236
-----------------------
1	0	0.161776
2	0	0.212121
3	84	0.243194
4	168	0.263094
5	252	0.290398
6	336	0.313295
7	420	0.332263
8	504	0.393613
9	588	0.420437
10	672	0.434877
11	756	0.449953
12	840	0.460687
-----------------------
1	0	0.411025
-----------------------
1	0	0.114333
2	0	0.142741
3	84	0.214899
4	168	0.228883
5	252	0.252994
6	336	0.278651
7	420	0.293356
8	504	0.319066
9	588	0.335662
10	672	0.347731
11	756	0.368977
12	840	0.391362
-----------------------
1	0	0.392722
-----------------------
1	0	0.143768
2	0	0.167768
3	84	0.21484
4	168	0.251038
5	252	0.276464
6	336	0.293407
7	420	0.318843
8	504	0.358178
9	588	0.405994
10	672	0.426084
11	756	0.445032
12	840	0.455215
-----------------------
1	0	0.335692
-----------------------
1	0	0.107138
2	0	0.140657
3	84	0.15639
4	168	0.178675
5	252	0.197484
6	336	0.216211
7	420	0.236916
8	504	0.25237
9	588	0.277688
10	672	0.299729
11	756	0.317846
12	840	0.347534
-----------------------
1	0	0.348061
-----------------------
1	0	0.0904851
2	0	0.0971727
3	84	0.119373
4	168	0.14545
5	252	0.172544
6	336	0.216251
7	420	0.241315
8	504	0.296289
9	588	0.313152
10	672	0.332404
11	756	0.35655
12	840	0.374054
-----------------------
1	0	0.102097
2	0	0.123702
3	84	0.174562
4	168	0.193745
5	252	0.215401
6	336	0.22846
7	420	0.249075
8	504	0.263493
9	588	0.276735
10	672	0.287864
11	756	0.308748
12	840	0.324515
-----------------------
1	0	0.403869
-----------------------
1	0	0.104618
2	0	0.132884
3	84	0.157325
4	168	0.201028
5	252	0.240277
6	336	0.257472
7	420	0.26595
8	504	0.287701
9	588	0.337063
10	672	0.357892
11	756	0.385813
12	840	0.416452
-----------------------
1	0	0.287571
2	84	0.325666
3	168	0.346774
4	252	0.378386
5	336	0.40664
6	420	0.430949
7	504	0.445716
8	588	0.478785
9	672	0.499016
-----------------------
1	0	0.232624
-----------------------
1	0	0.121047
2	0	0.127811
3	84	0.146101
4	168	0.178859
5	252	0.208019
6	336	0.23435
7	420	0.268567
8	504	0.284821
9	588	0.323766
10	672	0.335215
11	756	0.345252
-----------------------
1	0	0.16526
-----------------------
1	0	0.639902
2	84	0.653114
-----------------------
1	0	0.109768
2	0	0.164234
3	84	0.173329
4	168	0.188623
5	252	0.213737
6	336	0.268869
7	420	0.33399
8	504	0.360765
9	588	0.386977
10	672	0.416479
11	756	0.446893
12	840	0.477619
-----------------------
1	0	0.646313
2	0	0.667643
3	84	0.72574
4	168	0.789305
5	252	0.811178
6	336	0.844315
7	420	0.865117
8	504	0.901346
9	588	0.931174
-----------------------
1	0	0.172009
-----------------------
1	0	0.100823
2	0	0.125701
3	84	0.168691
4	168	0.211259
5	252	0.266165
6	336	0.296488
7	420	0.321252
8	504	0.333834
9	588	0.348546
10	672	0.359293
11	756	0.369499
12	840	0.378916
-----------------------
1	0	0.0848267
-----------------------
1	0	0.556147
2	84	0.564346
-----------------------
1	0	0.224462
-----------------------
1	0	0.474032
2	0	0.485606
3	84	0.499551
4	168	0.519554
5	252	0.538156
6	336	0.555646
7	420	0.566914
8	504	0.61543
9	588	0.653161
-----------------------
1	0	0.536823
-----------------------
1	0	0.275849
2	0	0.287124
3	84	0.305222
4	168	0.320817
5	252	0.34141
6	336	0.363103
7	420	0.382223
8	504	0.404515
9	588	0.448912
10	672	0.467567
11	756	0.481119
12	840	0.514466
-----------------------
1	0	0.0945115
2	0	0.109723
3	84	0.131151
4	168	0.147499
5	252	0.163623
6	336	0.183021
7	420	0.205446
8	504	0.225254
9	588	0.243433
10	672	0.264094
11	756	0.291091
12	840	0.302708
-----------------------
1	0	0.613212
-----------------------
1	0	0.0786582
2	0	0.105157
3	84	0.130049
4	168	0.145975
5	252	0.179758
6	336	0.20525
7	420	0.222735
8	504	0.24109
9	588	0.29082
10	672	0.313993
11	756	0.327211
12	840	0.341074
-----------------------
1	0	0.0721052
2	0	0.100276
3	84	0.120653
4	168	0.142728
5	252	0.170602
6	336	0.180938
7	420	0.189629
8	504	0.201226
9	588	0.216623
10	672	0.239607
11	756	0.262085
12	840	0.288756
-----------------------
1	0	0.365806
-----------------------
1	0	0.326724
-----------------------
1	0	0.114389
2	0	0.158545
3	84	0.173645
4	168	0.198524
5	252	0.216971
6	336	0.235119
7	420	0.254102
8	504	0.27272
9	588	0.29095
10	672	0.303255
11	756	0.336055
12	840	0.347717
-----------------------
1	0	0.0960041
2	0	0.125269
3	84	0.149348
4	168	0.191019
5	252	0.209163
6	336	0.245347
7	420	0.301489
8	504	0.344964
9	588	0.437573
10	672	0.465416
11	756	0.489441
12	840	0.513904
-----------------------
1	0	0.251473
2	84	0.298483
3	168	0.348133
4	252	0.423494
5	336	0.460184
6	420	0.477173
7	504	0.501093
8	588	0.524879
9	672	0.548224
10	756	0.561782
11	840	0.579435
12	924	0.595964
-----------------------
1	0	0.338989
-----------------------
1	0	0.171095
2	84	0.189035
3	168	0.206033
4	252	0.222001
5	336	0.238361
6	420	0.254639
7	504	0.27449
8	588	0.299221
9	672	0.318507
10	756	0.333665
11	840	0.362865
12	924	0.388052
-----------------------
1	0	0.314751
-----------------------
1	0	0.30235
-----------------------
1	0	0.542257
-----------------------
1	0	0.424281
2	84	0.456076
3	168	0.511347
4	252	0.523825
5	336	0.557498
6	420	0.570946
7	504	0.601091
8	588	0.631825
9	672	0.65616
10	756	0.666592
11	840	0.678981
12	924	0.689573
-----------------------
1	0	0.274383
-----------------------
1	0	0.178075
2	84	0.191716
3	168	0.206036
4	252	0.226358
5	336	0.262504
6	420	0.281604
7	504	0.32469
8	588	0.363922
9	672	0.40302
10	756	0.455293
11	840	0.480819
12	924	0.50076
-----------------------
1	0	0.243049
2	0	0.276265
3	84	0.305658
4	168	0.341647
5	252	0.365778
6	336	0.3884
7	420	0.418542
8	504	0.439846
9	588	0.476632
10	672	0.491765
11	756	0.531065
12	840	0.566114
-----------------------
1	0	0.0885885
2	0	0.113131
3	84	0.14862
4	168	0.178843
5	252	0.205476
6	336	0.264659
7	420	0.275308
8	504	0.286174
9	588	0.307468
10	672	0.323086
11	756	0.336102
12	840	0.347084
-----------------------
1	0	0.343062
-----------------------
1	0	0.0861182
2	0	0.132783
3	84	0.153039
4	168	0.176155
5	252	0.196855
6	336	0.232235
7	420	0.242825
8	504	0.276737
9	588	0.295658
10	672	0.307539
11	756	0.319965
12	840	0.332099
-----------------------
1	0	0.36849
-----------------------
1	0	0.0962973
2	0	0.124044
3	84	0.143675
4	168	0.169984
5	252	0.199929
6	336	0.215219
7	420	0.22505
8	504	0.260957
9	588	0.313024
10	672	0.327442
11	756	0.354026
12	840	0.397162
-----------------------
1	0	0.418
-----------------------
1	0	0.118711
2	0	0.14467
3	84	0.168339
4	168	0.179295
5	252	0.203394
6	336	0.2322
7	420	0.253942
8	504	0.275092
9	588	0.31029
10	672	0.326605
11	756	0.337789
12	840	0.37143
-----------------------
1	0	0.30748
-----------------------
1	0	0.110564
2	0	0.125406
3	84	0.146995
4	168	0.183426
5	252	0.215069
6	336	0.230293
7	420	0.251571
8	504	0.270086
9	588	0.284738
10	672	0.296052
11	756	0.31063
12	840	0.322451
-----------------------
1	0	0.451886
-----------------------
1	0	0.182243
2	84	0.193244
3	168	0.233256
4	252	0.263033
5	336	0.294216
6	420	0.326491
7	504	0.358532
8	588	0.391617
9	672	0.412814
10	756	0.428367
11	840	0.440335
12	924	0.451952
-----------------------
1	0	0.139105
-----------------------
1	0	0.425277
-----------------------
1	0	0.14763
2	0	0.183797
3	84	0.220913
4	168	0.245065
5	252	0.281379
6	336	0.297637
7	420	0.325084
8	504	0.356767
9	588	0.378091
10	672	0.40507
11	756	0.448976
12	840	0.486662
-----------------------
1	0	0.560981
2	0	0.583449
3	84	0.622796
4	168	0.644723
5	252	0.683746
6	336	0.695976
7	420	0.721196
8	504	0.758249
9	588	0.79407
-----------------------
1	0	0.155412
-----------------------
1	0	0.333421
-----------------------
1	0	0.166949
2	0	0.186067
3	84	0.204581
4	168	0.214673
5	252	0.224542
6	336	0.235075
7	420	0.257577
8	504	0.291188
9	588	0.327671
10	672	0.347456
11	756	0.381726
12	840	0.407379
-----------------------
1	0	0.557937
2	84	0.58542
3	168	0.607711
4	252	0.626971
5	336	0.650302
6	420	0.670845
7	504	0.702257
8	588	0.734067
9	672	0.759459
-----------------------
1	0	0.104601
-----------------------
1	0	0.0508295
2	0	0.0872728
3	84	0.110048
4	168	0.143497
5	252	0.180797
6	336	0.196091
7	420	0.207644
8	504	0.233019
9	588	0.280353
10	672	0.319921
11	756	0.345222
12	840	0.381907
-----------------------
1	0	0.0907923
2	0	0.106296
3	84	0.123691
4	168	0.136285
5	252	0.162848
6	336	0.180231
7	420	0.190648
8	504	0.202697
9	588	0.21583
10	672	0.228363
11	756	0.240871
-----------------------
1	0	0.0995411
2	0	0.150497
3	84	0.17
4	168	0.198948
5	252	0.214129
6	336	0.246925
7	420	0.267672
8	504	0.289001
9	588	0.329061
10	672	0.34887
11	756	0.367478
12	840	0.390159
-----------------------
1	0	0.54814
2	84	0.588645
3	168	0.610085
4	252	0.639106
5	336	0.672356
6	420	0.692318
7	504	0.71317
8	588	0.736034
9	672	0.752563
10	756	0.760349
11	840	0.801433
12	924	0.827602
-----------------------
1	0	0.138012
2	0	0.156887
3	84	0.206933
4	168	0.232677
5	252	0.270213
6	336	0.301333
7	420	0.352081
8	504	0.38741
9	588	0.414754
-----------------------
1	0	0.21479
2	84	0.260568
3	168	0.296011
4	252	0.317888
5	336	0.346781
6	420	0.363827
7	504	0.403831
8	588	0.415846
9	672	0.426508
-----------------------
1	0	0.081906
2	0	0.129823
3	84	0.166258
4	168	0.201827
5	252	0.216295
6	336	0.242243
7	420	0.25285
8	504	0.262031
9	588	0.275924
10	672	0.300575
-----------------------
1	0	0.21876
2	84	0.24643
3	168	0.256147
4	252	0.273536
5	336	0.283299
-----------------------
1	0	0.175187
2	0	0.206974
3	84	0.237145
4	168	0.252844
5	252	0.27313
6	336	0.298504
7	420	0.328145
8	504	0.344507
9	588	0.374431
10	672	0.401854
-----------------------
1	0	0.306937
2	84	0.320015
3	168	0.337519
4	252	0.363818
-----------------------
1	0	0.121766
-----------------------
1	0	0.201269
2	0	0.215737
3	84	0.250755
4	168	0.278802
5	252	0.310509
6	336	0.333775
7	420	0.353739
8	504	0.38769
9	588	0.417027
10	672	0.425866
11	756	0.435809
-----------------------
1	0	0.47769
-----------------------
1	0	0.114163
2	0	0.151535
3	84	0.167665
4	168	0.182025
5	252	0.232703
6	336	0.255701
7	420	0.297529
8	504	0.321709
9	588	0.33665
10	672	0.349906
11	756	0.362207
-----------------------
1	0	0.165119
-----------------------
1	0	0.679943
-----------------------
1	0	0.147242
2	0	0.159211
3	84	0.174884
4	168	0.201695
-----------------------
1	0	0.543355
2	0	0.569862
3	84	0.610067
4	168	0.622534
5	252	0.656123
6	336	0.674901
7	420	0.686033
8	504	0.696376
9	588	0.715074
-----------------------
1	0	0.21572
2	0	0.257158
3	84	0.265867
4	168	0.302622
5	252	0.362074
6	336	0.391364
7	420	0.431403
8	504	0.468296
9	588	0.499208
-----------------------
1	0	0.255195
2	0	0.280288
3	84	0.313146
4	168	0.356364
5	252	0.384294
6	336	0.410746
7	420	0.423857
8	504	0.471187
9	588	0.496631
10	672	0.532232
11	756	0.560026
-----------------------
1	0	0.0680008
-----------------------
1	0	0.0708492
2	0	0.0954872
3	84	0.113135
4	168	0.135989
5	252	0.160565
6	336	0.190561
7	420	0.213484
8	504	0.237539
9	588	0.255851
10	672	0.266118
-----------------------
1	0	0.0873705
2	0	0.104504
3	84	0.133139
4	168	0.1494
5	252	0.165237
6	336	0.181295
7	420	0.197436
8	504	0.238435
9	588	0.26692
10	672	0.276699
11	756	0.301658
-----------------------
1	0	0.144274
-----------------------
1	0	0.416234
2	0	0.444357
3	84	0.470016
4	168	0.505264
5	252	0.538081
6	336	0.591332
7	420	0.637285
8	504	0.681139
9	588	0.706315
-----------------------
1	0	0.189822
-----------------------
1	0	0.555807
-----------------------
1	0	0.292396
-----------------------
1	0	0.500585
2	0	0.535523
3	84	0.575251
4	168	0.624347
5	252	0.64513
6	336	0.678461
7	420	0.711343
8	504	0.74951
9	588	0.782887
10	672	0.794451
11	756	0.804625
12	840	0.815446
-----------------------
1	0	0.134691
2	0	0.144463
3	84	0.160484
4	168	0.175481
5	252	0.19533
6	336	0.211675
7	420	0.228029
8	504	0.259186
9	588	0.274791
10	672	0.291659
11	756	0.309479
12	840	0.321979
-----------------------
1	0	0.551059
-----------------------
1	0	0.101712
2	0	0.115814
3	84	0.134112
4	168	0.151437
5	252	0.186156
6	336	0.212653
7	420	0.231935
8	504	0.262895
9	588	0.291908
10	672	0.308792
11	756	0.329873
12	840	0.349093
-----------------------
1	0	0.387456
-----------------------
1	0	0.145268
2	0	0.154012
3	84	0.168619
4	168	0.187868
5	252	0.215843
6	336	0.238122
7	420	0.26996
8	504	0.288662
9	588	0.322321
10	672	0.339809
11	756	0.354066
12	840	0.375559
-----------------------
1	0	0.37166
-----------------------
1	0	0.128506
2	0	0.142545
3	84	0.164506
4	168	0.196132
5	252	0.239538
6	336	0.255487
7	420	0.286644
8	504	0.296074
9	588	0.330034
10	672	0.344212
11	756	0.36063
12	840	0.370708
-----------------------
1	0	0.402666
-----------------------
1	0	0.164502
2	0	0.170911
3	84	0.198492
4	168	0.234888
5	252	0.26985
6	336	0.296178
7	420	0.329231
8	504	0.339048
9	588	0.357748
10	672	0.371637
11	756	0.383654
12	840	0.420201
-----------------------
1	0	0.280114
2	0	0.326888
3	84	0.369038
4	168	0.408022
5	252	0.454419
6	336	0.471683
7	420	0.490369
8	504	0.506266
9	588	0.537314
10	672	0.583063
11	756	0.61384
-----------------------
1	0	0.0997013
2	0	0.134585
3	84	0.17419
4	168	0.195744
5	252	0.217208
6	336	0.230627
7	420	0.27301
8	504	0.294225
9	588	0.309739
10	672	0.321373
11	756	0.33975
12	840	0.359408
-----------------------
1	0	0.38498
-----------------------
1	0	0.10423
2	0	0.163422
3	84	0.198469
4	168	0.218465
5	252	0.238261
6	336	0.283415
7	420	0.320443
8	504	0.345074
9	588	0.371785
10	672	0.390219
11	756	0.408767
12	840	0.422331
-----------------------
1	0	0.292048
-----------------------
1	0	0.140288
2	0	0.157294
3	84	0.208123
4	168	0.233075
5	252	0.282545
6	336	0.320742
7	420	0.354087
8	504	0.369011
9	588	0.385715
10	672	0.398395
11	756	0.411002
12	840	0.424119
-----------------------
1	0	0.336779
-----------------------
1	0	0.153445
2	0	0.161031
3	84	0.189938
4	168	0.211817
5	252	0.235496
6	336	0.259476
7	420	0.292834
8	504	0.33896
9	588	0.365916
10	672	0.387038
11	756	0.410734
12	840	0.425145
-----------------------
1	0	0.322459
-----------------------
1	0	0.174553
2	0	0.187151
3	84	0.208597
4	168	0.227478
5	252	0.249667
6	336	0.271762
7	420	0.293045
8	504	0.31943
9	588	0.346833
10	672	0.379961
-----------------------
1	0	0.10521
2	0	0.136014
3	84	0.19017
4	168	0.20606
5	252	0.22725
6	336	0.244784
7	420	0.269108
8	504	0.29214
9	588	0.317142
10	672	0.341194
11	756	0.364629
12	840	0.399855
-----------------------
1	0	0.0823558
2	0	0.0993728
3	84	0.118022
4	168	0.133944
5	252	0.152243
6	336	0.16729
7	420	0.187827
8	504	0.206624
9	588	0.227929
10	672	0.250526
11	756	0.272633
12	840	0.291426
-----------------------
1	0	0.379474
-----------------------
1	0	0.141958
2	0	0.174984
3	84	0.188966
4	168	0.205687
5	252	0.224885
6	336	0.244987
7	420	0.261241
8	504	0.278567
9	588	0.291908
10	672	0.305624
11	756	0.317509
12	840	0.331007
-----------------------
1	0	0.322858
-----------------------
1	0	0.198631
2	0	0.204645
3	84	0.224296
4	168	0.263913
5	252	0.311902
6	336	0.331469
7	420	0.35051
8	504	0.389352
9	588	0.419445
10	672	0.457002
11	756	0.501244
12	840	0.5247
-----------------------
1	0	0.217508
2	0	0.235777
3	84	0.271003
4	168	0.296293
5	252	0.331389
6	336	0.365913
7	420	0.39467
8	504	0.424408
9	588	0.443771
-----------------------
1	0	0.0961784
-----------------------
1	0	0.320731
-----------------------
1	0	0.552016
-----------------------
1	0	0.197378
2	0	0.21398
3	84	0.228674
4	168	0.256788
5	252	0.28109
6	336	0.296451
7	420	0.349774
8	504	0.375105
9	588	0.413352
10	672	0.425558
-----------------------
1	0	0.271825
-----------------------
1	0	0.23097
2	0	0.257793
3	84	0.305121
4	168	0.347187
5	252	0.360983
6	336	0.382069
7	420	0.413329
8	504	0.436554
9	588	0.468262
10	672	0.495973
11	756	0.510381
12	840	0.522676
-----------------------
1	0	0.472177
-----------------------
1	0	0.210087
2	0	0.232543
3	84	0.252357
4	168	0.298541
5	252	0.331339
6	336	0.363247
7	420	0.383092
8	504	0.410838
9	588	0.428229
10	672	0.442682
11	756	0.45598
12	840	0.468991
-----------------------
1	0	0.410369
-----------------------
1	0	0.125516
2	0	0.160315
3	84	0.19884
4	168	0.227419
5	252	0.251847
6	336	0.273826
7	420	0.309436
8	504	0.32919
9	588	0.34507
10	672	0.359766
11	756	0.373974
12	840	0.394376
-----------------------
1	0	0.648617
-----------------------
1	0	0.176316
2	0	0.191092
3	84	0.215838
4	168	0.234395
5	252	0.249988
6	336	0.284096
7	420	0.298037
8	504	0.322516
9	588	0.368322
10	672	0.388615
11	756	0.415857
12	840	0.446779
-----------------------
1	0	0.321521
-----------------------
1	0	0.102428
2	0	0.119284
3	84	0.159637
4	168	0.186017
5	252	0.219421
6	336	0.235521
7	420	0.260269
8	504	0.2999
9	588	0.34324
10	672	0.36016
11	756	0.406253
12	840	0.447971
-----------------------
1	0	0.412724
-----------------------
1	0	0.345118
-----------------------
1	0	0.391393
-----------------------
1	0	0.320853
2	0	0.334709
3	84	0.34386
4	168	0.377503
5	252	0.412349
6	336	0.449442
7	420	0.479054
8	504	0.489196
9	588	0.512112
10	672	0.542605
11	756	0.56246
-----------------------
1	0	0.542487
-----------------------
1	0	0.120913
2	0	0.144386
3	84	0.17654
4	168	0.21209
5	252	0.282617
6	336	0.323169
7	420	0.341545
8	504	0.369977
9	588	0.400859
10	672	0.417561
11	756	0.431085
12	840	0.442932
-----------------------
1	0	0.328854
-----------------------
1	0	0.180703
2	0	0.205759
3	84	0.217378
4	168	0.244181
5	252	0.29043
6	336	0.323204
7	420	0.350147
8	504	0.385374
9	588	0.401613
10	672	0.413173
11	756	0.427559
12	840	0.441904
-----------------------
1	0	0.342786
-----------------------
1	0	0.367897
-----------------------
1	0	0.191011
2	0	0.214523
3	84	0.227288
4	168	0.253199
5	252	0.281302
6	336	0.30633
7	420	0.319818
8	504	0.332023
9	588	0.344343
10	672	0.356718
11	756	0.369774
12	840	0.414325
-----------------------
1	0	0.269832
-----------------------
1	0	0.107589
2	0	0.146254
3	84	0.173835
4	168	0.188398
5	252	0.2142
6	336	0.234827
7	420	0.244783
8	504	0.274127
9	588	0.288034
10	672	0.297702
11	756	0.334053
12	840	0.344173
-----------------------
1	0	0.355856
-----------------------
1	0	0.0741165
2	0	0.0863846
3	84	0.11822
4	168	0.13833
5	252	0.167069
6	336	0.191947
7	420	0.205135
8	504	0.230292
9	588	0.272681
10	672	0.284856
11	756	0.308037
12	840	0.324175
-----------------------
1	0	0.391284
-----------------------
1	0	0.0972655
2	0	0.123574
3	84	0.151025
4	168	0.176001
5	252	0.23185
6	336	0.254632
7	420	0.273312
8	504	0.299858
9	588	0.324691
10	672	0.342738
11	756	0.375907
12	840	0.396863
-----------------------
1	0	0.303352
-----------------------
1	0	0.0936036
2	0	0.131189
3	84	0.150182
4	168	0.17704
5	252	0.220774
6	336	0.248349
7	420	0.277543
8	504	0.307868
9	588	0.338896
10	672	0.359261
11	756	0.405122
12	840	0.424732
-----------------------
1	0	0.370407
-----------------------
1	0	0.0892802
2	0	0.124891
3	84	0.139649
4	168	0.168591
5	252	0.203391
6	336	0.220542
7	420	0.238231
8	504	0.258505
9	588	0.286664
10	672	0.302732
11	756	0.329377
-----------------------
1	0	0.329819
-----------------------
1	0	0.152651
2	0	0.1951
3	84	0.210875
4	168	0.224299
5	252	0.235073
6	336	0.24277
7	420	0.267444
8	504	0.296606
9	588	0.346696
10	672	0.380355
11	756	0.412605
12	840	0.422981
-----------------------
1	0	0.460058
-----------------------
1	0	0.088488
2	0	0.104454
3	84	0.121301
4	168	0.158777
5	252	0.193719
6	336	0.214559
7	420	0.230977
8	504	0.256086
9	588	0.281837
10	672	0.299672
11	756	0.318181
-----------------------
1	0	0.0943796
-----------------------
1	0	0.285823
-----------------------
1	0	0.43245
-----------------------
1	0	0.504451
2	0	0.517985
3	84	0.575821
4	168	0.621904
5	252	0.664059
6	336	0.695785
7	420	0.718318
8	504	0.750835
9	588	0.787284
10	672	0.800821
11	756	0.831221
-----------------------
1	0	0.323389
-----------------------
1	0	0.0478246
2	0	0.0596452
3	84	0.0811573
4	168	0.112414
5	252	0.127282
6	336	0.139806
7	420	0.185841
8	504	0.22199
9	588	0.273496
10	672	0.296165
11	756	0.321582
12	840	0.342883
-----------------------
1	0	0.410491
-----------------------
1	0	0.0799743
2	0	0.0878738
3	84	0.107924
4	168	0.117299
5	252	0.150558
6	336	0.168649
7	420	0.180245
8	504	0.215978
9	588	0.267163
10	672	0.283076
11	756	0.310836
-----------------------
1	0	0.312341
-----------------------
1	0	0.108202
2	0	0.11475
3	84	0.136501
4	168	0.148216
5	252	0.166952
6	336	0.191831
7	420	0.208367
8	504	0.225681
9	588	0.264709
10	672	0.287223
11	756	0.304393
12	840	0.342479
-----------------------
1	0	0.365067
-----------------------
1	0	0.0829486
2	0	0.116999
3	84	0.142989
4	168	0.162972
5	252	0.190687
6	336	0.203926
7	420	0.218925
8	504	0.252511
9	588	0.287357
10	672	0.30579
11	756	0.32955
12	840	0.347202
-----------------------
1	0	0.131635
2	0	0.155432
3	84	0.178362
4	168	0.211459
5	252	0.232606
6	336	0.254894
7	420	0.277877
8	504	0.300547
9	588	0.345483
10	672	0.367918
11	756	0.411293
12	840	0.433032
-----------------------
1	0	0.318243
2	84	0.341029
3	168	0.390772
4	252	0.441623
5	336	0.460912
6	420	0.480163
7	504	0.498793
8	588	0.518207
9	672	0.546127
10	756	0.579365
11	840	0.600038
12	924	0.638997
-----------------------
1	0	0.0753437
2	0	0.0983927
3	84	0.139024
4	168	0.162458
5	252	0.185149
6	336	0.213647
7	420	0.236699
8	504	0.271073
9	588	0.296363
10	672	0.361551
11	756	0.405375
-----------------------
1	0	0.159159
2	84	0.211462
3	168	0.248491
4	252	0.272819
5	336	0.285698
6	420	0.315589
7	504	0.335009
8	588	0.376666
9	672	0.413608
10	756	0.44196
11	840	0.463485
12	924	0.492098
-----------------------
1	0	0.0848588
2	0	0.119153
3	84	0.149551
4	168	0.171874
5	252	0.197758
6	336	0.219335
7	420	0.233875
8	504	0.260433
9	588	0.280654
10	672	0.290956
11	756	0.302446
-----------------------
1	0	0.119346
2	0	0.169407
3	84	0.189382
4	168	0.211573
5	252	0.251798
6	336	0.292583
7	420	0.357227
8	504	0.402158
9	588	0.439433
-----------------------
1	0	0.144692
2	84	0.21107
3	168	0.249159
4	252	0.265002
5	336	0.288704
6	420	0.331649
7	504	0.37426
8	588	0.441568
9	672	0.486115
10	756	0.517388
11	840	0.541148
12	924	0.558041
-----------------------
1	0	0.0897656
-----------------------
1	0	0.351671
-----------------------
1	0	1.43111
2	0	1.46619
3	84	1.4775
4	168	1.49762
-----------------------
1	0	1.36749
-----------------------
1	0	0.16175
2	0	0.168597
3	84	0.20017
4	168	0.217511
5	252	0.242583
6	336	0.262057
7	420	0.271412
8	504	0.290479
9	588	0.318856
10	672	0.351947
11	756	0.401133
12	840	0.425119
-----------------------
1	0	0.465129
2	0	0.503823
3	84	0.544256
4	168	0.57356
5	252	0.598182
6	336	0.611014
7	420	0.650145
8	504	0.667536
9	588	0.695016
-----------------------
1	0	0.167433
2	84	0.213955
3	168	0.250581
4	252	0.273566
5	336	0.30022
6	420	0.326483
7	504	0.366332
8	588	0.398671
9	672	0.433073
10	756	0.458712
11	840	0.505009
12	924	0.531457
-----------------------
1	0	0.182624
2	0	0.218029
3	84	0.25057
4	168	0.283105
5	252	0.319346
6	336	0.349602
7	420	0.394461
8	504	0.418069
9	588	0.448398
-----------------------
1	0	0.0904036
-----------------------
1	0	0.191147
2	84	0.214277
3	168	0.261535
4	252	0.309953
5	336	0.338099
6	420	0.365193
7	504	0.391699
8	588	0.414656
9	672	0.439228
10	756	0.484026
11	840	0.51001
12	924	0.54536
-----------------------
1	0	0.406599
2	0	0.414459
3	84	0.446364
4	168	0.464167
-----------------------
1	0	0.155604
2	84	0.171925
3	168	0.192963
4	252	0.227824
5	336	0.236296
6	420	0.249793
7	504	0.27806
8	588	0.292439
9	672	0.306198
10	756	0.338347
11	840	0.361641
12	924	0.397926
-----------------------
1	0	0.387263
2	0	0.432036
3	84	0.45915
4	168	0.484347
5	252	0.509316
6	336	0.528044
7	420	0.561071
8	504	0.589848
9	588	0.643005
10	672	0.665568
-----------------------
1	0	0.175321
2	0	0.199259
3	84	0.250607
4	168	0.27535
5	252	0.299428
6	336	0.31445
7	420	0.332529
8	504	0.354142
9	588	0.375152
10	672	0.393485
11	756	0.404016
12	840	0.413397
-----------------------
1	0	0.300276
-----------------------
1	0	0.0777185
2	0	0.111363
3	84	0.149492
4	168	0.180087
5	252	0.215259
6	336	0.232612
7	420	0.271331
8	504	0.300048
9	588	0.329005
10	672	0.349451
11	756	0.376561
12	840	0.395958
-----------------------
1	0	0.44414
-----------------------
1	0	0.120295
2	0	0.139557
3	84	0.170208
4	168	0.186167
5	252	0.197241
6	336	0.212804
7	420	0.2415
8	504	0.26675
9	588	0.302369
10	672	0.342961
11	756	0.360516
12	840	0.42222
-----------------------
1	0	0.435663
-----------------------
1	0	0.204027
2	84	0.243974
3	168	0.274299
4	252	0.312503
5	336	0.344289
6	420	0.356956
7	504	0.368674
8	588	0.414558
9	672	0.439052
10	756	0.461365
11	840	0.485009
12	924	0.508231
-----------------------
1	0	0.265587
-----------------------
1	0	0.0763774
2	0	0.104591
3	84	0.133189
4	168	0.162776
5	252	0.190075
6	336	0.22144
7	420	0.238408
8	504	0.277573
9	588	0.299282
10	672	0.316657
11	756	0.337865
12	840	0.349978
-----------------------
1	0	0.292674
-----------------------
1	0	0.119209
2	0	0.127786
3	84	0.155541
4	168	0.171189
5	252	0.190868
6	336	0.229688
7	420	0.256871
8	504	0.279128
9	588	0.298918
10	672	0.31015
11	756	0.322348
12	840	0.333826
-----------------------
1	0	0.476792
-----------------------
1	0	0.120507
2	0	0.128432
3	84	0.17573
4	168	0.196413
5	252	0.220916
6	336	0.252833
7	420	0.274267
8	504	0.302063
9	588	0.322845
10	672	0.334642
11	756	0.345874
12	840	0.358652
-----------------------
1	0	0.228466
-----------------------
1	0	0.109205
2	0	0.135342
3	84	0.149895
4	168	0.17392
5	252	0.22119
6	336	0.248016
7	420	0.289843
8	504	0.311904
9	588	0.333332
10	672	0.345852
11	756	0.363183
12	840	0.377866
-----------------------
1	0	0.349881
-----------------------
1	0	0.314861
-----------------------
1	0	0.193811
2	0	0.229008
3	84	0.245464
4	168	0.25885
5	252	0.279627
6	336	0.310004
7	420	0.327862
8	504	0.348055
9	588	0.373448
10	672	0.395563
11	756	0.409212
12	840	0.445207
-----------------------
1	0	0.0820496
2	0	0.102368
3	84	0.115352
4	168	0.12973
5	252	0.139864
6	336	0.158336
7	420	0.171909
8	504	0.194885
9	588	0.232104
10	672	0.243147
11	756	0.255265
12	840	0.293681
-----------------------
1	0	0.36149
-----------------------
1	0	0.313733
-----------------------
1	0	0.0759376
2	0	0.118561
3	84	0.127926
4	168	0.16453
5	252	0.185277
6	336	0.208821
7	420	0.243487
8	504	0.2648
9	588	0.322446
10	672	0.345192
11	756	0.365141
12	840	0.391859
-----------------------
1	0	0.340896
2	84	0.375012
3	168	0.405566
4	252	0.437485
-----------------------
1	0	0.108379
2	0	0.156963
3	84	0.180468
4	168	0.224749
5	252	0.251754
6	336	0.269444
7	420	0.300318
8	504	0.33561
9	588	0.369454
10	672	0.397194
11	756	0.415436
12	840	0.423198
-----------------------
1	0	0.361475
-----------------------
1	0	0.0847806
2	0	0.0937724
3	84	0.143922
4	168	0.186243
5	252	0.221468
6	336	0.239737
7	420	0.269758
8	504	0.291254
9	588	0.330921
10	672	0.352294
11	756	0.372993
12	840	0.387753
-----------------------
1	0	0.427216
-----------------------
1	0	0.0985147
2	0	0.12812
3	84	0.169305
4	168	0.215017
5	252	0.23885
6	336	0.254402
7	420	0.273561
8	504	0.296294
9	588	0.312012
10	672	0.332236
11	756	0.351884
12	840	0.381148
-----------------------
1	0	0.351414
-----------------------
1	0	0.0936928
2	0	0.158031
3	84	0.179191
4	168	0.192097
5	252	0.227688
6	336	0.247445
7	420	0.269709
8	504	0.292169
9	588	0.306731
10	672	0.323043
11	756	0.347725
12	840	0.361794
-----------------------
1	0	0.0676681
2	0	0.0799517
3	84	0.103009
4	168	0.122915
5	252	0.152549
6	336	0.172058
7	420	0.203398
8	504	0.225149
9	588	0.256061
10	672	0.266029
11	756	0.276505
12	840	0.28771
-----------------------
1	0	0.368876
-----------------------
1	0	0.273897
2	84	0.295098
-----------------------
1	0	0.146235
2	0	0.1917
3	84	0.217335
4	168	0.226673
5	252	0.246322
6	336	0.27558
7	420	0.298637
8	504	0.313505
9	588	0.358155
10	672	0.373493
11	756	0.397313
12	840	0.416756
-----------------------
1	0	0.33277
-----------------------
1	0	0.106791
2	0	0.123617
3	84	0.162589
4	168	0.184943
5	252	0.206378
6	336	0.232228
7	420	0.257587
8	504	0.275791
9	588	0.311979
10	672	0.329693
11	756	0.343345
12	840	0.368853
-----------------------
1	0	0.302322
-----------------------
1	0	0.104452
2	0	0.132287
3	84	0.171142
4	168	0.202487
5	252	0.243116
6	336	0.265176
7	420	0.312722
8	504	0.329502
9	588	0.370272
10	672	0.381134
11	756	0.400181
12	840	0.415871
-----------------------
1	0	0.29569
-----------------------
1	0	0.079755
2	0	0.127225
3	84	0.136574
4	168	0.184439
5	252	0.200331
6	336	0.20822
7	420	0.220249
8	504	0.257993
9	588	0.296147
10	672	0.323433
11	756	0.341357
12	840	0.352595
-----------------------
1	0	0.217759
-----------------------
1	0	0.10071
-----------------------
1	0	0.498972
-----------------------
1	0	0.592361
-----------------------
1	0	0.396646
-----------------------
1	0	0.442618
-----------------------
1	0	0.52186
2	84	0.541047
3	168	0.580063
4	252	0.602755
5	336	0.627158
6	420	0.643771
7	504	0.658523
8	588	0.675142
9	672	0.687976
10	756	0.703948
11	840	0.717496
12	924	0.727072
-----------------------
1	0	0.0750591
-----------------------
1	0	0.355991
-----------------------
1	0	0.436567
-----------------------
1	0	0.427039
-----------------------
1	0	0.466178
-----------------------
1	0	0.109124
2	0	0.137374
3	84	0.164939
4	168	0.183072
5	252	0.228379
6	336	0.242383
7	420	0.253936
8	504	0.282893
9	588	0.301211
10	672	0.311626
11	756	0.345404
-----------------------
1	0	0.198009
-----------------------
1	0	0.359102
-----------------------
1	0	0.404739
2	84	0.414831
-----------------------
1	0	0.446561
-----------------------
1	0	0.491722
2	84	0.498158
-----------------------
1	0	0.200829
2	0	0.245309
3	84	0.266536
4	168	0.287353
5	252	0.316903
6	336	0.33525
7	420	0.353576
8	504	0.389893
9	588	0.415507
10	672	0.439909
11	756	0.45441
12	840	0.472111
-----------------------
1	0	0.599253
2	84	0.635608
3	168	0.656268
4	252	0.677131
5	336	0.705246
6	420	0.726059
7	504	0.742168
8	588	0.775724
9	672	0.8119
10	756	0.827766
11	840	0.842179
12	924	0.861473
-----------------------
1	0	0.076686
2	0	0.0853294
3	84	0.106489
4	168	0.133805
5	252	0.150844
6	336	0.166652
7	420	0.190821
8	504	0.20988
9	588	0.225179
10	672	0.235144
11	756	0.25377
12	840	0.263767
-----------------------
1	0	0.358888
-----------------------
1	0	0.197272
2	0	0.218902
3	84	0.258264
4	168	0.298616
5	252	0.334928
6	336	0.344246
7	420	0.355177
8	504	0.383409
9	588	0.424561
10	672	0.471749
11	756	0.502024
12	840	0.523703
-----------------------
1	0	0.226775
2	0	0.255288
3	84	0.282341
4	168	0.310502
5	252	0.35232
6	336	0.394818
7	420	0.408774
8	504	0.432058
9	588	0.452438
10	672	0.463613
11	756	0.49465
-----------------------
1	0	0.107274
-----------------------
1	0	0.269449
-----------------------
1	0	0.435765
-----------------------
1	0	0.104359
2	0	0.114957
3	84	0.143776
4	168	0.163064
5	252	0.174438
6	336	0.189642
7	420	0.203907
8	504	0.224073
9	588	0.246338
10	672	0.257952
11	756	0.268567
-----------------------
1	0	0.143618
2	0	0.15467
3	84	0.187286
4	168	0.19708
5	252	0.210849
6	336	0.218906
7	420	0.227296
8	504	0.241851
9	588	0.261757
10	672	0.271803
-----------------------
1	0	0.394518
-----------------------
1	0	0.135586
2	0	0.162281
3	84	0.174858
4	168	0.196564
5	252	0.206482
6	336	0.229043
7	420	0.237539
8	504	0.250661
9	588	0.262805
10	672	0.272636
-----------------------
1	0	0.418526
-----------------------
1	0	0.094814
2	0	0.103384
3	84	0.125933
4	168	0.141487
5	252	0.150895
6	336	0.170094
7	420	0.177598
8	504	0.19713
9	588	0.222677
10	672	0.236763
11	756	0.252714
12	840	0.264208
-----------------------
1	0	0.185308
-----------------------
1	0	0.217564
2	0	0.245953
3	84	0.255109
4	168	0.266228
5	252	0.288091
6	336	0.309941
7	420	0.334233
8	504	0.367554
9	588	0.40223
10	672	0.42308
11	756	0.445957
12	840	0.456266
-----------------------
1	0	0.332347
-----------------------
1	0	0.0785256
-----------------------
1	0	0.320239
-----------------------
1	0	0.724384
-----------------------
1	0	0.805423
2	0	0.823614
3	84	0.861932
4	168	0.886992
5	252	0.908097
6	336	0.917345
7	420	0.926827
8	504	0.952076
9	588	0.966079
10	672	0.976633
11	756	1.02601
12	840	1.04053
-----------------------
1	0	0.253411
-----------------------
1	0	0.064465
2	0	0.0730964
3	84	0.0923649
4	168	0.103811
5	252	0.128767
6	336	0.137964
7	420	0.1521
8	504	0.162847
9	588	0.173404
10	672	0.181639
11	756	0.199586
-----------------------
1	0	0.311518
-----------------------
1	0	0.0664125
2	0	0.0904957
3	84	0.126808
4	168	0.139365
5	252	0.157736
6	336	0.17774
7	420	0.195741
8	504	0.213282
9	588	0.254525
10	672	0.270177
11	756	0.280005
-----------------------
1	0	0.272966
-----------------------
1	0	0.0801015
2	0	0.126948
3	84	0.146835
4	168	0.168965
5	252	0.193662
6	336	0.206761
7	420	0.226915
8	504	0.245797
9	588	0.287955
10	672	0.312148
11	756	0.328057
-----------------------
1	0	0.338393
-----------------------
1	0	0.34033
-----------------------
1	0	0.325967
-----------------------
1	0	0.163133
2	0	0.181742
3	84	0.198185
4	168	0.220948
5	252	0.239394
6	336	0.25835
7	420	0.278608
8	504	0.299852
-----------------------
1	0	0.217046
2	0	0.236382
3	84	0.263227
4	168	0.282175
5	252	0.307279
6	336	0.326351
7	420	0.355382
8	504	0.373202
9	588	0.390398
-----------------------
1	0	0.196744
2	84	0.227511
3	168	0.25524
4	252	0.284472
5	336	0.307541
6	420	0.330221
7	504	0.349463
8	588	0.379541
9	672	0.396051
10	756	0.413364
11	840	0.430362
12	924	0.442531
-----------------------
1	0	0.340453
2	84	0.359514
3	168	0.380212
-----------------------
1	0	0.137365
2	84	0.155081
3	168	0.188285
4	252	0.214144
5	336	0.236175
6	420	0.270644
7	504	0.284148
8	588	0.323925
9	672	0.334848
10	756	0.367206
11	840	0.383174
12	924	0.408084
-----------------------
1	0	0.314073
2	84	0.324169
-----------------------
1	0	0.328131
2	84	0.338097
-----------------------
1	0	0.153663
2	0	0.175585
3	84	0.19608
4	168	0.221517
5	252	0.259433
6	336	0.274024
7	420	0.288165
8	504	0.320105
9	588	0.356521
10	672	0.394097
-----------------------
1	0	0.305416
2	84	0.345233
3	168	0.374175
4	252	0.396315
5	336	0.415121
6	420	0.442629
7	504	0.474511
8	588	0.513702
9	672	0.537162
10	756	0.570222
11	840	0.6077
12	924	0.643699
-----------------------
1	0	0.0845234
2	0	0.120549
3	84	0.149463
4	168	0.183691
5	252	0.247394
6	336	0.26224
7	420	0.275526
8	504	0.305909
9	588	0.345198
10	672	0.359031
-----------------------
1	0	0.0832086
2	0	0.1047
3	84	0.116138
4	168	0.144673
5	252	0.165647
6	336	0.17753
7	420	0.186578
8	504	0.210425
9	588	0.225173
-----------------------
1	0	0.341112
2	84	0.350137
-----------------------
1	0	0.178834
2	0	0.221892
3	84	0.246503
4	168	0.269877
5	252	0.293639
6	336	0.310287
7	420	0.334002
8	504	0.367563
9	588	0.387788
-----------------------
1	0	0.249997
2	84	0.274603
3	168	0.290935
4	252	0.317394
5	336	0.345633
6	420	0.366654
7	504	0.379824
8	588	0.410548
9	672	0.43757
10	756	0.447232
11	840	0.487532
12	924	0.51815
-----------------------
1	0	0.0785855
2	0	0.106023
3	84	0.130417
4	168	0.149861
5	252	0.209925
6	336	0.22417
7	420	0.255302
8	504	0.296424
9	588	0.35306
10	672	0.398091
-----------------------
1	0	0.137593
2	84	0.189305
3	168	0.230463
4	252	0.257956
5	336	0.268528
6	420	0.301176
7	504	0.333733
8	588	0.366801
9	672	0.398325
10	756	0.430963
11	840	0.45522
12	924	0.474136
-----------------------
1	0	0.0839844
2	0	0.111802
3	84	0.143993
4	168	0.176129
5	252	0.195011
6	336	0.214952
7	420	0.22821
8	504	0.255385
9	588	0.280561
10	672	0.301526
-----------------------
1	0	0.13891
2	0	0.144783
3	84	0.161684
4	168	0.171299
5	252	0.223798
6	336	0.237171
7	420	0.268006
8	504	0.301964
9	588	0.36912
10	672	0.409355
11	756	0.440569
12	840	0.465139
-----------------------
1	0	0.137205
2	0	0.150469
3	84	0.183636
4	168	0.217612
5	252	0.281812
6	336	0.33212
7	420	0.355729
8	504	0.379284
9	588	0.398367
10	672	0.407237
11	756	0.418894
-----------------------
1	0	0.253385
-----------------------
1	0	0.0702277
2	0	0.1469
3	84	0.157059
4	168	0.17997
5	252	0.198083
6	336	0.212468
7	420	0.232431
8	504	0.260821
9	588	0.287299
10	672	0.306211
11	756	0.318449
12	840	0.330728
-----------------------
1	0	0.0976924
2	0	0.117686
3	84	0.173904
4	168	0.204561
5	252	0.223267
6	336	0.239701
7	420	0.25437
8	504	0.272956
9	588	0.285413
10	672	0.295561
11	756	0.305642
12	840	0.315094
-----------------------
1	0	0.4294
2	84	0.444536
-----------------------
1	0	0.195651
2	0	0.208782
3	84	0.248213
4	168	0.281652
5	252	0.321106
6	336	0.359401
7	420	0.37459
8	504	0.412722
9	588	0.451464
10	672	0.481212
11	756	0.505221
12	840	0.524034
-----------------------
1	0	0.175769
2	0	0.208248
3	84	0.244478
4	168	0.28085
5	252	0.299388
6	336	0.338028
7	420	0.37809
8	504	0.406974
9	588	0.430243
10	672	0.448731
-----------------------
1	0	0.26307
-----------------------
1	0	0.0734787
2	0	0.108618
3	84	0.127445
4	168	0.14145
5	252	0.166662
6	336	0.195245
7	420	0.209895
8	504	0.249501
9	588	0.269563
10	672	0.291017
11	756	0.301583
12	840	0.315757
-----------------------
1	0	0.0780644
2	0	0.141843
3	84	0.184166
4	168	0.210367
5	252	0.225409
6	336	0.246133
7	420	0.29359
8	504	0.321369
-----------------------
1	0	0.2494
2	0	0.271608
3	84	0.320532
4	168	0.351672
5	252	0.399255
6	336	0.418886
7	420	0.467722
8	504	0.478227
9	588	0.491618
10	672	0.501473
-----------------------
1	0	0.0860399
2	0	0.126506
3	84	0.148859
4	168	0.167674
5	252	0.18728
6	336	0.205985
7	420	0.224806
8	504	0.246369
9	588	0.278969
10	672	0.299054
-----------------------
1	0	0.929566
2	0	0.957712
3	84	0.975015
4	168	0.994321
5	252	1.01303
6	336	1.0359
7	420	1.06377
8	504	1.08659
9	588	1.10969
10	672	1.12225
-----------------------
1	0	0.277684
2	0	0.317965
3	84	0.326734
4	168	0.351653
5	252	0.368785
6	336	0.400954
7	420	0.424079
8	504	0.453364
9	588	0.486112
10	672	0.501695
-----------------------
1	0	0.318168
2	0	0.331069
3	84	0.358628
4	168	0.381536
5	252	0.410143
6	336	0.434909
7	420	0.466608
8	504	0.4826
9	588	0.50026
10	672	0.511802
11	756	0.521892
12	840	0.529441
-----------------------
