6.42184	2.26099 3 720 
3.46418	2.18116 3 720 
3.61341	3.35842 3 720 
3.46166	3.2238 3 720 
3.58959	3.29093 3 720 
3.50052	3.30492 3 720 
3.56103	3.35595 3 720 
3.47339	3.28659 3 720 
3.55393	3.28907 3 720 
3.55896	3.31119 3 720 
3.5896	3.27069 3 720 
3.43572	3.28733 3 720 
3.57855	3.34245 3 720 
3.47091	3.23306 3 720 
3.58898	3.36689 3 720 
3.51883	3.23074 3 720 
3.59458	3.25957 3 720 
3.49745	3.29985 3 720 
3.63935	3.35262 3 720 
3.48688	3.25006 3 720 
3.61103	3.38487 3 720 
3.47242	3.22603 3 720 
3.50678	3.31106 3 720 
3.40633	3.20538 3 720 
3.57893	3.28749 3 720 
3.49866	3.28957 3 720 
3.49924	3.30642 3 720 
3.41169	3.25186 3 720 
3.65237	3.30708 3 720 
3.42661	3.24792 3 720 
3.67915	3.33762 3 720 
3.43754	3.22683 3 720 
3.56939	3.29215 3 720 
3.53533	3.23021 3 720 
3.52375	3.26902 3 720 
3.5007	3.25337 3 720 
3.66957	3.30718 3 720 
3.48439	3.21306 3 720 
3.63774	3.36672 3 720 
3.54053	3.22865 3 720 
3.57747	3.27916 3 720 
3.44196	3.29453 3 720 
3.54304	3.40451 3 720 
3.45718	3.29706 3 720 
3.59242	3.27372 3 720 
3.54243	3.28658 3 720 
3.3469	3.30198 3 720 
3.5151	3.02483 3 720 
3.59214	3.30865 3 720 
3.43926	3.24767 3 720 
3.6115	3.3663 3 720 
3.48128	3.25172 3 720 
3.58342	3.33707 3 720 
3.52905	3.27911 3 720 
3.62846	3.38387 3 720 
3.6056	3.26872 3 720 
3.54484	3.30788 3 720 
3.52675	3.26953 3 720 
3.59185	3.35293 3 720 
3.40727	3.2339 3 720 
3.50711	3.33567 3 720 
3.61453	3.26123 3 720 
3.68466	3.25618 3 720 
3.66171	3.60119 3 720 
3.47392	3.303 3 720 
3.56215	3.31712 3 720 
3.54017	3.27467 3 720 
3.54686	3.29826 3 720 
3.5154	3.24281 3 720 
3.62833	3.30329 3 720 
3.93516	3.29383 3 720 
3.54749	3.41849 3 720 
3.52262	3.26941 3 720 
3.6355	3.31241 3 720 
3.57507	3.30823 3 720 
3.60616	3.30834 3 720 
3.4644	3.21588 3 720 
3.62503	3.37718 3 720 
3.5279	3.27452 3 720 
3.4635	3.29406 3 720 
3.59014	3.28664 3 720 
3.67963	3.29329 3 720 
3.44641	3.26833 3 720 
3.64247	3.30125 3 720 
3.33395	3.19126 3 720 
3.64786	3.41435 3 720 
3.42244	3.21254 3 720 
3.64719	3.32729 3 720 
4.18049	3.19143 3 720 
3.73208	3.34484 3 720 
3.40224	3.17204 3 720 
3.71828	3.41259 3 720 
3.41978	3.24907 3 720 
3.43557	3.38096 3 720 
3.64694	3.23981 3 720 
3.49663	3.26509 3 720 
3.53718	3.26587 3 720 
3.58347	3.28934 3 720 
3.58791	3.30991 3 720 
3.65639	3.25446 3 720 
3.48871	3.28862 3 720 
3.57644	3.3144 3 720 
3.56623	3.27808 3 720 
3.64416	3.35103 3 720 
3.40256	3.21063 3 720 
3.58314	3.33411 3 720 
3.42684	3.22047 3 720 
3.61137	3.36412 3 720 
3.39872	3.24694 3 720 
3.58966	3.39818 3 720 
3.54881	3.33882 3 720 
3.60154	3.25249 3 720 
3.46758	3.28985 3 720 
3.60444	3.28882 3 720 
3.53407	3.24486 3 720 
3.57406	3.35902 3 720 
3.4529	3.23818 3 720 
3.58605	3.32202 3 720 
3.34955	3.12729 3 720 
3.64485	3.2886 3 720 
3.45664	3.25402 3 720 
3.63143	3.33118 3 720 
3.53935	3.26656 3 720 
3.569	3.36611 3 720 
3.48273	3.20069 3 720 
3.65258	3.33311 3 720 
3.44129	3.22584 3 720 
3.58257	3.36623 3 720 
3.53811	3.28484 3 720 
3.55718	3.27366 3 720 
3.6194	3.31422 3 720 
3.52347	3.34024 3 720 
3.5452	3.26065 3 720 
3.62128	3.33281 3 720 
3.49689	3.24691 3 720 
3.60371	3.34202 3 720 
3.59315	3.26506 3 720 
3.6356	3.35133 3 720 
3.44945	3.22445 3 720 
3.61265	3.34643 3 720 
3.5216	3.27049 3 720 
3.49614	3.35618 3 720 
3.58609	3.20968 3 720 
3.58446	3.34542 3 720 
3.49944	3.25446 3 720 
3.58037	3.34429 3 720 
3.51783	3.28561 3 720 
3.55101	3.30267 3 720 
3.49083	3.26461 3 720 
3.65421	3.3354 3 720 
3.43765	3.24537 3 720 
3.60755	3.35881 3 720 
3.52164	3.26629 3 720 
3.60265	3.36289 3 720 
3.43822	3.27893 3 720 
3.58636	3.31093 3 720 
3.5974	3.31792 3 720 
3.62376	3.28522 3 720 
3.4203	3.25695 3 720 
3.58871	3.31081 3 720 
3.50891	3.31001 3 720 
3.65654	3.32134 3 720 
3.42843	3.21045 3 720 
3.63423	3.23526 3 720 
3.42798	3.25883 3 720 
3.2917	3.33013 3 720 
3.62829	3.0505 3 720 
3.50517	3.29657 3 720 
3.65242	3.3839 3 720 
3.4403	3.26252 3 720 
3.57164	3.34573 3 720 
3.5805	3.26518 3 720 
3.63925	3.33397 3 720 
3.61126	3.27812 3 720 
3.53899	3.25444 3 720 
3.76173	3.36589 3 720 
3.45534	3.25211 3 720 
3.69619	3.44297 3 720 
3.46741	3.25742 3 720 
3.60845	3.35866 3 720 
3.73773	3.30479 3 720 
3.65446	3.58748 3 720 
3.42656	3.25026 3 720 
3.64835	3.36521 3 720 
3.57506	3.2592 3 720 
3.60763	3.30572 3 720 
3.53977	3.27009 3 720 
3.57938	3.27801 3 720 
3.39346	3.28543 3 720 
3.64971	3.35825 3 720 
3.37416	3.17528 3 720 
3.62712	3.36517 3 720 
3.51625	3.30658 3 720 
3.6173	3.21757 3 720 
3.50465	3.31419 3 720 
3.66516	3.30903 3 720 
3.49596	3.2358 3 720 
3.58119	3.36233 3 720 
3.52919	3.29104 3 720 
3.5775	3.26124 3 720 
3.54579	3.28768 3 720 
3.62056	3.31252 3 720 
3.49597	3.23862 3 720 
3.62699	3.375 3 720 
3.42856	3.24332 3 720 
3.61571	3.29421 3 720 
3.57828	3.21485 3 720 
3.56667	3.34356 3 720 
3.60367	3.30079 3 720 
3.55145	3.32416 3 720 
3.61638	3.30759 3 720 
3.50068	3.21734 3 720 
3.54744	3.32393 3 720 
3.52063	3.32204 3 720 
3.51311	3.28548 3 720 
3.58407	3.31587 3 720 
3.47969	3.23445 3 720 
3.58919	3.32873 3 720 
3.47871	3.25261 3 720 
3.67753	3.33882 3 720 
3.40877	3.25533 3 720 
3.61038	3.2587 3 720 
3.49556	3.25347 3 720 
3.60247	3.28225 3 720 
3.43693	3.27233 3 720 
3.56919	3.32202 3 720 
3.54489	3.28947 3 720 
3.5265	3.32212 3 720 
3.49965	3.2677 3 720 
3.58697	3.23781 3 720 
3.49051	3.24261 3 720 
3.59535	3.3232 3 720 
3.44139	3.23749 3 720 
3.63982	3.31608 3 720 
3.42163	3.2096 3 720 
3.60618	3.2935 3 720 
3.54485	3.25127 3 720 
3.63495	3.29985 3 720 
3.51454	3.27359 3 720 
3.62961	3.36765 3 720 
3.49347	3.29882 3 720 
3.62014	3.29156 3 720 
3.43986	3.34872 3 720 
3.74426	3.29643 3 720 
3.36648	3.17662 3 720 
3.50738	3.31977 3 720 
3.58028	3.26658 3 720 
3.56899	3.22534 3 720 
3.47047	3.26689 3 720 
3.68801	3.27446 3 720 
3.40988	3.16074 3 720 
3.54192	3.37246 3 720 
3.55261	3.25831 3 720 
3.58732	3.24056 3 720 
3.55479	3.32121 3 720 
3.51463	3.24439 3 720 
3.59617	3.24835 3 720 
3.4057	3.23099 3 720 
3.60579	3.2809 3 720 
3.53799	3.28596 3 720 
3.39981	3.27431 3 720 
3.59232	3.1502 3 720 
3.59776	3.26942 3 720 
3.55918	3.31228 3 720 
3.48062	3.26223 3 720 
3.64942	3.264 3 720 
3.48396	3.25458 3 720 
3.74792	3.33122 3 720 
3.37141	3.19076 3 720 
3.65758	3.34223 3 720 
3.41698	3.18794 3 720 
3.57054	3.31644 3 720 
3.41824	3.22991 3 720 
3.59531	3.29813 3 720 
3.40983	3.18125 3 720 
3.6277	3.33886 3 720 
3.37278	3.24533 3 720 
3.52717	3.33829 3 720 
3.51274	3.20847 3 720 
3.59761	3.2756 3 720 
3.45807	3.25705 3 720 
3.57769	3.3081 3 720 
3.52861	3.30765 3 720 
3.66134	3.3153 3 720 
3.22687	3.23598 3 720 
3.67519	3.1956 3 720 
3.40946	3.22124 3 720 
3.63269	3.35066 3 720 
3.34349	3.2212 3 720 
3.50759	3.32008 3 720 
3.5837	3.315 3 720 
3.46901	3.26083 3 720 
3.61383	3.29353 3 720 
3.47983	3.21725 3 720 
3.48478	3.31264 3 720 
3.53563	3.2626 3 720 
3.524	3.27019 3 720 
3.62542	3.27668 3 720 
3.45768	3.23188 3 720 
3.53483	3.27788 3 720 
3.46892	3.24283 3 720 
3.55004	3.22788 3 720 
3.39219	3.22127 3 720 
3.58498	3.23028 3 720 
3.42241	3.24794 3 720 
3.58677	3.29522 3 720 
3.54106	3.27216 3 720 
3.52458	3.27072 3 720 
3.39003	3.26223 3 720 
3.54586	3.15149 3 720 
3.60026	3.24281 3 720 
3.52704	3.25334 3 720 
3.62753	3.34448 3 720 
3.50148	3.20761 3 720 
3.68693	3.2765 3 720 
3.42922	3.20693 3 720 
3.6483	3.33982 3 720 
3.4327	3.23126 3 720 
3.55724	3.2911 3 720 
3.4035	3.24582 3 720 
3.54937	3.28044 3 720 
3.45372	3.22855 3 720 
3.58878	3.31229 3 720 
3.39105	3.23569 3 720 
3.67999	3.31026 3 720 
3.48756	3.21499 3 720 
3.56158	3.31144 3 720 
3.30139	3.23783 3 720 
3.74479	3.39077 3 720 
3.33531	3.23398 3 720 
3.62413	3.37111 3 720 
3.37675	3.20674 3 720 
3.39139	3.28909 3 720 
3.56362	3.14798 3 720 
3.51802	3.28815 3 720 
3.51313	3.22313 3 720 
3.45655	3.29034 3 720 
3.53674	3.23474 3 720 
3.49059	3.22544 3 720 
3.53394	3.29399 3 720 
3.42465	3.25172 3 720 
3.6125	3.30652 3 720 
3.37327	3.2029 3 720 
3.58818	3.34747 3 720 
3.515	3.25596 3 720 
3.5003	3.31421 3 720 
3.5878	3.31063 3 720 
3.59112	3.2286 3 720 
3.43307	3.19872 3 720 
3.58208	3.33208 3 720 
3.66546	3.28651 3 720 
3.43269	3.26911 3 720 
3.60046	3.2956 3 720 
3.54878	3.29092 3 720 
3.54542	3.26518 3 720 
3.60383	3.32032 3 720 
3.28001	3.21324 3 720 
3.62044	3.15699 3 720 
3.41511	3.18599 3 720 
3.53476	3.28324 3 720 
3.37796	3.23944 3 720 
3.58991	3.33014 3 720 
3.50994	3.28017 3 720 
3.66986	3.2996 3 720 
3.36231	3.20284 3 720 
3.57187	3.35647 3 720 
3.52952	3.2176 3 720 
3.51013	3.2683 3 720 
3.51979	3.26856 3 720 
3.53907	3.32189 3 720 
3.47287	3.21754 3 720 
3.65414	3.2928 3 720 
3.36065	3.21725 3 720 
3.59561	3.31196 3 720 
3.49625	3.22741 3 720 
3.4923	3.26327 3 720 
3.53582	3.23649 3 720 
3.56228	3.28657 3 720 
3.39069	3.25339 3 720 
3.62208	3.331 3 720 
3.36701	3.20545 3 720 
3.52654	3.21111 3 720 
3.62995	3.27022 3 720 
3.54069	3.2674 3 720 
3.56426	3.24466 3 720 
3.61145	3.29135 3 720 
3.47738	3.2392 3 720 
3.56519	3.29781 3 720 
3.54105	3.23648 3 720 
3.58683	3.30933 3 720 
3.44282	3.2125 3 720 
3.54539	3.27297 3 720 
3.51766	3.21954 3 720 
3.44843	3.24393 3 720 
3.5027	3.24092 3 720 
3.52746	3.22702 3 720 
3.56562	3.32369 3 720 
3.54461	3.16203 3 720 
3.58793	3.2694 3 720 
3.59742	3.3018 3 720 
3.41933	3.16854 3 720 
3.5522	3.31489 3 720 
3.37585	3.21526 3 720 
3.65113	3.32117 3 720 
3.2712	3.14258 3 720 
3.52313	3.11266 3 720 
3.55468	3.22761 3 720 
3.58041	3.29501 3 720 
3.53409	3.28564 3 720 
3.61463	3.25409 3 720 
3.44778	3.22554 3 720 
3.64288	3.28036 3 720 
3.38463	3.21978 3 720 
3.61601	3.33837 3 720 
3.46486	3.25856 3 720 
3.56671	3.29191 3 720 
3.42958	3.25661 3 720 
3.68581	3.40748 3 720 
3.31797	3.19212 3 720 
3.6388	3.36855 3 720 
3.34773	3.1619 3 720 
3.63079	3.3545 3 720 
3.43088	3.21734 3 720 
3.56941	3.24013 3 720 
3.38985	3.22676 3 720 
3.63034	3.34786 3 720 
3.44699	3.26546 3 720 
3.71738	3.31882 3 720 
3.17146	3.15661 3 720 
3.61149	3.2501 3 720 
3.35571	3.17117 3 720 
3.67584	3.39292 3 720 
3.41016	3.1087 3 720 
3.91755	3.34723 3 720 
3.50792	3.46327 3 720 
3.49709	3.28131 3 720 
3.50516	3.23829 3 720 
3.56914	3.286 3 720 
3.42551	3.23929 3 720 
3.63391	3.31554 3 720 
3.49411	3.2327 3 720 
3.58088	3.28193 3 720 
3.48009	3.24792 3 720 
3.42675	3.20504 3 720 
3.53128	3.32921 3 720 
3.60241	3.34611 3 720 
3.47791	3.24392 3 720 
3.61128	3.31773 3 720 
3.40443	3.1547 3 720 
3.61572	3.32861 3 720 
3.43311	3.16683 3 720 
3.54106	3.34586 3 720 
3.22009	3.21203 3 720 
3.6808	3.15802 3 720 
3.40075	3.17983 3 720 
3.66578	3.32613 3 720 
3.38322	3.17178 3 720 
4.07053	3.35347 3 720 
3.36742	3.19999 3 720 
3.5835	3.31268 3 720 
3.485	3.26381 3 720 
3.61894	3.27588 3 720 
3.43798	3.25405 3 720 
3.5597	3.28311 3 720 
3.46368	3.17995 3 720 
3.58354	3.26575 3 720 
3.46921	3.22758 3 720 
3.54048	3.19839 3 720 
3.41017	3.16682 3 720 
3.54178	3.2383 3 720 
3.44956	3.22036 3 720 
3.49602	3.18947 3 720 
3.38218	3.19338 3 720 
3.50904	3.2841 3 720 
3.44063	3.20151 3 720 
3.61757	3.23748 3 720 
3.24072	3.2091 3 720 
3.5065	3.12859 3 720 
3.47341	3.25053 3 720 
3.53901	3.182 3 720 
3.40128	3.19629 3 720 
3.49684	3.26037 3 720 
3.46474	3.19878 3 720 
3.48223	3.22919 3 720 
3.49004	3.20434 3 720 
3.55738	3.26706 3 720 
3.48636	3.15266 3 720 
3.55338	3.24044 3 720 
3.444	3.26171 3 720 
3.63369	3.24179 3 720 
3.39074	3.10244 3 720 
3.56021	3.28266 3 720 
3.46912	3.20558 3 720 
3.57689	3.27207 3 720 
3.31466	3.1572 3 720 
3.6694	3.384 3 720 
3.39744	3.14137 3 720 
3.61077	3.252 3 720 
3.39285	3.23987 3 720 
3.55884	3.25463 3 720 
3.30446	3.26666 3 720 
3.63237	3.22051 3 720 
3.45069	3.22678 3 720 
3.61528	3.34707 3 720 
3.41655	3.19688 3 720 
3.46573	3.32107 3 720 
3.46846	3.21697 3 720 
3.5804	3.26037 3 720 
3.41326	3.23139 3 720 
3.60423	3.26627 3 720 
3.48718	3.20092 3 720 
3.57324	3.26266 3 720 
3.4656	3.30329 3 720 
3.68588	3.29691 3 720 
3.37687	3.2001 3 720 
3.60944	3.39567 3 720 
3.41288	3.21696 3 720 
3.53192	3.33705 3 720 
3.49013	3.23039 3 720 
3.54598	3.23154 3 720 
3.42613	3.29749 3 720 
3.64466	3.25014 3 720 
3.43502	3.19691 3 720 
3.52272	3.29796 3 720 
3.40388	3.25449 3 720 
3.46564	3.03276 3 720 
3.56406	3.31881 3 720 
3.49665	3.22392 3 720 
3.52836	3.23247 3 720 
3.42234	3.27448 3 720 
3.51608	3.23515 3 720 
3.56934	3.22667 3 720 
3.54116	3.24996 3 720 
3.52292	3.23655 3 720 
3.68718	3.20771 3 720 
3.62454	3.58043 3 720 
3.51437	3.23659 3 720 
3.44367	3.23854 3 720 
3.51947	3.31551 3 720 
3.68381	3.2216 3 720 
3.37947	3.21162 3 720 
3.6071	3.28105 3 720 
3.43076	3.19726 3 720 
3.61704	3.21981 3 720 
3.38905	3.22588 3 720 
3.57654	3.35151 3 720 
3.51331	3.22327 3 720 
3.46048	3.29565 3 720 
3.47317	3.26268 3 720 
3.5542	3.11195 3 720 
3.48855	3.27313 3 720 
3.57019	3.26609 3 720 
3.53939	3.26302 3 720 
3.48414	3.29201 3 720 
3.50876	3.27025 3 720 
3.51165	3.23563 3 720 
3.48113	3.27353 3 720 
3.49837	3.21524 3 720 
3.48154	3.23701 3 720 
3.64683	3.25697 3 720 
3.39533	3.23782 3 720 
3.59464	3.28675 3 720 
3.43847	3.21559 3 720 
3.56554	3.27804 3 720 
3.47571	3.20352 3 720 
3.58649	3.22071 3 720 
