2	1.00422e+06		4418.42		1258.67	3.58585e+06
2	1.08078e+06		3422.55		1802.44	4.98112e+06
3	871136		4985.7		1357.92	3.66138e+06
3	1.2359e+06		3126.1		1568	4.54896e+06
4	975875		3850.76		1494.85	4.56983e+06
4	751993		5761.81		1200.26	3.85625e+06
5	868585		4462.7		1436.98	4.71811e+06
5	689797		6377.41		1109.06	4.05904e+06
6	844374		4674.92		1337.2	4.71847e+06
6	625236		7395.52		1073.76	4.07806e+06
7	742812		5921.82		1246.68	4.80129e+06
7	598259		8009.63		1050.98	4.10443e+06
8	2.04162e+07		552.101		1075.64	4.10622e+06
8	778407		5952.36		1234.4	4.64563e+06
9	699613		8569.91		1178.68	4.45469e+06
9	7.7246e+06		591.772		1064.86	4.204e+06
10	-1.21283e+07		530.577		1050.19	4.29261e+06
10	368518		-706.477		1171.77	4.37984e+06
11	2.87432e+07		574.875		1045.4	4.38535e+06
11	359867		-679.033		1135.84	4.47057e+06
12	364317		-688.588		1117.14	4.65126e+06
12	7.39048e+06		596.965		1015.43	4.5112e+06
13	676889		8112.93		1133.88	4.55412e+06
13	4.97066e+06		607.606		984.085	4.46616e+06
14	671484		7957.96		1123.27	4.5197e+06
14	587427		8913.13		990.375	4.55074e+06
15	669790		7915.64		1179.49	4.50896e+06
15	566260		10134.7		999.616	4.77779e+06
16	563678		10096.4		1058.7	4.68899e+06
16	640713		8524.73		1172.68	4.48803e+06
17	642802		8755.67		1195.28	4.47426e+06
17	593765		8220.22		1042.15	4.67702e+06
18	646899		8944.7		1196.05	4.46708e+06
18	567019		9478.99		1028	4.75471e+06
19	651815		9010.63		1233.63	4.42361e+06
19	557541		10264.1		1014.65	4.78699e+06
20	657198		10269.3		1263.59	4.56975e+06
20	542269		11879.9		1001.85	4.92346e+06
21	665565		9499.97		1270.72	4.7301e+06
21	535545		10795.7		999.045	4.94489e+06
22	665158		9461.22		1238.21	4.25719e+06
22	550263		9193.35		987.113	4.45049e+06
23	666667		8550.81		1216.97	3.83157e+06
23	560615		8932.63		980.551	4.00553e+06
24	669129		8651.05		1225.13	3.44854e+06
24	556122		9299.21		960.936	3.60506e+06
25	672199		8948.38		1245.12	3.10383e+06
25	572576		8057.12		938.134	3.24462e+06
26	575303		7888.57		1032.37	2.92035e+06
26	688729		8475.84		1218.34	2.79354e+06
27	683816		8763.57		1170.82	2.51426e+06
27	575008		8012.25		1015.07	2.6284e+06
28	574435		7958.54		1093.87	2.36574e+06
28	646441		12803.3		1146.52	2.26293e+06
29	646968		12012.5		1221.53	2.03683e+06
29	568708		8056.43		1121.75	2.1293e+06
30	568370		7914.47		1186.1	1.91655e+06
30	616364		20900.5		1193.32	1.83324e+06
31	617526		18313.6		1272.09	1.65011e+06
31	568185		7935.13		1212.44	1.72504e+06
32	567713		7797.97		1271.31	1.55272e+06
32	613115		20422.6		1275.37	1.48523e+06
33	613126		18562.9		1337.27	1.3369e+06
33	564231		7983.36		1279.96	1.39758e+06
34	815679		1319.97		1340.41	1.25801e+06
34	597821		23691.1		1315.71	1.20332e+06
35	602952		19744.2		1306.18	1.08311e+06
35	821137		1308.03		1345.76	1.13235e+06
36	818346		1313.84		1376.32	1.01928e+06
36	601473		19476.9		1310.82	974935
37	603409		16491.9		1281.77	877543
37	840354		1215.09		1357.69	917470
38	802204		1327.09		1416.34	825918
38	579728		37899.2		1219.26	789855
39	556419		8701.37		1471.36	743522
39	566777		66081		1177.57	710949
40	546853		-40032.8		1133.92	639928
40	557845		9144.45		1441.42	669287
41	558460		9522.94		1496.09	602557
41	543118		-31825.7		1101.07	576016
42	422591		-1609.57		1047.4	518471
42	560125		9876.76		1466.13	542421
43	560045		9984.8		1391.68	488251
43	530235		-29372.6		1045.33	466727
44	559741		10031.8		1345.78	439519
44	520981		-16765.4		1011.45	420125
45	559761		9638.24		1309.65	395666
45	524681		-18159.6		998.642	378200
46	561375		9733.29		1312.5	356233
46	536149		-39833.9		980.138	340462
47	563821		9950.6		1310.22	320739
47	544128		-67372.1		977.131	306511
48	550647		-89511.2		965.932	275946
48	564533		10570.9		1340.49	288826
49	547657		-59752.8		939.371	248421
49	564049		11469.5		1405.91	260143
50	544630		-42029.6		907.59	223641
50	564832		11777.4		1389.26	234253
50	534393		-32686.7		1393.02	210970
50	464741		-2570.26		896.92	201357
50	515568		-10533.8		1440.9	190060
50	468687		-2806.77		877.126	181292
50	478741		-3701.12		883.893	163257
50	485794		-4572.37		1448.81	171206
50	482898		-4197.03		1443.15	154225
50	483537		-4130.73		854.327	146990
50	481347		-3982.43		967.335	132489
50	474619		-3240.36		1396.66	138900
50	472621		-2970.31		1355.45	125109
50	477429		-4042.34		970.647	119341
50	479154		-4151.07		934.029	107467
50	479633		-3298.77		1320.45	112698
50	481278		-4507.97		975.52	96855.1
50	461407		-2744.57		1260.67	101501
50	479230		-4094.25		1006.57	87298.2
50	456953		-2633.75		1210.93	91427
50	478920		-4148.71		1035.43	78697.9
50	441494		-2242.33		1159.37	82353.8
50	441396		-2245.24		1124.98	74200
50	462519		-3014.59		1057.95	70954.2
50	461162		-2992.48		1054.12	63960.7
50	443737		-2488.68		1081.89	66849.4
50	445071		-2502.61		1032.91	60223.6
50	449638		-2461.85		1052.7	57668.6
50	440651		-2233.53		1020.33	51974.7
50	455137		-2731.24		1055.99	54327.6
50	459366		-2759.94		1139.81	49084.3
50	438990		-2186.42		991.727	46850.6
50	435290		-2057.68		962.447	42235.5
50	448929		-2313.16		1147.58	44297.6
50	433414		-2021.61		1129.77	39964.8
50	441129		-2316.13		936.702	38082.4
50	467154		-3407.74		924.613	34355.7
50	440946		-2074.1		1198.61	36150.1
50	440287		-2014.94		1224.53	32680.9
50	471396		-3741.94		902.647	30990.7
50	439603		-1946.74		1235.22	29546
50	485651		-5475.5		896.862	27976.1
50	430161		-1658.34		1305.12	26784.8
50	478306		-4933.9		903.598	25274.9
50	415313		-1473.51		1304.51	24236.2
50	475639		-4769.71		884.411	22818.6
50	469717		-4004.43		873.351	20614.1
50	407566		-1391.53		1316.35	21954.9
50	406843		-1374.09		1328.11	19902.8
50	474678		-4682.58		858.399	18625.1
50	480747		-5796.79		844.436	16834.4
50	388921		-1223.1		1392.22	18109.4
50	383536		-1164.24		1376.06	16421.5
50	486702		-9718.81		850.325	15241.3
50	488166		-12138.1		839.685	13791.6
50	379821		-1087.99		1369.79	14910.7
50	489242		-12383.4		838.411	12495.1
50	377432		-1047.93		1375.33	13562.2
50	382094		-1032.51		1370.32	12338.5
50	486907		-10781.8		828.364	11319.4
50	380020		-1002.01		1418.55	11289.9
50	486830		-10621.6		818.665	10260.6
50	487714		-10437.2		807.998	9305.74
50	382724		-997.001		1391.61	10275.8
50	384370		-1005.66		1449.1	9444.88
50	483670		-9192.41		808.119	8456.09
50	478380		-7379.54		797.484	7680.66
50	390139		-1019.56		1426.2	8622.41
50	475957		-6472.78		801.57	6996.42
50	383652		-956.722		1408.44	7885.03
50	381140		-939.329		1403.81	7232.73
50	470626		-5717.6		811.897	6387.27
50	383580		-950.65		1401.91	6647.94
50	478082		-9091.91		826.708	5844.54
50	383150		-947.304		1387.08	6108.51
50	468124		-6183.57		822.702	5338.75
50	380583		-924.95		1389.06	5638.34
50	472494		-7471.18		831.527	4895.97
50	381035		-924.91		1362.78	5187.14
50	467434		-5840.02		828.309	4486.31
50	479319		-8509.6		832.007	4124.21
50	381566		-931.069		1418.08	4860
50	383701		-950.66		1459.5	4557.23
50	480137		-9263.02		827.167	3790.15
50	382936		-949.071		1450.78	4238.73
50	486398		-14917.7		827.978	3494.66
50	378846		-915.267		1430.15	3939.31
50	459659		-4159.59		822.833	3222.85
50	379106		-906.97		1410.41	3668.66
50	460894		-4397.64		828.32	2988.33
50	378580		-902.08		1390.38	3422.8
50	463896		-5291.79		823.832	2767.84
50	376918		-894.513		1388.13	3217.31
50	453099		-4251.93		814.609	2564.22
50	377998		-905.31		1437.06	3083.32
50	449996		-4332		822.308	2396.96
50	376723		-897.278		1480.3	2961.93
50	452741		-5101.5		824.161	2241.34
50	456145		-5564.11		822.033	2097.5
50	369317		-849.317		1445.95	2779.42
50	370224		-853.399		1446.25	2646.37
50	451948		-5095.93		820.821	1968.74
50	438163		-3450.16		819.013	1852.14
50	370689		-857.032		1490.68	2570.79
50	368718		-846.446		1457.6	2429.7
50	427749		-2897.93		817.94	1747.75
50	431874		-2951.05		811.072	1647.9
50	362701		-810.266		1441.87	2316.76
50	408165		-1987.93		800.61	1553.76
50	368232		-841.462		1440.9	2228.3
50	368437		-844.519		1484.35	2193.02
50	408033		-2000.74		797.762	1475.6
50	367931		-839.391		1452.72	2090.51
50	409549		-1969.92		776.439	1386.49
50	409045		-1954.63		781.064	1330.11
50	371864		-862.928		1498.79	2072.81
50	438232		-3611.89		783.552	1277.69
50	386683		-921.616		1531.23	2047.85
50	424261		-1083.81		1490.24	1955.19
50	460458		-8077.92		780.78	1225.51
50	493442		14069.9		788.674	1188.93
50	1.58021e+06		3074.85		1530.89	1949.35
50	1.51727e+06		3273.45		1566.52	1943.14
50	537604		3377.97		783.329	1143.56
50	537260		3288.77		771.929	1096.14
50	1.53546e+06		3261.24		1533.01	1871.96
50	1.69667e+06		2860.33		1493.77	1798.83
50	545425		2910.5		774.1	1065.89
50	1.71936e+06		2818.55		1477.32	1751.87
50	617132		1589.82		780.173	1042.78
50	1.95152e+06		2453.64		1448.69	1695.79
50	595664		1796.42		769.03	1005.38
50	1.83117e+06		2638.36		1435.75	1658.13
50	587303		1901.58		772.589	985.301
50	1.70267e+06		2926.92		1402.04	1602.18
50	596377		1767.88		770.289	961.73
50	1.77678e+06		2803.19		1444.85	1624.99
50	578576		2019.43		785.234	957.531
50	577158		1982.12		778.738	933.805
50	1.66313e+06		3000.87		1484.33	1646.45
50	1.61582e+06		3134.46		1467.19	1613.1
50	578906		1919.46		783.534	923.094
50	1.76756e+06		2806.66		1425.51	1556.83
50	579422		1946.82		770.38	895.984
50	593625		1752.21		766.159	879.202
50	1.74776e+06		2794.74		1467.63	1585.82
50	1.86553e+06		2550.04		1511.87	1618.23
50	559678		2295.01		798.165	899.905
50	570007		2088.83		810.781	902.346
50	1.98249e+06		2388.47		1455.93	1551.66
50	1.37757e+06		3858.38		1391.69	1477.85
50	549552		2558.08		878.284	960.693
50	1.41524e+06		3602.07		1454.63	1532.17
50	543416		2805.83		883.942	958.11
50	1.36813e+06		3735.54		1411.02	1480.81
50	535972		2973.24		877.905	944.656
50	530209		3266.6		854.39	914.466
50	1.40882e+06		3440.37		1368.4	1431.2
50	535658		3021.38		814.038	868.106
50	1.40737e+06		3404.06		1348.85	1405.38
50	1.49958e+06		3053.31		1313.5	1364.37
50	512452		4679.8		857.708	906.37
50	1.46073e+06		3146.3		1267.02	1312.81
50	518816		4127.24		829.385	873.181
50	1.42702e+06		3291.51		1279.74	1320.95
50	510003		5146.27		812.854	852.27
50	1.3079e+06		3803.04		1262.5	1299.59
50	511129		5085.56		819.625	855.099
50	503044		6166.17		839.406	871.332
50	1.29578e+06		3854.9		1258.97	1292.35
50	1.30395e+06		3622.47		1318.49	1348.53
50	517128		4712.14		879.027	907.761
50	522711		4376.62		926.748	952.609
50	1.30419e+06		3529.27		1330.58	1357.62
50	1.17532e+06		4624.83		1381.43	1405.76
50	511421		6245.91		919.182	942.456
50	516728		5590.87		916.963	937.91
50	1.17885e+06		4397.79		1358.59	1380.49
50	1.17512e+06		4344.64		1352.73	1372.44
50	513664		5961.47		903.502	922.355
50	1.17185e+06		4394.1		1407.05	1424.79
50	502020		9719.36		898.823	915.79
50	1.15992e+06		5014.19		1395.23	1411.2
50	501572		9286.38		898.888	914.159
50	1.18236e+06		4717.25		1385.77	1400.13
50	507084		7818.85		871.99	885.733
50	509251		7121.42		858.899	871.269
50	1.13242e+06		5534.43		1382.93	1395.86
50	1.16845e+06		4946.94		1370.67	1382.31
50	518425		6122.52		844.214	855.346
50	512687		7455.13		842	852.019
50	1.12389e+06		5837.23		1372.07	1382.55
50	1.17497e+06		4971.4		1354.68	1364.11
50	509504		8672.6		839.549	848.566
50	1.12886e+06		5981.5		1356.3	1364.78
50	516172		6880.15		849.119	857.234
50	1.15115e+06		5206.56		1409.12	1416.76
50	522834		5708.57		843.041	850.345
50	1.1666e+06		4892.04		1397.41	1404.28
50	518354		6137.78		838.728	845.301
50	1.14946e+06		5181.55		1388.3	1394.49
50	517044		6347.5		824.356	830.272
50	1.13799e+06		5434.65		1431.31	1436.87
50	507927		8660.41		826.806	832.131
50	1.11516e+06		5756.76		1437.12	1442.13
50	509637		8530.73		825.189	829.981
50	1.09838e+06		6084.95		1485.65	1490.16
50	494234		18654.2		827.943	832.255
50	1.1032e+06		5992.75		1467.41	1471.47
50	492675		22124.1		811.821	815.703
50	505552		9634.77		793.166	796.66
50	1.13642e+06		5665.27		1438.07	1441.72
50	1.11795e+06		5624.54		1488.05	1491.34
50	500891		11138.7		792.279	795.423
50	1.09101e+06		6496.1		1468.3	1471.26
50	501274		10572.1		791.664	794.494
50	1.07861e+06		7212.44		1480.5	1483.16
50	510508		7213.1		802.955	805.501
50	521790		5508.18		791.686	793.978
50	1.11617e+06		6381.37		1448.66	1451.05
50	1.114e+06		8012.19		1502	1504.16
50	530501		4182.73		811.47	813.532
50	1.114e+06		8012.19		1465.99	1467.93
50	526977		4374.98		809.739	811.596
50	1.114e+06		8012.19		1453.78	1455.53
50	519227		5790.69		811.004	812.675
50	434131		-1543.88		1429.46	1431.03
50	517282		6119.49		823.104	824.607
50	435800		-1571.82		1423.33	1424.74
50	509272		8472.08		811.2	812.553
50	435800		-1571.82		1463.46	1464.73
50	520972		5731.89		800.738	801.956
50	428733		-1521.6		1437.63	1438.77
50	504336		11204.7		801.325	802.421
50	429175		-1538.55		1479.11	1480.14
50	505376		10593.4		803.046	804.032
50	429175		-1538.55		1515.33	1516.26
50	506036		10503.3		786.221	787.108
50	958542		13060.1		1486.24	1487.07
50	512878		8431.92		779.914	780.713
50	966508		11877.8		1468.11	1468.86
50	512878		8431.92		801.652	802.371
50	491544		89423.9		819.002	819.65
50	926591		23524.8		1460.69	1461.37
50	944692		15400.2		1431.5	1432.1
50	489695		-67793.4		813.605	814.188
50	929440		32340.5		1426.24	1426.79
50	484565		-20131.8		804.496	805.02
50	940683		21844.1		1476.32	1476.82
50	481522		-15955.1		792.256	792.728
50	1.00881e+06		9646.17		1512.93	1513.38
50	476700		-11145.1		789.784	790.209
50	975229		12375.5		1491.45	1491.85
50	457936		-4616.89		797.651	798.033
50	1.12638e+06		6680.55		1451.68	1452.04
50	454430		-4181.17		792.464	792.807
50	1.08328e+06		7592.04		1494.21	1494.53
50	457146		-4658.69		792.31	792.619
50	1.25374e+06		4819.59		1452.54	1452.84
50	459909		-5442.81		787.685	787.964
50	1.2926e+06		4683.79		1448.66	1448.93
50	499278		13188.6		796.507	796.757
50	1.42378e+06		3867.75		1414.62	1414.85
50	489214		33305.9		797.88	798.105
50	1.47474e+06		3690.72		1400.25	1400.46
50	486829		58644.5		793.506	793.709
50	489370		33362.7		778.535	778.718
50	1.43187e+06		3820.97		1441.69	1441.89
50	1.44412e+06		3844.02		1428.77	1428.94
50	490988		26609.7		760.759	760.923
50	484483		103802		764.495	764.643
50	1.51802e+06		3600.87		1400.48	1400.64
50	1.55e+06		3491.53		1398.44	1398.58
50	482434		-479553		761.074	761.208
50	1.73843e+06		3018.84		1364.47	1364.59
50	483536		139400		778.878	778.998
50	488161		27440.2		770.758	770.865
50	1.7724e+06		2973.84		1370.48	1370.59
50	1.62087e+06		3259.16		1412.38	1412.48
50	493161		16889.7		772.584	772.682
50	1.61289e+06		3278.31		1402.8	1402.9
50	484157		203418		778.977	779.064
50	1.53906e+06		3488.04		1436.93	1437.01
50	478637		-32526.1		786.031	786.109
50	469693		-12528.9		776.041	776.112
50	1.55692e+06		3423.86		1426.07	1426.14
50	1.66573e+06		3082.15		1409.79	1409.86
50	468911		-11118.3		791.439	791.503
50	464568		-9167.75		786.274	786.331
50	1.63542e+06		3177.06		1391.53	1391.59
50	1.67036e+06		2992.47		1431.96	1432.02
50	470396		-14509.5		782.33	782.382
50	1.55367e+06		3230.76		1407.67	1407.72
50	467127		-11253.9		795.137	795.184
50	468221		-10690.6		786.056	786.098
50	1.57723e+06		3105.62		1437.68	1437.73
50	1.49919e+06		3379.73		1478.02	1478.06
50	465327		-8886.61		794.205	794.243
50	464802		-9028.01		793.695	793.729
50	1.4534e+06		3529.78		1517.52	1517.56
50	464630		-8910.11		798.844	798.875
50	1.4196e+06		3534.58		1478.23	1478.26
50	466998		-9321.29		820.726	820.754
50	1.3896e+06		3717.32		1453.14	1453.17
50	461110		-6913.53		835.348	835.373
50	465445		-7936.68		861.019	861.041
50	1.3384e+06		3878.44		1415.05	1415.08
50	1.39441e+06		3602.52		1411.47	1411.49
50	464634		-7623.15		857.41	857.43
50	451022		-4808.35		872.437	872.455
50	1.20766e+06		4630.51		1366.25	1366.27
50	449843		-4617.97		881.476	881.492
50	1.16651e+06		5055.45		1304.95	1304.97
50	442568		-3754.71		886.547	886.561
50	950382		19113.1		1333.07	1333.08
50	460410		-6268.22		923.55	923.563
50	949733		18596.9		1273.29	1273.31
50	434802		-3182.52		1009.12	1009.13
50	958290		15966.6		1250.27	1250.28
50	950400		14508.9		1222.35	1222.36
50	436567		-3277.51		1019.85	1019.86
50	429048		-2827.25		1085.1	1085.11
50	919764		26808.6		1174.46	1174.47
50	422591		-2510.44		1100.98	1100.99
50	907542		34053.3		1140.87	1140.88
50	424060		-2564.12		1122.55	1122.56
50	374691		-896.654		1124.23	1124.23
50	367152		-880.892		1110.13	1110.14
50	405909		-1894.73		1125.72	1125.73
50	400830		-1773.44		1129.91	1129.92
50	400210		-1025.34		1094.83	1094.84
50	399363		-1040.44		1125.32	1125.33
50	382690		-1382.54		1141.5	1141.5
50	399740		-1046.74		1193.09	1193.09
50	382052		-1379.53		1120.03	1120.04
50	396846		-1025.16		1181.33	1181.33
50	381936		-1378.36		1086.15	1086.16
50	393791		-1001.97		1180.01	1180.02
50	377179		-1326.71		1073.78	1073.79
50	397617		-1013.58		1191.72	1191.72
50	378492		-1346.47		1068.42	1068.42
50	380511		-1369.84		1034.75	1034.75
50	404707		-1061.28		1197.9	1197.9
50	404821		-1062.23		1180.2	1180.21
50	373334		-1280.28		994.995	994.998
50	376336		-1315.28		961.356	961.359
50	404727		-1052.32		1188.35	1188.35
50	399865		-1020.59		1208.43	1208.44
50	383475		-1413.71		944.663	944.665
50	390604		-1524.75		934.539	934.541
50	394272		-977.433		1199.02	1199.02
50	398289		-1659.77		929.559	929.561
50	390163		-951.683		1266.72	1266.72
50	415786		-2084.1		928.069	928.071
50	397225		-997.791		1325.82	1325.82
50	397184		-998.121		1311.5	1311.5
50	416374		-2107.52		904.969	904.971
50	395196		-983.273		1311.2	1311.2
50	442800		-3167.53		875.779	875.781
50	439994		-2958.63		904.838	904.839
50	389653		-950.763		1357.29	1357.3
50	386584		-925.262		1402.81	1402.81
50	448432		-3414.8		902.023	902.024
50	457291		-4172.91		898.235	898.236
50	385591		-918.493		1451.07	1451.07
50	389546		-958.575		1493.21	1493.22
50	458359		-4283.91		881.62	881.621
50	388599		-947.22		1482.43	1482.43
50	449684		-3623.05		884.739	884.74
50	473766		-6542.63		876.538	876.539
50	386341		-933.643		1455.98	1455.98
50	393703		-981.416		1504.55	1504.55
50	481524		-9442.8		877.739	877.74
50	392037		-970.954		1532.66	1532.66
50	484308		-10640		869.035	869.036
50	390601		-970.693		1558.63	1558.63
50	477668		-7713.3		863.766	863.766
50	487865		-12074		842.313	842.314
50	389351		-963.992		1529.2	1529.2
50	391024		-974.82		1565.87	1565.87
50	493399		-22612		850.697	850.698
50	392011		-976.419		1594.39	1594.39
50	493220		-21073.1		843.345	843.345
50	386370		-928.486		1562.64	1562.64
50	488094		-12215.4		821.309	821.31
50	496224		-20378.9		814.06	814.061
50	386436		-927.639		1540.53	1540.53
50	491997		-12829.5		824.187	824.187
50	388976		-948.758		1583.45	1583.45
50	389742		-970.069		1613.71	1613.71
50	486882		-9751.11		822.283	822.283
50	389721		-970.697		1632.92	1632.92
50	484333		-9316.67		838.91	838.91
50	390076		-963.495		1591.74	1591.74
50	476366		-7114.11		827.365	827.365
50	475495		-7004.15		816.361	816.361
50	383269		-925.255		1563.23	1563.24
50	478359		-7346.58		803.073	803.073
50	383184		-927.038		1514.84	1514.84
50	459320		-3904.42		903.892	903.892
50	382893		-929.564		1510.46	1510.46
50	413348		-1090.64		1435.88	1435.88
50	472898		-5922.59		962.668	962.668
50	409913		-1066.59		1417.16	1417.16
50	472316		-6378.22		937.698	937.698
50	473039		-6617.53		920.747	920.748
50	415984		-1112.45		1405.07	1405.07
50	420539		-1135.08		1445.79	1445.79
50	470252		-6038.56		907.473	907.473
50	426629		-1166.95		1430.03	1430.03
50	463909		-5129.73		899.386	899.386
50	462712		-5050.7		890.121	890.121
50	699573		-4651.57		1421.87	1421.87
50	446366		-1245.76		1413.73	1413.73
50	470032		-6729.44		875.839	875.839
50	750954		-6577.96		1404.12	1404.12
50	436956		-2811.05		865.266	865.266
50	795789		-10658.7		1450.01	1450.01
50	439678		-2930.72		857.996	857.997
50	761822		-7054.31		1490.18	1490.18
50	428690		-2361.53		851.835	851.835
50	761822		-7054.31		1528.41	1528.41
50	423785		-2199.93		840.471	840.471
50	448238		-3556.15		833.926	833.927
50	956835		15478.7		1567.66	1567.66
50	1.00755e+06		9437.32		1536.68	1536.68
50	447075		-3630.41		839.597	839.597
50	1.02564e+06		8764.97		1516.6	1516.6
50	525896		5569.86		848.85	848.85
50	1.19237e+06		4724.72		1474.13	1474.13
50	524475		5723.88		833.957	833.957
50	528869		5157.97		850.254	850.254
50	1.18802e+06		4843.53		1516.26	1516.26
50	1.18777e+06		4934.47		1510.07	1510.07
50	533545		4654.58		866.108	866.108
50	1.13891e+06		5785.49		1486.65	1486.65
50	535017		4468.49		899.009	899.009
50	1.14976e+06		5705.29		1456.39	1456.39
50	534947		4588.18		887.631	887.631
50	1.06838e+06		8028.04		1447.33	1447.33
50	534046		4638.21		898.427	898.427
50	1.18202e+06		5172.27		1414.94	1414.94
50	537418		4175.22		896.405	896.405
50	1.07146e+06		7873.81		1423.76	1423.76
50	529727		4940.78		878.43	878.43
50	1.06414e+06		7514.53		1433.21	1433.21
50	547701		3495.24		854.062	854.062
50	543005		3758.53		870.474	870.474
50	964555		14465		1386.93	1386.93
50	551189		3265.69		880.375	880.375
50	913692		32499		1370.68	1370.68
50	876122		-309885		1302.04	1302.04
50	553280		3098.61		891.645	891.645
50	876122		-309885		1293.92	1293.92
50	539838		3663.53		869.879	869.879
50	900995		44859.6		1294.41	1294.41
50	522146		5551.23		852.115	852.115
50	875818		122852		1267.47	1267.47
50	514934		6746.98		857.765	857.765
50	491947		33659.7		967.866	967.866
50	864930		175694		1222.89	1222.89
50	478696		-24609.7		981.076	981.076
50	775925		-12787.8		1180.52	1180.52
50	465905		-8982.69		1008.73	1008.73
50	719964		-6962.46		1137.32	1137.32
50	465955		-8663.75		1083.61	1083.61
50	344615		-803.799		1100.97	1100.97
50	458195		-5730.25		1106.83	1106.83
50	328883		-755.489		1075.64	1075.64
50	325018		-744.338		1029.29	1029.29
50	432329		-2961.06		1099.02	1099.02
50	434418		-3054.45		1070.54	1070.54
50	317028		-718.426		1043.6	1043.6
50	433517		-2995.63		1055.77	1055.77
50	346264		-846.293		994.878	994.878
50	432302		-2890.31		1030.41	1030.41
50	343046		-863.544		1029.17	1029.17
50	419449		-2311.92		1012.4	1012.4
50	356404		-937.462		1058.82	1058.82
50	357313		-939.262		1070.72	1070.72
50	413361		-2092.48		979.531	979.531
50	356152		-931.476		1084.04	1084.04
50	414727		-2100.9		954.778	954.778
50	418591		-2257.56		950.514	950.514
50	361936		-967.058		1095.75	1095.75
50	404885		-1838.62		939.451	939.451
50	360653		-950.424		1118.48	1118.48
50	414385		-2101.32		920.844	920.844
50	359397		-941.991		1145.25	1145.25
50	359178		-940.343		1158.88	1158.88
50	410633		-1992.3		921.46	921.46
50	360642		-955.042		1192.99	1192.99
50	412080		-2015.5		910.995	910.995
50	361775		-957.176		1259.69	1259.69
50	413274		-2046.98		887.748	887.748
50	360648		-954.85		1265.53	1265.53
50	413215		-2042.21		868.608	868.608
50	417018		-2160.04		864.237	864.237
50	362579		-958.176		1315.16	1315.16
50	359003		-961.045		1375.73	1375.73
50	434030		-2968.78		853.137	853.137
50	343977		-885.725		1351.35	1351.35
50	420780		-2369.56		851.074	851.074
50	344039		-884.208		1346.92	1346.92
50	421524		-2314.43		847.979	847.979
50	344039		-884.208		1398.48	1398.48
50	419687		-2186.64		847.673	847.673
50	340246		-848.651		1390.21	1390.21
50	422916		-2325.3		848.854	848.854
50	344773		-876.458		1368.27	1368.27
50	431523		-2630.23		839.028	839.028
50	432373		-2668.56		854.399	854.399
50	345244		-878.074		1357.41	1357.41
50	432360		-2608.96		846.884	846.884
50	350030		-898.85		1358.99	1358.99
50	351112		-904.384		1413.06	1413.06
50	428146		-2360.67		843.959	843.959
50	350331		-888.217		1400.07	1400.07
50	427507		-2280.74		836.016	836.016
50	350063		-883.872		1441.72	1441.72
50	429689		-2361.98		826.826	826.826
50	350295		-872.951		1412.37	1412.37
50	430440		-2383.9		818.148	818.148
50	351309		-851.664		1393.05	1393.05
50	431099		-2403.4		813.864	813.864
50	348855		-862.45		1436.32	1436.32
50	438891		-2660.58		819.266	819.266
50	441452		-2684.32		818.06	818.06
50	349417		-863.127		1480.34	1480.34
50	346016		-823.93		1522.31	1522.31
50	440942		-2641.72		817.859	817.859
50	342236		-817.996		1492.23	1492.23
50	446066		-2840.78		794.929	794.929
50	443009		-2601.22		796.672	796.672
50	353254		-894.033		1486.34	1486.34
50	439753		-2450.29		797.138	797.138
50	357837		-935.581		1431.51	1431.51
50	360630		-958.81		1427.49	1427.49
50	451050		-2828.64		838.785	838.785
50	445344		-2468		944.355	944.355
50	365159		-969.405		1406.82	1406.82
50	443047		-2320.73		1031.68	1031.68
50	355494		-920.88		1352.61	1352.61
50	421190		-1695.18		1061.94	1061.94
50	345662		-863.978		1299.13	1299.13
50	412705		-1527.19		1137.38	1137.38
50	345003		-855.921		1246.97	1246.97
50	403421		-1367.03		1158.65	1158.65
50	343272		-849.085		1202.47	1202.47
50	340683		-843.148		1165.6	1165.6
50	391004		-1209.71		1168.63	1168.63
50	373658		-1011.44		1235.78	1235.78
50	346646		-871.794		1122.88	1122.88
50	375610		-1014.34		1302.92	1302.92
50	343718		-854.899		1092.54	1092.54
50	335569		-795.992		1042.09	1042.09
50	365514		-917.055		1294.19	1294.19
50	330940		-759.4		1020.4	1020.4
50	366579		-925.95		1292.98	1292.98
50	332795		-752.413		994.086	994.086
50	363098		-897.474		1281.49	1281.49
50	341972		-782.742		963.026	963.026
50	369263		-949.863		1268.6	1268.6
50	369359		-947.873		1264.15	1264.15
50	359588		-862.788		925.839	925.839
50	369973		-959.685		1328.81	1328.81
50	368717		-926.674		914.204	914.204
50	372544		-988.324		1290.01	1290.01
50	369436		-896.819		888.028	888.028
50	373864		-915.868		877.257	877.257
50	375061		-1024.06		1223.55	1223.55
50	368482		-874.834		865.154	865.154
50	374778		-1025.01		1200.18	1200.18
50	375381		-1029.31		1145.05	1145.05
50	358320		-823.96		857.553	857.553
50	365823		-951.363		1105.34	1105.34
50	361968		-836.302		851.22	851.22
50	357563		-814.895		837.174	837.174
50	365458		-951.336		1053.64	1053.64
50	380720		-1075.99		1042.78	1042.78
50	357775		-833.889		840.439	840.439
50	376104		-1051.28		1025.56	1025.56
50	345618		-779.297		828.335	828.335
50	376686		-1053.17		1013.3	1013.3
50	343118		-772.998		820.982	820.982
50	378417		-1073.86		1008.15	1008.15
50	338852		-747.283		825.917	825.917
50	379084		-1087.91		1025.02	1025.02
50	337840		-746.573		858.599	858.599
50	383134		-1103.86		1038.54	1038.54
50	350396		-807.536		919.31	919.31
50	389860		-1164.53		1092.55	1092.55
50	341670		-762.745		917.118	917.118
50	394586		-1193.16		1159.79	1159.79
50	344621		-773.971		902.35	902.35
50	391607		-1140.62		1168.94	1168.94
50	347619		-801.14		894.407	894.407
50	345547		-794.404		879.15	879.15
50	379776		-1047.23		1239.27	1239.27
50	365244		-922.789		855.73	855.73
50	382841		-1048.59		1240.14	1240.14
50	389320		-1085.97		1309.33	1309.33
50	369618		-971.69		858.1	858.1
50	367715		-969.462		851.764	851.764
50	385773		-1054.38		1304.69	1304.69
50	385458		-1046.1		1358.31	1358.31
50	374829		-1027.28		832.318	832.318
50	381932		-1120.29		854.715	854.715
50	397075		-1126.6		1354.02	1354.02
50	392100		-1087.44		1399.25	1399.25
50	374685		-1065.92		844.776	844.776
50	381951		-1154.31		840.004	840.004
50	405352		-1186.92		1448.94	1448.94
50	403383		-1163.66		1420.65	1420.65
50	380434		-1159.29		833.494	833.494
50	404831		-1165.31		1460.95	1460.95
50	384819		-1213.89		826.171	826.171
50	400436		-1130.09		1501.6	1501.6
50	390987		-1324.79		818.006	818.006
50	398717		-1462.24		836.495	836.495
50	406717		-1155.99		1521.81	1521.81
50	415322		-1200.84		1494.89	1494.89
50	401145		-1543.66		824.855	824.855
50	429708		-1282.97		1532.71	1532.71
50	409894		-1742.69		817.042	817.042
50	435549		-1302.23		1514.92	1514.92
50	416231		-1929.39		816.765	816.765
50	444654		-1343.89		1500.91	1500.91
50	429871		-2445.69		819.832	819.832
50	451772		-3876.56		815.41	815.41
50	467118		-1532.56		1535.27	1535.27
50	487813		-1695.91		1522.65	1522.65
50	447828		-3666.69		809.773	809.773
50	522870		-2001.31		1497.7	1497.7
50	500496		42307.7		813.492	813.492
50	628932		-3736.4		1481.25	1481.25
50	518044		8455.1		823.936	823.936
50	1.11525e+06		4245.69		1505.49	1505.49
50	549828		3880.66		809.443	809.443
50	1.09708e+06		4454.99		1545.48	1545.48
50	559070		3323.37		813.012	813.012
50	1.11102e+06		4327.2		1511.11	1511.11
50	556642		3444.9		815.617	815.617
50	1.06653e+06		4967.63		1500.44	1500.44
50	563416		3173.97		814.942	814.942
50	1.04933e+06		5322.4		1472.24	1472.24
50	548584		3781.59		805.089	805.089
50	1.04933e+06		5322.4		1439.16	1439.16
50	546757		3850.68		808.368	808.368
50	1.11416e+06		4308.76		1413.67	1413.67
50	553391		3369.59		812.543	812.543
50	1.23886e+06		3425.21		1385.97	1385.97
50	550745		3470.66		810.71	810.71
50	1.12437e+06		4205.08		1431.83	1431.83
50	550819		3340.37		806.303	806.303
50	1.03207e+06		5335.43		1479.62	1479.62
50	557654		3040.65		802.211	802.211
50	1.06991e+06		4661.64		1448.55	1448.55
50	551301		3217.65		796.105	796.105
50	1.08206e+06		4461.49		1493.45	1493.45
50	565113		2739.94		792.824	792.824
50	1.41368e+06		2718.41		1522.72	1522.72
50	560506		2853.49		778.451	778.451
50	549822		3168.31		900.014	900.014
50	612210		-3488.98		1462.55	1462.55
50	576164		-2783.61		1497.69	1497.69
50	551046		3073.99		907.24	907.24
50	543786		3350.65		1001.76	1001.76
50	544021		-2281.53		1419.63	1419.63
50	651355		-4591.87		1391.67	1391.67
50	549217		3026.62		968.924	968.924
50	549495		3012.76		964.473	964.473
50	667177		-4734.17		1371.21	1371.21
50	668259		-4657.63		1362.1	1362.1
50	547007		2960.33		957.685	957.685
50	787973		-18538.5		1357.6	1357.6
50	512185		5769.82		937.705	937.705
50	2.11491e+06		1966.73		1396.42	1396.42
50	510177		6061.77		908.927	908.927
50	512052		5761.8		945.909	945.909
50	810592		-34327.7		1396.28	1396.28
50	782605		-13835.9		1330.91	1330.91
50	512230		6220.44		933.732	933.732
50	502805		8696.29		953.49	953.49
50	846084		-123668		1312.28	1312.28
50	1.89094e+06		2330.12		1374.74	1374.74
50	501954		8603.15		942.757	942.757
50	510660		5960.74		941.698	941.698
50	1.74338e+06		2598.93		1327.48	1327.48
50	504822		7274.68		977.255	977.255
50	506601		-1665.64		1300.73	1300.73
50	425589		-1121.37		1251.46	1251.46
50	481852		88596.4		1013.82	1013.82
50	398781		-984.894		1197.46	1197.46
50	470739		-19662.2		1096.45	1096.45
50	400853		-1000.74		1215.65	1215.65
50	470236		-18054.8		1137.94	1137.94
50	468329		-13496.2		1098.32	1098.32
50	407127		-1020.21		1215.55	1215.55
50	403427		-1016.78		1284.11	1284.11
50	461717		-9738.57		1063.88	1063.88
50	403032		-1011.97		1296.16	1296.16
50	480120		37556.2		1020.82	1020.82
50	457262		-7739.07		1058.36	1058.36
50	408075		-1030.51		1248.88	1248.88
50	410840		-1043.52		1278.95	1278.95
50	446175		-5117.65		1026.31	1026.31
50	443447		-4510.39		1038.14	1038.14
50	391124		-940.047		1287.64	1287.64
50	399545		-987.543		1251.06	1251.06
50	452206		-5915.81		1086.46	1086.46
50	386510		-908.592		1212.77	1212.77
50	450098		-5806.56		1059.11	1059.11
50	395812		-973.221		1178.28	1178.28
50	460068		-9733.92		1034.06	1034.06
50	390628		-953.6		1133.05	1133.05
50	471301		-28479.8		982.77	982.77
50	437383		-3728.64		1016.18	1016.18
50	378095		-911.714		1098.67	1098.67
50	421978		-2620.11		1033.75	1033.75
50	369496		-867.06		1051.77	1051.77
50	419679		-2412.81		1045.06	1045.06
50	358070		-821.675		1001.32	1001.32
50	412614		-2128.83		1051.2	1051.2
50	353466		-811.673		977.586	977.586
50	351376		-810.919		942.243	942.243
50	399093		-1629.81		1060.99	1060.99
50	398147		-1569.46		1127.08	1127.08
50	363036		-877.467		912.827	912.827
50	349708		-798.776		895.928	895.928
50	395367		-1443.74		1127.44	1127.44
50	400442		-1465.17		1125.04	1125.04
50	349106		-801.534		891.219	891.219
50	394761		-1360.59		1122.68	1122.68
50	356587		-841.73		863.912	863.912
50	362605		-886.991		852.914	852.914
50	382859		-1162.71		1133.44	1133.44
50	361864		-885.352		855.808	855.808
50	372481		-1072.91		1167.02	1167.02
50	362686		-884.333		853.092	853.092
50	363680		-973.024		1237.99	1237.99
50	367040		-998.681		1304.87	1304.87
50	359586		-874.683		845.628	845.628
50	366259		-912.876		840.45	840.45
50	364786		-963.512		1352.63	1352.63
50	360626		-927.932		1359.35	1359.35
50	367760		-939.705		841.034	841.034
50	376198		-996.172		836.664	836.664
50	363160		-930.376		1343.06	1343.06
50	365240		-931.378		1340.63	1340.63
50	379769		-1046.48		840.806	840.806
50	362022		-888.38		1323.72	1323.72
50	382442		-1082.69		834.073	834.073
50	363040		-883.13		1376.92	1376.92
50	393705		-1184.95		832.092	832.092
50	393629		-1179.94		839.102	839.102
50	363657		-872.12		1384.34	1384.34
50	370660		-905.362		1371.3	1371.3
50	392312		-1178.96		832.975	832.975
50	376523		-928.269		1377.21	1377.21
50	386719		-1135.81		838.332	838.332
50	396464		-1235.78		827.623	827.623
50	383395		-957.732		1366.99	1366.99
50	366540		-847.228		1370.67	1370.67
50	399024		-1279.11		827.902	827.902
50	376210		-884.148		1345.09	1345.09
50	393453		-1219.06		812.444	812.444
50	370454		-842.164		1345.16	1345.16
50	394001		-1243.31		812.283	812.283
50	383454		-888.902		1342.55	1342.55
50	396410		-1285.95		812.899	812.899
50	403750		-1397.8		812.486	812.486
50	405939		-1003.28		1338.27	1338.27
50	423152		-1071.12		1340.32	1340.32
50	409184		-1493.82		807.713	807.713
50	444462		-1157.98		1386	1386
50	423247		-1751.14		799.827	799.827
50	444462		-1157.98		1370.57	1370.57
50	428986		-1876.42		783.237	783.237
50	444462		-1157.98		1424.02	1424.02
50	450694		-2681.77		807.664	807.664
50	444462		-1157.98		1401.35	1401.35
50	451901		-2714.82		793.787	793.787
50	445736		-2434.91		794.242	794.242
50	718327		-4003.63		1335.49	1335.49
50	482369		-1347.5		1291.6	1291.6
50	462440		-3430.17		796.568	796.568
50	511450		-1549.55		1244.9	1244.9
50	461170		-3323.82		793.194	793.194
50	448357		-2676.31		785.793	785.793
50	481568		-1426.98		1216.12	1216.12
50	478888		-1406.01		1186.31	1186.31
50	460781		-3455.55		788.024	788.024
50	474305		-1408.53		1177.9	1177.9
50	474245		-4500.79		793.092	793.092
50	497585		-1538.75		1183.47	1183.47
50	492428		-7583.47		854.725	854.725
50	866525		-41085.8		1198.81	1198.81
50	510596		-33268.3		844.53	844.53
50	866525		-41085.8		1198.32	1198.32
50	639215		1963.72		848.876	848.876
50	661502		1704.03		845.519	845.519
50	954611		16736.2		1209.91	1209.91
50	971135		15172.8		1220.98	1220.98
50	666701		1652.57		829.103	829.103
50	693040		1475.16		933.993	933.993
50	798831		-11347.9		1173.81	1173.81
50	726895		-5320.56		1235.96	1235.96
50	633737		2015.32		978.149	978.149
50	585987		3035.01		977.831	977.831
50	800766		-10987.9		1194.28	1194.28
50	639524		1915.5		963.056	963.056
50	625818		-2817.54		1130.49	1130.49
50	582913		3125.34		936.49	936.49
50	546326		-1880.46		1072.97	1072.97
50	645990		-3207.44		1110.45	1110.45
50	585822		3004.96		930.534	930.534
50	660081		-3444.46		1121.81	1121.81
50	568198		3846.39		907.313	907.313
50	660904		-3510.75		1195.73	1195.73
50	571735		3602.72		890.028	890.028
50	574982		3523.68		870.711	870.711
50	648014		-3267.41		1206.13	1206.13
50	624624		-2865.5		1192.28	1192.28
50	571818		3639.1		854.49	854.49
50	622666		-2864.28		1196.78	1196.78
50	568807		3723.61		849.359	849.359
50	616872		-2844.66		1264.2	1264.2
50	561345		4087.81		842.554	842.554
50	611886		-2794.78		1254.98	1254.98
50	555406		4402.33		821.341	821.341
50	597741		-2575.18		1251.75	1251.75
50	555258		4291.18		806.956	806.956
50	538728		5638.16		790.773	790.773
50	577106		-2313.59		1244.21	1244.21
50	588726		-2475.25		1234.87	1234.87
50	568203		3299.68		780.319	780.319
50	595341		-2483.11		1240.04	1240.04
50	574927		2970.2		779.798	779.798
50	568073		3108.22		772.143	772.143
50	588874		-2455.42		1208.46	1208.46
50	575293		2896.48		799.33	799.33
50	555730		-2075.11		1179.05	1179.05
50	520135		-1772.18		1168.83	1168.83
50	580321		2690.45		829.98	829.98
50	578629		2760.49		820.744	820.744
50	510121		-1695.41		1112.46	1112.46
50	539574		4784.21		846.921	846.921
50	493585		-1604.83		1142.59	1142.59
50	493274		-1610.53		1190.52	1190.52
50	544543		4629.92		898.635	898.635
50	537346		5411.5		905.154	905.154
50	494375		-1640.72		1153.09	1153.09
50	487967		-1592.82		1117.56	1117.56
50	529194		6497.14		900.977	900.977
50	487650		-1626.88		1101.53	1101.53
50	531748		5961.74		904.65	904.65
50	530778		6677.71		914.584	914.584
50	495224		-1687.98		1156.33	1156.33
50	471877		-1549.1		1120.99	1120.99
50	531694		6750.9		913.602	913.602
50	518532		10510.3		921.502	921.502
50	444040		-1411.84		1075.85	1075.85
50	457924		-1578.1		1119.1	1119.1
50	516585		11297.9		938.776	938.776
50	466144		-1622.83		1139.09	1139.09
50	525325		8518.24		927.261	927.261
50	471000		-1679.55		1210.15	1210.15
50	520957		9539.54		919.101	919.101
50	469891		-1675.94		1205.74	1205.74
50	513820		11734.1		900.269	900.269
50	474201		-1603.42		1212.25	1212.25
50	511296		12047.7		886.171	886.171
50	472853		-1617.61		1277.65	1277.65
50	509260		12554.8		878.775	878.775
50	458747		-1543.26		1275.52	1275.52
50	506485		14669.3		857.2	857.2
50	496256		44130.4		849.027	849.027
50	461765		-1567.32		1277.03	1277.03
50	454082		-1492.81		1281.86	1281.86
50	498718		36920.3		844.384	844.384
50	497167		51482.4		836.594	836.594
50	461386		-1565.16		1259.15	1259.15
50	495022		173381		844.5	844.5
50	477635		-1588.54		1310.83	1310.83
50	481670		-1578.53		1365.57	1365.57
50	495512		296305		861.424	861.424
50	482332		-1507.92		1343.91	1343.91
50	496883		-172950		859.485	859.485
50	479635		-1426.3		1388.57	1388.57
50	513873		18917.2		872.937	872.937
50	471857		-1327.75		1372.89	1372.89
50	511175		40569.4		876.429	876.429
50	472837		-1303.01		1335.64	1335.64
50	496457		-28112.6		854.504	854.504
50	485661		-13881.8		841.018	841.018
50	477783		-1347.4		1321.98	1321.98
50	470198		-1258.11		1289.91	1289.91
50	477347		-10058.6		821.579	821.579
50	468399		-1241.78		1268.34	1268.34
50	482323		-11526.4		806.251	806.251
50	485874		-12707.2		790.841	790.841
50	463722		-1178.28		1248.39	1248.39
50	492415		-21837.9		826.297	826.297
50	470618		-1240.5		1244.71	1244.71
50	461905		-1190.1		1229.45	1229.45
50	479380		-10263.8		824.096	824.096
50	467858		-1228.56		1294.55	1294.55
50	484450		-20507.5		841.053	841.053
50	468687		-1224.01		1273.68	1273.68
50	483602		-20483.3		836.587	836.587
50	492172		-1323.94		1268.36	1268.36
50	473228		-9729.79		831.912	831.912
50	521158		-1488.82		1246.1	1246.1
50	474927		-10634.1		820.532	820.532
50	526351		-1462.02		1241.28	1241.28
50	466574		-7112.38		821.421	821.421
50	528656		-1470.36		1225.05	1225.05
50	459245		-5662.61		810.094	810.094
50	518647		-1448.67		1292.04	1292.04
50	460224		-5894.38		815.513	815.513
50	524403		-1462.11		1273.83	1273.83
50	460480		-6023.14		806.523	806.523
50	457719		-5757.3		810.282	810.282
50	526078		-1467.54		1250.98	1250.98
50	458870		-5927.16		800.874	800.874
50	514336		-1447.67		1242.66	1242.66
50	455373		-5246.21		815.677	815.677
50	514336		-1447.67		1240.28	1240.28
50	457884		-5519.96		876.505	876.505
50	457080		-1142.06		1234.98	1234.98
50	455309		-1131.18		1285.89	1285.89
50	459448		-5411.2		886.466	886.466
50	464733		-5702.65		978.028	978.028
50	475474		-1257.12		1230.39	1230.39
50	447137		-3884.91		1085.39	1085.39
50	465159		-1219.74		1183.25	1183.25
50	465159		-1219.74		1145.91	1145.91
50	440657		-3070.56		1092.7	1092.7
50	424812		-2235.4		1107.96	1107.96
50	429190		-1059.84		1112.95	1112.95
50	414584		-1893.63		1118.74	1118.74
50	397722		-953.316		1079.98	1079.98
50	386389		-1316.26		1117.29	1117.29
50	396755		-960.552		1057.67	1057.67
50	374443		-847.22		1032.15	1032.15
50	386072		-1292.89		1100.81	1100.81
50	375084		-840.745		1014.1	1014.1
50	367981		-1062.23		1108.77	1108.77
50	371019		-825.215		990.111	990.111
50	361013		-1005.58		1098.88	1098.88
50	368399		-814.559		982.173	982.173
50	338441		-816.68		1117.13	1117.13
50	333458		-776.496		1119.21	1119.21
50	350499		-747.285		974.176	974.176
50	331368		-768.484		1111.89	1111.89
50	346475		-731.708		945.675	945.675
50	328632		-745.153		1124.3	1124.3
50	338052		-712.317		938.753	938.753
50	324733		-720.858		1194.85	1194.85
50	339703		-718.887		923.44	923.44
50	323802		-712.477		1165.63	1165.63
50	345023		-730.042		915.729	915.729
50	336962		-705.62		927.027	927.027
50	322418		-703.472		1198.95	1198.95
50	321092		-691.695		1164.21	1164.21
50	334962		-695.057		970.863	970.863
50	336960		-700.02		966.972	966.972
50	331387		-758.555		1132.85	1132.85
50	333587		-770.687		1091.72	1091.72
50	336497		-701.551		967.741	967.741
50	342484		-724.182		1023.2	1023.2
50	343000		-833.23		1075.25	1075.25
50	346959		-856.203		1064.93	1064.93
50	342404		-723.91		1016.65	1016.65
50	335084		-789.033		1058.07	1058.07
50	341768		-729.095		1021.63	1021.63
50	339117		-811.731		1064.04	1064.04
50	341534		-734.556		994.689	994.689
50	351059		-792.666		1007.84	1007.84
50	357539		-947.815		1075.91	1075.91
50	369939		-1043.37		1087.9	1087.9
50	347917		-784.026		1038.25	1038.25
50	364810		-988.337		1114.05	1114.05
50	349592		-807.365		1018.67	1018.67
50	361697		-949.937		1150.73	1150.73
50	344575		-791.745		1003.51	1003.51
50	338958		-777.431		1005.62	1005.62
50	358379		-919.992		1154.96	1154.96
50	343368		-803.122		982.949	982.949
50	356602		-901.798		1155.09	1155.09
50	347026		-821.782		1217.67	1217.67
50	343180		-812.699		969.162	969.162
50	338046		-793.983		969.575	969.575
50	352611		-868.935		1278.62	1278.62
50	345993		-815.455		1245.98	1245.98
50	343612		-823.083		930.109	930.109
50	354310		-851.515		1216.42	1216.42
50	342861		-819.221		993.625	993.625
50	341192		-813.243		1038.43	1038.43
50	356029		-849.673		1205.24	1205.24
50	363748		-882.001		1185.66	1185.66
50	342690		-823.312		1109.85	1109.85
50	352932		-796.161		1190.42	1190.42
50	341585		-802.993		1095.77	1095.77
50	353824		-795.972		1206.63	1206.63
50	342653		-818.375		1061.34	1061.34
50	360267		-813.707		1270.48	1270.48
50	345655		-848.417		1041.93	1041.93
50	365755		-830.285		1242.39	1242.39
50	348155		-870.627		1047.3	1047.3
50	374285		-852.271		1216.41	1216.41
50	350917		-893.781		1129.98	1129.98
50	371403		-839.143		1173.19	1173.19
50	358534		-961.207		1120.4	1120.4
50	363050		-995.758		1120.87	1120.87
50	395252		-963.474		1133.23	1133.23
50	360841		-978.945		1147.73	1147.73
50	399901		-1005.72		1125.08	1125.08
50	407259		-1011.33		1094.02	1094.02
50	358535		-953.532		1143.98	1143.98
50	359669		-967.329		1172.21	1172.21
50	411235		-1055.5		1085.69	1085.69
50	360858		-979.593		1241.22	1241.22
50	406170		-1019.1		1073.12	1073.12
50	350595		-890.625		1224.94	1224.94
50	404613		-1011.73		1044.27	1044.27
50	350501		-885.194		1286.49	1286.49
50	407023		-1019.43		1004.07	1004.07
50	400422		-997.18		986.293	986.293
50	343901		-834.944		1273.31	1273.31
50	400253		-1016.33		973.028	973.028
50	344954		-836.949		1274.09	1274.09
50	337141		-788.326		1268.49	1268.49
50	394976		-995.345		964.936	964.936
50	395257		-1026.78		962.386	962.386
50	336248		-771.16		1319.13	1319.13
50	397818		-1061.53		930.814	930.814
50	328158		-727.51		1299.68	1299.68
50	334014		-748.219		1265.1	1265.1
50	400643		-1078.5		900.387	900.387
50	409489		-1192.05		894.111	894.111
50	334541		-743.679		1263.23	1263.23
50	341356		-765.626		1246.11	1246.11
50	410712		-1219.51		882.144	882.144
50	414739		-1306.93		889.272	889.272
50	339782		-759.942		1236.57	1236.57
50	339675		-753.539		1235.07	1235.07
50	416429		-1372.36		890.98	890.98
50	341596		-759.153		1270.51	1270.51
50	413606		-1364.63		893.595	893.595
50	338866		-736.611		1275.01	1275.01
50	432242		-1676.19		904.372	904.372
50	438900		-1812.2		895.539	895.539
50	346187		-760.762		1254.77	1254.77
50	348429		-763.178		1258.68	1258.68
50	440544		-1934.88		914.778	914.778
50	443235		-2076.34		917.674	917.674
50	349641		-760.501		1252.53	1252.53
50	352399		-765.76		1302.85	1302.85
50	438290		-2007.2		915.12	915.12
50	355818		-775.803		1289.66	1289.66
50	434165		-1932.54		902.296	902.296
50	439780		-2158.05		912.801	912.801
50	365692		-829.983		1284.14	1284.14
50	439899		-2155.82		896.982	896.982
50	365126		-823.793		1269.03	1269.03
50	420165		-1698.26		870.272	870.272
50	369419		-855.918		1215.61	1215.61
50	370931		-859.334		1266.69	1266.69
50	412022		-1575.8		837.394	837.394
50	411380		-1596.36		818.294	818.294
50	378960		-924.345		1269.38	1269.38
50	379406		-930.414		1235.91	1235.91
50	402943		-1479.19		822.149	822.149
50	416947		-1711.02		840.644	840.644
50	389066		-1003.86		1206.96	1206.96
50	426857		-1905.68		883.064	883.064
50	393705		-1033.14		1180.31	1180.31
50	414909		-1639.48		894.508	894.508
50	390575		-992.804		1157.87	1157.87
50	395078		-1012.88		1214.56	1214.56
50	395254		-1383.13		872.638	872.638
50	414873		-1769.18		909.479	909.479
50	406211		-1063.67		1191.82	1191.82
50	413450		-1782.51		927.892	927.892
50	428360		-1201.19		1163.22	1163.22
50	454708		-1398.2		1140.14	1140.14
50	431688		-2400.58		953.021	953.021
50	468853		-1543.41		1129.08	1129.08
50	440004		-2867.59		947.443	947.443
50	512835		-1992.72		1189.47	1189.47
50	454518		-3710.91		922.527	922.527
50	438094		-2686.42		964.705	964.705
50	543457		-2488.13		1162.78	1162.78
50	433545		-2479.92		1009.9	1009.9
50	541890		-2562.42		1144.14	1144.14
50	426307		-2293.38		1084.79	1084.79
50	470780		-1648.92		1104.16	1104.16
50	422218		-2234.32		1115	1115
50	447775		-1487.29		1086.63	1086.63
50	426654		-2440.16		1170.2	1170.2
50	411397		-1199.47		1042.79	1042.79
50	397218		-1120.33		1127.72	1127.72
50	429059		-2531.19		1134.86	1134.86
50	433211		-2725.26		1122.63	1122.63
50	453769		-1562.94		1098.11	1098.11
50	474103		-1703.77		1109.39	1109.39
50	441036		-3137.98		1078.74	1078.74
50	447569		-3740.05		1041.47	1041.47
50	573133		-3270.54		1182.03	1182.03
50	567764		-3253.29		1246.41	1246.41
50	445353		-3955.58		1021.15	1021.15
50	592770		-3778.38		1246.58	1246.58
50	454599		-5257.85		1012.48	1012.48
50	437737		-3602.28		974.865	974.865
50	596689		-3945.45		1296.05	1296.05
50	576138		-3646.17		1298.7	1298.7
50	450955		-5094.92		1009.87	1009.87
50	475974		-1782.09		1244.78	1244.78
50	449701		-5288.03		1008.57	1008.57
50	452813		-5667.72		1054.77	1054.77
50	457999		-1647.63		1210.03	1210.03
50	457107		-6197.65		1095.01	1095.01
50	399862		-1157.05		1153.39	1153.39
50	456155		-5725.95		1179.93	1179.93
50	404091		-1263.25		1128.62	1128.62
50	445293		-4366.88		1160.72	1160.72
50	398281		-1232.27		1075.17	1075.17
50	404159		-1329.28		1069.96	1069.96
50	442101		-4093.82		1163.49	1163.49
50	440693		-4052.59		1140.07	1140.07
50	444029		-1854.92		1041.63	1041.63
50	442313		-1825.36		1122.57	1122.57
50	438675		-3792.81		1117.72	1117.72
50	437962		-1763.68		1207.08	1207.08
50	438644		-3882.52		1093.84	1093.84
50	442632		-1857.15		1196.07	1196.07
50	441782		-4241.24		1056.24	1056.24
50	429384		-1690.17		1225.89	1225.89
50	426443		-3211.58		1044.52	1044.52
50	445403		-1989.98		1216.55	1216.55
50	430594		-3404.24		1009.38	1009.38
50	426149		-3132.34		1000.74	1000.74
50	431300		-1741.19		1208.54	1208.54
50	433083		-1790.51		1219.16	1219.16
50	426092		-3127.79		973.182	973.182
50	434459		-1816.74		1218.84	1218.84
50	422363		-2909.79		956.898	956.898
50	418760		-1563.83		1227.41	1227.41
50	418267		-2756.07		940.946	940.946
50	419633		-1615.72		1286.14	1286.14
50	419504		-2801.36		919.981	919.981
50	401484		-1389.6		1274.54	1274.54
50	415905		-2669.2		899.56	899.56
50	413944		-2535.75		891.127	891.127
50	396160		-1352.88		1327.77	1327.77
50	411739		-2464.72		876.871	876.871
50	404023		-1478.3		1274.18	1274.18
50	404190		-1504.41		1326.64	1326.64
50	403322		-2210.15		866.569	866.569
50	395509		-1414.26		1378.49	1378.49
50	404024		-2321.13		863.791	863.791
50	402143		-2315.49		845.526	845.526
50	391426		-1353.34		1351.1	1351.1
50	389848		-1342.13		1326.54	1326.54
50	396537		-2184.78		840.047	840.047
50	386497		-1288.5		1375.89	1375.89
50	397066		-2220.85		821.67	821.67
50	385468		-1279.68		1331.22	1331.22
50	401746		-2362.8		802.82	802.82
50	398655		-2185.21		814.174	814.174
50	391000		-1363.21		1292.55	1292.55
50	389994		-1344.12		1338.97	1338.97
50	403689		-2340.28		805.916	805.916
50	376959		-1169.8		1332.14	1332.14
50	404583		-2381.34		797.449	797.449
50	374281		-1135.53		1320.23	1320.23
50	391627		-1977.38		805.603	805.603
50	369493		-1123.74		1365.23	1365.23
50	394894		-2089.97		818.741	818.741
50	396624		-2118.56		817.761	817.761
50	360335		-1049.93		1343.86	1343.86
50	399931		-2179.89		803.6	803.6
50	362801		-1042.19		1391.25	1391.25
50	406735		-2407.76		813.732	813.732
50	374638		-1204.3		1355.7	1355.7
50	367712		-1121.19		1293.36	1293.36
50	404120		-2294.53		847.588	847.588
50	404246		-2312.46		838.407	838.407
50	350626		-943.636		1270.9	1270.9
50	347678		-928.103		1236.93	1236.93
50	395598		-2123.61		831.076	831.076
50	420302		-3330.93		828.479	828.479
50	344830		-896.064		1225.53	1225.53
50	366390		-1001.46		1207.86	1207.86
50	425879		-3883.49		832.565	832.565
50	430099		-4396.07		822.97	822.97
50	386722		-1126.91		1182.1	1182.1
50	461580		-20866.7		824.732	824.732
50	443881		-1554.93		1159.1	1159.1
50	446006		-7380.14		838.258	838.258
50	443881		-1554.93		1118.98	1118.98
50	443881		-1554.93		1128.23	1128.23
50	464928		-49487		845.029	845.029
50	462500		-32247.5		855.325	855.325
50	469150		-1783.95		1109.42	1109.42
50	451527		-11269.2		877.674	877.674
50	459332		-1689.48		1104.4	1104.4
50	442165		-6701.47		883.417	883.417
50	419982		-1403.87		1056.21	1056.21
50	454645		-11859		885.632	885.632
50	396882		-1256.86		1037.12	1037.12
50	372560		-1078.7		993.807	993.807
50	462666		-23978.9		872.29	872.29
50	460559		-20619.5		861.563	861.563
50	377361		-1186.21		1012.27	1012.27
50	375785		-1158.92		1001.26	1001.26
50	444847		-7247.35		837.133	837.133
50	400403		-1347.87		1028.06	1028.06
50	432483		-4875.71		838.415	838.415
50	411256		-1431.85		1124.13	1124.13
50	444375		-8429.08		835.51	835.51
50	446049		-1765.16		1124.99	1124.99
50	439526		-7360.54		829.182	829.182
50	445944		-1657.4		1149.38	1149.38
50	448429		-12593.2		810.526	810.526
50	469660		-1923.03		1220.72	1220.72
50	452850		-20378.9		828.502	828.502
50	470103		17864.6		933.284	933.284
50	447837		-1672.45		1240.62	1240.62
50	423611		-1473.24		1231.38	1231.38
50	463351		86535		923.226	923.226
50	429523		-1536.36		1289.65	1289.65
50	478754		9664.33		922.972	922.972
50	488788		6678.54		1024.69	1024.69
50	435486		-1588.6		1317.46	1317.46
50	462284		83306.5		1120.63	1120.63
50	430118		-1617.67		1279.37	1279.37
50	445498		-10663.7		1115.2	1115.2
50	410059		-1410.63		1220.65	1220.65
50	430540		-5499.78		1139.09	1139.09
50	399071		-1316.17		1194.04	1194.04
50	403978		-1384.81		1261.82	1261.82
50	413482		-3174.47		1127.97	1127.97
50	413796		-3224.49		1115.91	1115.91
50	405986		-1420.39		1218.59	1218.59
50	395332		-1331.33		1175.72	1175.72
50	419260		-3658.45		1103.96	1103.96
50	416716		-3495.21		1068.69	1068.69
50	408315		-1505.82		1168.67	1168.67
50	413393		-1600.33		1225.81	1225.81
50	438075		-7673.18		1040.68	1040.68
50	420980		-1737.01		1282.39	1282.39
50	414935		-3773.62		1006.14	1006.14
50	426077		-1826.9		1238.9	1238.9
50	407318		-3346.66		969.72	969.72
50	414956		-4160.92		943.598	943.598
50	436549		-2067.93		1235.8	1235.8
50	435475		-2034.36		1201.92	1201.92
50	468847		27866.1		922.806	922.806
50	438228		-2126.2		1162.76	1162.76
50	461174		-42451.2		896.573	896.573
50	446783		-2409.87		1146.96	1146.96
50	471342		26554.2		910.526	910.526
50	450722		-2573.38		1122.09	1122.09
50	471606		36007		917.902	917.902
50	452344		-2653.64		1133.19	1133.19
50	459762		-24568.9		922.97	922.97
50	426177		-4082.14		928.1	928.1
50	454029		-2584.22		1109.52	1109.52
50	440616		-2101.79		1101.78	1101.78
50	424936		-4096.12		918.266	918.266
50	441815		-2126.7		1175.47	1175.47
50	422255		-3814.77		914.647	914.647
50	439063		-2061.19		1182.31	1182.31
50	423307		-3949.31		895.437	895.437
50	423001		-3944.91		877.982	877.982
50	440978		-2121.84		1168.39	1168.39
50	435815		-5536.99		873.415	873.415
50	444713		-2241.65		1143.46	1143.46
50	447060		-2313.42		1228.05	1228.05
50	445616		-9294.26		888.166	888.166
50	441255		-8036.87		894.698	894.698
50	439949		-2150.6		1212.51	1212.51
50	428259		-4916.38		903.959	903.959
50	428566		-1694.38		1238.32	1238.32
50	423813		-4209.97		906.064	906.064
50	412438		-1501.81		1192.97	1192.97
50	414437		-1612.46		1149.86	1149.86
50	431842		-5490.65		895.677	895.677
50	428480		-4826.22		876.944	876.944
50	409162		-1524.22		1131.3	1131.3
50	414319		-1627.99		1214.85	1214.85
50	426147		-5398.4		872.903	872.903
50	420193		-1749.83		1203.07	1203.07
50	420610		-4750.13		865.238	865.238
50	418120		-1695.55		1155.53	1155.53
50	419321		-4639.47		889.361	889.361
50	408427		-1516.59		1144.58	1144.58
50	409609		-3914.66		906.433	906.433
50	396962		-1396.56		1117.92	1117.92
50	425723		-6175.09		952.595	952.595
50	436266		-10123.2		963.932	963.932
50	391904		-1341.24		1144.79	1144.79
50	397083		-1392.22		1232.47	1232.47
50	440417		-11190.4		955.603	955.603
50	458862		30669.1		956.471	956.471
50	393882		-1438.77		1215.28	1215.28
50	401674		-1559.42		1192.63	1192.63
50	463976		15369.6		967.36	967.36
50	457300		37471.6		928.905	928.905
50	408855		-1633.2		1227.34	1227.34
50	438576		-2160.62		1274.23	1274.23
50	453576		62490.2		913.188	913.188
50	428983		-1878.85		1277.41	1277.41
50	444050		-49866.8		893.245	893.245
50	427467		-1845.09		1293.72	1293.72
50	444850		-26537.3		867.979	867.979
50	415714		-1642.43		1292.89	1292.89
50	442374		-19464.1		853.29	853.29
50	413587		-1600.61		1260.61	1260.61
50	429602		-7337.66		848.174	848.174
50	415988		-1634.94		1230.04	1230.04
50	465374		15188.8		865.185	865.185
50	464806		15804.2		882.959	882.959
50	424274		-1825.37		1227.95	1227.95
50	420340		-1764.11		1280.1	1280.1
50	465426		15025.2		884.408	884.408
50	422564		-1774.99		1282.94	1282.94
50	472870		9482.21		886.477	886.477
50	480278		6709.15		930.186	930.186
50	431587		-1792.05		1247.36	1247.36
50	433537		-1760.28		1224.79	1224.79
50	444751		-18185		948.114	948.114
50	433362		-1837.71		1243.89	1243.89
50	434256		-7727.93		971.342	971.342
50	451580		-50519.3		956.035	956.035
50	462462		-2218.51		1232.11	1232.11
50	457169		66813.9		951.291	951.291
50	491677		-3229.68		1193.4	1193.4
50	515126		-4338.14		1133.43	1133.43
50	457825		43293.9		949.793	949.793
50	498841		-3282.02		1129.99	1129.99
50	453177		74851.6		928.548	928.548
50	475769		8164.13		907.454	907.454
50	509891		-3393.52		1122.94	1122.94
50	911557		3007.42		1187.98	1187.98
50	475884		8304.11		893.129	893.129
50	476445		8172.48		903.974	903.974
50	873427		3447.89		1177.63	1177.63
50	971818		2570.48		1134.41	1134.41
