0.203169
0.118126
0.108988
0.0934313
0.082743
0.087881
0.107749
0.0964003
0.106415
0.1034
0.100637
0.0831512
0.113593
0.0980364
0.0881815
0.0753909
0.124568
0.123422
0.106331
0.106078
0.102631
0.131455
0.101909
0.117244
0.137345
0.0769447
0.109946
0.102809
0.0879833
0.105215
0.0875681
0.0900077
0.143121
0.0983729
0.1101
0.131801
0.112919
0.103959
0.096657
0.106499
0.105661
0.0817488
0.0904783
0.0806362
0.108357
0.0909051
0.10382
0.11063
0.113273
0.0939325
0.10943
0.0983226
0.120525
0.113372
0.0745543
0.0987439
0.108757
0.0900222
0.165103
0.111637
0.11034
0.114529
0.107579
0.0915239
0.129937
0.0847181
0.105726
0.0707521
0.0978373
0.105848
0.107595
0.129573
0.0925456
0.0969334
0.0968768
0.086222
0.100186
0.102725
0.0727675
0.108177
0.0881736
0.0999319
0.0822097
0.102676
0.103906
0.0839698
0.113437
0.117403
0.0898859
0.0926117
0.0851379
0.0923899
0.127707
0.0973149
0.118155
0.0940699
0.130111
0.102777
0.0935606
0.0925606
0.0921797
0.111295
0.0890524
0.117593
0.102492
0.100413
0.104932
0.106807
0.0987421
0.0918146
0.107491
0.0946076
0.0957082
0.09013
0.10855
0.0852468
0.0756559
0.12304
0.10836
0.0847356
0.0990054
0.106934
0.108818
0.108365
0.115211
0.100305
0.120831
0.096167
0.0917327
0.0853326
0.091123
0.101537
0.111798
0.0714592
0.105183
0.104908
0.108545
0.110684
0.0954155
0.119569
0.102904
0.115917
0.101187
0.0960932
0.125324
0.103108
0.109442
0.111074
0.100961
0.109968
0.110994
0.110298
0.121356
0.0966519
0.0792136
0.0993274
0.0824527
0.100449
0.109345
0.104913
0.0994002
0.0888624
0.0936428
0.106606
0.0978305
