0.242848
0.0950257
0.116887
0.0888539
0.0796209
0.115176
0.089568
0.0990639
0.100303
0.104169
0.103315
0.0699002
0.110433
0.0761775
0.0950259
0.110308
0.0755794
0.0993439
0.111132
0.105159
0.100508
0.149766
0.0808085
0.0966962
0.111882
0.10231
0.123064
0.104595
0.0859877
0.116135
0.0840498
0.104649
0.110287
0.103728
0.0847625
0.0655019
0.0950064
0.114756
0.0911689
0.107342
0.142292
0.101628
0.0872211
0.124674
0.113561
0.10552
0.107216
0.122304
0.110458
0.0947971
0.103926
0.081753
0.0946842
0.0942904
0.140588
0.112622
0.119115
0.102837
0.11937
0.10689
0.0683877
0.0862583
0.104724
0.10652
0.0920717
0.0912198
0.095632
0.124906
0.0940392
0.105841
0.115585
0.108748
0.106284
0.105582
0.075016
0.086621
0.124082
0.0875462
0.0975532
0.100594
0.0922702
0.0792978
0.0995944
0.0900827
0.0831157
0.121935
0.0898726
0.105696
0.115122
0.0874347
0.0949524
0.0781662
0.0924715
0.0741216
0.0985314
0.092849
0.1287
0.106905
0.103758
0.0772419
0.0957725
0.069853
0.100141
0.0932338
0.149917
0.0772765
0.107842
0.0938457
0.112261
0.107139
0.102694
0.107633
0.0729418
0.0905102
0.0848997
0.101834
0.075937
0.138544
0.0815486
0.099608
0.0802349
0.104501
0.0742606
0.0858485
0.096766
0.110215
0.095377
0.110356
0.105151
0.0998102
0.115094
0.0923822
0.105945
0.120836
0.0990767
0.106208
0.0830656
0.0896498
0.0772447
0.0691189
0.110804
0.0930765
0.0879891
0.132097
0.106707
0.112188
0.108975
0.112404
0.0695722
0.0993234
0.113283
0.0953243
0.101715
0.10049
0.107951
0.11062
0.0981082
0.0751844
0.135194
0.103789
0.0944597
0.127889
0.147467
0.0994604
0.0786023
0.0858671
0.0795854
0.0971448
0.0941251
