10.6393	2.26099 3 720 
6.92299	7.00212 3 720 
7.13526	7.06429 3 720 
6.82601	6.9557 3 720 
7.01397	6.9316 3 720 
6.92891	7.20983 3 720 
6.88811	6.96647 3 720 
6.89352	6.88893 3 720 
6.77829	6.88718 3 720 
6.86693	6.81335 3 720 
6.84175	6.77093 3 720 
7.0063	6.85754 3 720 
7.19758	6.94104 3 720 
6.98266	6.94155 3 720 
7.00599	6.94289 3 720 
6.88928	6.89717 3 720 
6.93173	6.75018 3 720 
6.82058	6.94119 3 720 
7.07755	6.80848 3 720 
6.72734	6.74926 3 720 
6.78013	6.72621 3 720 
6.87978	6.82902 3 720 
6.74138	6.80791 3 720 
6.78981	6.95407 3 720 
7.13993	6.51444 3 720 
6.70628	6.99478 3 720 
6.6801	6.51932 3 720 
6.3716	6.45486 3 720 
6.95978	6.54637 3 720 
6.5215	6.68436 3 720 
6.60088	6.41488 3 720 
6.65282	6.3063 3 720 
6.94501	6.8452 3 720 
6.76859	6.69294 3 720 
6.82354	6.69565 3 720 
6.87592	6.9681 3 720 
6.94564	6.71021 3 720 
6.73652	6.96341 3 720 
6.93483	6.77265 3 720 
6.78598	6.97145 3 720 
7.01917	6.78834 3 720 
6.80704	6.85629 3 720 
7.13212	6.75603 3 720 
6.7806	6.63572 3 720 
7.10931	6.69786 3 720 
6.77103	6.99717 3 720 
7.166	6.77064 3 720 
6.93528	7.02245 3 720 
6.97341	6.78084 3 720 
6.88778	6.92728 3 720 
7.38464	6.94055 3 720 
6.93318	6.74005 3 720 
7.04755	6.64341 3 720 
6.81989	6.74414 3 720 
7.08166	6.99823 3 720 
6.76664	6.71429 3 720 
6.65195	6.90677 3 720 
6.87253	6.75637 3 720 
6.72953	6.4964 3 720 
7.05085	6.89733 3 720 
6.59047	6.87605 3 720 
6.65985	6.40705 3 720 
6.74608	6.61843 3 720 
6.70042	6.33984 3 720 
6.66874	6.73868 3 720 
6.84415	6.61545 3 720 
6.60261	6.67785 3 720 
6.81412	6.6043 3 720 
6.65683	6.77778 3 720 
7.10884	6.70021 3 720 
6.71545	6.64993 3 720 
6.88758	6.68038 3 720 
6.84268	6.58635 3 720 
6.85613	6.80733 3 720 
7.51051	6.76239 3 720 
6.69416	6.70565 3 720 
6.21367	6.147 3 720 
7.26056	5.97002 3 720 
6.79055	6.74552 3 720 
7.35555	6.76201 3 720 
6.87377	6.87756 3 720 
7.035	6.81421 3 720 
6.91693	6.47503 3 720 
7.33973	6.88058 3 720 
6.59972	6.85001 3 720 
7.21918	6.71715 3 720 
6.77614	7.05168 3 720 
6.95615	6.61431 3 720 
6.84563	6.77294 3 720 
6.84944	6.68016 3 720 
6.78905	6.86123 3 720 
7.00775	6.47413 3 720 
6.81285	6.91571 3 720 
6.73675	6.62212 3 720 
6.76402	6.60066 3 720 
6.76667	6.66487 3 720 
6.94852	6.87851 3 720 
6.92317	6.53274 3 720 
6.75801	6.66983 3 720 
7.11435	6.97822 3 720 
6.60612	6.47813 3 720 
7.20701	6.84388 3 720 
6.83391	6.48031 3 720 
6.82442	6.56732 3 720 
6.84428	6.91737 3 720 
6.9002	6.52381 3 720 
6.77532	6.51207 3 720 
6.88429	7.1936 3 720 
6.66802	6.70693 3 720 
6.5785	6.09042 3 720 
6.86201	6.78545 3 720 
6.82436	6.55485 3 720 
6.8351	6.60156 3 720 
7.02635	6.5221 3 720 
6.74565	6.81611 3 720 
6.79594	6.49447 3 720 
6.89124	6.42498 3 720 
6.8362	6.7472 3 720 
6.88473	6.55683 3 720 
7.03324	7.04731 3 720 
6.70561	6.60576 3 720 
6.88255	6.85685 3 720 
6.60647	6.61396 3 720 
6.81241	6.39404 3 720 
6.60286	6.52142 3 720 
6.90511	6.76194 3 720 
6.78774	6.70558 3 720 
6.61557	6.2318 3 720 
6.81098	6.73854 3 720 
6.75023	6.51204 3 720 
6.77543	6.65563 3 720 
6.72095	6.27052 3 720 
6.79662	6.42271 3 720 
6.72964	6.5971 3 720 
6.83962	6.8479 3 720 
6.87312	6.60308 3 720 
6.69933	6.58831 3 720 
7.30526	6.75045 3 720 
6.66754	6.81596 3 720 
6.85992	6.57053 3 720 
6.79215	6.57765 3 720 
6.77085	6.49061 3 720 
6.8044	6.82091 3 720 
6.54013	6.61695 3 720 
6.99907	6.45707 3 720 
6.71379	6.60607 3 720 
6.67238	6.29966 3 720 
6.58071	6.42998 3 720 
6.93595	6.22511 3 720 
6.64906	6.64134 3 720 
7.04904	6.68523 3 720 
6.62908	6.39887 3 720 
6.82729	6.89797 3 720 
6.55597	6.42769 3 720 
6.81253	6.3783 3 720 
7.01117	6.28093 3 720 
7.10919	6.87904 3 720 
6.81334	6.51968 3 720 
6.93935	7.00013 3 720 
7.0047	6.6303 3 720 
6.83272	6.55057 3 720 
6.98205	6.85827 3 720 
7.02669	7.10786 3 720 
7.03907	6.451 3 720 
7.05267	7.20692 3 720 
6.708	6.46894 3 720 
7.303	6.85373 3 720 
6.77998	7.03408 3 720 
7.06372	6.88104 3 720 
7.09568	6.76395 3 720 
6.45362	7.15303 3 720 
6.87522	6.15976 3 720 
6.82576	6.44078 3 720 
7.18356	7.11345 3 720 
6.98698	6.75086 3 720 
6.99401	6.71978 3 720 
6.96807	6.91057 3 720 
7.18463	6.72215 3 720 
6.73634	6.80591 3 720 
7.00083	6.6461 3 720 
6.78491	6.80799 3 720 
6.8819	6.53446 3 720 
7.14131	6.81492 3 720 
7.09593	6.68902 3 720 
6.96564	6.8307 3 720 
6.90277	6.63304 3 720 
6.98822	7.00277 3 720 
7.10886	6.52051 3 720 
6.87607	6.95493 3 720 
7.02092	6.56126 3 720 
6.78715	6.6674 3 720 
6.88927	6.61395 3 720 
6.8647	6.77565 3 720 
6.9242	6.63224 3 720 
6.69823	6.80743 3 720 
7.25217	6.77438 3 720 
6.93312	6.80668 3 720 
6.90845	6.76099 3 720 
6.83673	6.8011 3 720 
6.94924	6.68893 3 720 
6.96172	6.82421 3 720 
7.11885	6.67438 3 720 
6.95953	6.86157 3 720 
7.08732	6.83391 3 720 
6.91198	6.6952 3 720 
6.93266	6.82182 3 720 
7.10384	6.81304 3 720 
6.80797	6.59112 3 720 
7.84055	6.94666 3 720 
6.89626	6.67427 3 720 
7.20942	6.86108 3 720 
6.90726	6.82495 3 720 
7.03792	6.82815 3 720 
7.13495	6.89781 3 720 
6.79937	6.6187 3 720 
7.02177	6.88753 3 720 
6.95263	6.76425 3 720 
7.08009	6.79329 3 720 
7.02616	6.7526 3 720 
7.00688	6.84236 3 720 
6.74654	6.70146 3 720 
6.73849	6.5929 3 720 
6.87992	6.63331 3 720 
6.58718	6.62514 3 720 
6.92699	6.60962 3 720 
6.62388	6.47522 3 720 
6.66944	6.42991 3 720 
6.54036	6.22401 3 720 
6.7336	6.50226 3 720 
6.94392	6.467 3 720 
6.77076	6.64339 3 720 
6.9221	6.46444 3 720 
6.64792	6.68975 3 720 
6.77227	6.65955 3 720 
7.02689	6.65109 3 720 
6.86479	6.7524 3 720 
6.57576	6.52494 3 720 
6.80795	6.33023 3 720 
6.72524	6.39125 3 720 
6.99706	6.79326 3 720 
6.8656	6.74643 3 720 
6.96449	6.63373 3 720 
6.90206	6.92061 3 720 
7.14678	6.74891 3 720 
6.77607	6.7257 3 720 
6.80666	6.83265 3 720 
6.9536	6.79012 3 720 
7.071	6.84124 3 720 
6.89508	6.80783 3 720 
7.0306	6.74643 3 720 
6.64513	7.09239 3 720 
6.82873	6.63814 3 720 
6.94568	6.77876 3 720 
6.9348	6.73195 3 720 
6.98366	6.67571 3 720 
7.11583	6.92851 3 720 
6.81181	6.53437 3 720 
6.94554	7.20091 3 720 
7.06946	6.57866 3 720 
7.31392	6.92257 3 720 
6.71103	7.02827 3 720 
6.59255	6.02138 3 720 
6.60603	6.42807 3 720 
7.01773	6.37073 3 720 
6.79928	6.492 3 720 
6.88535	6.52033 3 720 
6.55867	6.85065 3 720 
7.10149	6.55042 3 720 
6.55295	6.51951 3 720 
6.76708	6.39449 3 720 
6.81421	6.42656 3 720 
6.95024	6.90516 3 720 
6.56089	6.70911 3 720 
6.89277	6.60585 3 720 
6.48365	6.60774 3 720 
6.84754	6.54917 3 720 
6.66159	6.72792 3 720 
6.28062	6.08812 3 720 
7.19265	6.62468 3 720 
6.35987	6.40014 3 720 
6.95131	6.29223 3 720 
6.96043	6.79361 3 720 
6.90531	6.49261 3 720 
7.00256	6.63747 3 720 
6.71913	6.51922 3 720 
7.13145	6.64631 3 720 
6.7703	6.9674 3 720 
7.13839	6.81863 3 720 
6.77916	6.86285 3 720 
6.84622	6.52815 3 720 
7.04893	6.90009 3 720 
6.80685	6.62427 3 720 
6.99739	6.74884 3 720 
7.34041	6.65668 3 720 
6.88701	6.55005 3 720 
6.75988	6.66814 3 720 
6.82871	6.44736 3 720 
6.93819	6.77574 3 720 
6.84962	6.8206 3 720 
7.22468	6.6953 3 720 
6.77607	6.74776 3 720 
6.91091	6.57099 3 720 
6.66567	6.58476 3 720 
6.77673	6.71539 3 720 
6.50347	6.41108 3 720 
6.84923	6.7218 3 720 
6.85431	6.64883 3 720 
6.95013	6.28044 3 720 
7.04583	6.57566 3 720 
6.97426	6.77456 3 720 
7.06799	6.737 3 720 
7.00913	7.03678 3 720 
6.88134	7.05865 3 720 
7.26097	6.76815 3 720 
7.08237	6.6683 3 720 
6.78198	6.74563 3 720 
6.98388	6.6946 3 720 
6.94279	6.98348 3 720 
6.96804	6.78064 3 720 
6.96891	6.91308 3 720 
7.05621	6.75951 3 720 
