2.92727e-06 3.16559e-06 516096 516096 3080 1.70624 1.63375 0.104167 15.2916 1225
4.7974e-06 3.0984e-06 516096 516096 126 1.5791e-05 1.5644 0.0849071 3.35825 1035.29
5.00207e-06 3.22797e-06 516096 516096 181 1.6792e-05 1.79969 0.0843049 3.70159 944.781
4.82216e-06 3.20083e-06 516096 516096 128 1.6875e-05 1.60991 0.10964 3.40577 986.792
4.16139e-06 3.14155e-06 516096 516096 235 1.56997 1.49896 0.0882202 5.21489 1020.37
4.62741e-06 3.12138e-06 516096 516096 163 1.6625e-05 1.55889 0.0847587 3.43126 1021.26
4.52442e-06 3.10527e-06 516096 516096 162 1.4584e-05 1.55273 0.0839148 3.39272 1029.97
4.73206e-06 3.09665e-06 516096 516096 142 1.4083e-05 1.56702 0.106867 3.417 1030.93
4.11198e-06 3.0603e-06 516096 516096 152 6.2084e-05 1.42933 0.0799666 3.05325 1026.17
4.09852e-06 3.01951e-06 516096 516096 152 1.6875e-05 1.36892 0.0779826 2.98093 1022.7
4.81414e-06 3.00762e-06 645120 645120 257 1.55e-05 1.86359 0.136285 3.91147 438.461
3.85357e-06 3.08077e-06 258048 258048 102 1.91348 0.870487 0.0287969 3.45593 399.472
3.41671e-06 3.02877e-06 322560 322560 105 1.88112 0.909872 0.0376351 3.72834 985.174
4.23164e-06 2.96955e-06 322560 322560 114 1.90242 0.88144 0.0380817 3.74027 326.893
4.32132e-06 2.96114e-06 322560 322560 112 1.63151 0.944307 0.0390018 3.52361 265.075
4.67176e-06 2.94626e-06 322560 322560 135 1.59126 0.931137 0.0389777 3.51597 119.243
3.43729e-06 2.92182e-06 322560 322560 105 1.56304 0.910938 0.0365977 3.413 973.942
3.33541e-06 2.88315e-06 322560 322560 130 1.72183 0.880093 0.0339919 3.58472 971.804
3.52316e-06 2.8514e-06 387072 387072 143 1.62766 1.05453 0.0494702 3.95611 972.079
3.52671e-06 2.88044e-06 322560 322560 87 1.54513 0.966594 0.0387032 3.42542 977.665
3.48051e-06 2.8257e-06 387072 387072 149 1.6762 1.009 0.0518559 3.96579 978.389
3.67123e-06 2.76428e-06 387072 387072 105 1.86391 0.974878 0.0484862 4.04692 981.467
3.39918e-06 2.77238e-06 322560 322560 111 1.65973 0.904703 0.040083 3.52108 976.365
3.51259e-06 2.77365e-06 387072 387072 149 1.62671 1.07558 0.0484249 3.99603 971.611
3.4626e-06 2.79803e-06 322560 322560 96 1.64051 0.933993 0.0431386 3.50064 972.757
3.4988e-06 2.80847e-06 387072 387072 152 1.65341 1.10323 0.0499636 4.04361 968.122
3.49388e-06 2.79772e-06 322560 322560 93 1.92049 0.888562 0.0383535 3.7361 971.646
3.51557e-06 2.78053e-06 387072 387072 146 1.69314 1.04966 0.0503895 4.02081 969.503
3.45266e-06 2.79839e-06 322560 322560 102 1.65199 0.925691 0.042564 3.51522 971.104
3.52977e-06 2.79257e-06 387072 387072 142 1.68246 1.07191 0.0546159 4.02261 969.493
3.56321e-06 2.73416e-06 387072 387072 134 1.87274 0.967886 0.0465846 4.10109 969.838
3.42174e-06 2.7911e-06 322560 322560 103 1.65359 0.973756 0.0391602 3.56592 972.75
3.50651e-06 2.75162e-06 387072 387072 147 1.54671 1.00395 0.0508136 3.82641 971.921
3.45609e-06 2.80345e-06 322560 322560 100 1.6461 0.971159 0.0382436 3.55004 975.387
5.04296e-06 2.76599e-06 387072 387072 142 1.60165 1.01263 0.0485974 3.88137 -1.37105
5.09924e-06 2.76589e-06 387072 387072 143 1.88101 1.07045 0.0489979 4.22378 -19.87
4.86452e-06 2.74884e-06 387072 387072 114 1.66779 1.0376 0.0515129 3.92467 14.0569
5.15719e-06 2.76695e-06 387072 387072 175 1.60167 1.09904 0.0472251 4.03236 21.6696
4.60376e-06 2.77899e-06 322560 322560 94 1.81402 0.911938 0.0381916 3.64565 67.7078
5.00689e-06 2.75224e-06 387072 387072 191 1.42862 1.0239 0.0488842 3.8089 98.2595
4.4796e-06 2.76042e-06 322560 322560 91 1.6778 0.900948 0.0391212 3.49712 147.948
4.79254e-06 2.73049e-06 387072 387072 206 1.55177 1.01055 0.0554504 3.93842 182.502
4.36277e-06 2.7778e-06 322560 322560 92 1.63996 0.957052 0.0383719 3.51774 224.589
4.64676e-06 2.75925e-06 387072 387072 200 1.55375 1.03932 0.0500705 3.96208 241.01
4.2925e-06 2.7806e-06 322560 322560 93 1.84327 0.924449 0.0347477 3.6887 278.405
4.53618e-06 2.75497e-06 387072 387072 199 1.61968 1.02669 0.0490745 4.01581 283.611
3.61667e-06 2.77015e-06 322560 322560 66 1.59924 0.913122 0.0379516 3.38717 1014.23
4.32659e-06 2.74482e-06 387072 387072 196 1.60356 1.02322 0.0486606 4.00074 374.924
3.39446e-06 2.75268e-06 322560 322560 84 1.59734 0.898044 0.0380426 3.39747 1131.28
3.34119e-06 2.73573e-06 387072 387072 144 1.81658 1.03268 0.052377 4.13355 1128.66
3.99847e-06 2.74894e-06 322560 322560 72 1.65417 0.903745 0.0417348 3.44103 507.53
3.06052e-06 2.73306e-06 387072 387072 158 1.45084 1.0333 0.0494356 3.77873 1380.78
3.60637e-06 2.76793e-06 322560 322560 37 1.84082 0.937812 0.042321 3.59865 1378.47
3.38056e-06 2.7686e-06 387072 387072 106 1.68799 1.07269 0.0511009 3.96986 1342.16
3.56186e-06 2.79255e-06 322560 322560 45 1.84464 0.931665 0.0335384 3.60992 1353.84
3.17106e-06 2.75419e-06 387072 387072 139 1.6522 1.00668 0.0487784 3.92171 1347.18
3.17936e-06 2.75466e-06 322560 322560 91 1.51393 0.889156 0.0377028 3.32323 1355.97
2.92351e-06 2.73271e-06 387072 387072 201 1.61671 1.02376 0.0496195 4.01579 1330.15
3.24907e-06 2.76192e-06 322560 322560 82 1.63184 0.92857 0.0404326 3.4617 1343.66
3.169e-06 2.73082e-06 387072 387072 142 1.63771 1.00887 0.0516587 3.91295 1337.93
3.11977e-06 2.73309e-06 322560 322560 101 1.63599 0.884523 0.0390883 3.45253 1342.8
2.98731e-06 2.73218e-06 387072 387072 183 1.59075 1.05613 0.0512439 3.99062 1341.18
3.12471e-06 2.75594e-06 322560 322560 101 1.68212 0.919619 0.0396262 3.53333 1340.16
3.14348e-06 2.71964e-06 387072 387072 148 1.8368 0.996484 0.050449 4.11967 1335.36
3.10305e-06 2.74862e-06 322560 322560 106 1.90886 0.92399 0.0388591 3.77113 1335.74
3.06864e-06 2.74292e-06 387072 387072 161 1.68003 1.05288 0.0556702 4.03325 1344.04
