2	444828		-6879.71		793.664	3.14066e+06
2	576305		7393.83		799.548	2.97928e+06
3	509255		39345.4		683.061	3.2202e+06
3	503701		20724.4		815.662	2.99976e+06
4	305317		-1774.52		714.953	2.95919e+06
4	546114		2551.85		688.572	3.31836e+06
5	276023		-1352.03		654.294	3.11837e+06
5	550108		2248.44		690.288	3.38414e+06
6	473122		4210.61		655.039	3.58373e+06
6	274734		-1301.79		689.436	3.16571e+06
7	478609		3936.87		637.545	3.57521e+06
7	276926		-1265.18		708.173	3.15463e+06
8	514504		2772.66		612.764	3.50964e+06
8	228677		-621.452		732.072	3.31644e+06
9	228803		-624.464		691.821	3.28894e+06
9	518915		2452.94		619.524	3.47258e+06
10	281250		-1216.8		706.671	3.36651e+06
10	556214		1515.34		617.722	3.56186e+06
11	287745		-1304.72		697.126	3.66349e+06
11	573392		1653.87		610.323	3.66777e+06
12	293286		-1379.24		686.742	3.9251e+06
12	578508		1447.74		635.846	3.73152e+06
13	576841		1485.23		654.444	3.60193e+06
13	278696		-1386.25		671.13	3.93789e+06
14	257064		-1200.3		659.029	3.92717e+06
15	254509		-1341.73		656.403	4.01192e+06
16	250704		-1291.42		645.685	4.1058e+06
14	618901		1195.76		652.838	3.57219e+06
17	257128		-1409.92		630.487	4.13941e+06
15	618505		1152.58		647.485	3.55248e+06
18	253360		-1481.74		624.349	4.08839e+06
16	622367		1134.32		636.649	3.53161e+06
19	252026		-1453.78		614.739	4.10311e+06
17	646036		1020.47		625.105	3.48848e+06
20	246834		-1383.63		605.598	4.1413e+06
21	250977		-1435.71		609.455	4.14383e+06
18	673047		943.811		625.65	3.51131e+06
22	253767		-1387.56		636.62	3.72953e+06
23	256764		-1450.85		638.808	3.35665e+06
19	674388		941.99		627.316	3.53242e+06
24	259544		-1513.07		685.436	3.02109e+06
20	673447		944.401		621.841	3.54098e+06
25	262242		-1582.17		680.435	2.71905e+06
21	654662		930.831		617.421	3.58961e+06
26	264545		-1634.7		672.685	2.4472e+06
22	610502		966.599		601.579	3.2307e+06
23	609890		981.327		626.292	2.90771e+06
27	262276		-1707.85		668.104	2.20254e+06
28	257211		-1614.99		658.335	1.98235e+06
29	261006		-1961.29		648.3	1.78417e+06
30	260655		-2181.99		651.152	1.60582e+06
31	260990		-2359.3		667.951	1.44532e+06
32	260654		-2368.85		653.747	1.30084e+06
33	263126		-2904.71		642.76	1.17081e+06
34	262911		-3018.92		631.683	1.05378e+06
35	262774		-3049.44		617.101	948452
36	262772		-3055.63		617.509	853669
37	262869		-3326.58		608.049	768354
38	262500		-3518.31		599.695	691571
39	262619		-3821.96		592.417	622467
40	261947		-4003.63		585.9	560273
41	262493		-4501.82		580.563	504299
42	262189		-4855.26		575.638	453922
43	266057		-7511.35		571.521	408583
44	267534		-10739.2		567.339	367778
45	271046		-35951.5		563.757	331053
46	275723		19185.1		560.319	298001
47	310870		1949.27		557.992	268255
48	314851		1686.21		554.049	241481
49	314417		1699.13		549.701	217384
50	312158		1725.74		547.198	195698
50	310550		1736.41		546.541	176182
50	305246		1859.24		545.277	158617
50	295048		2188.23		545.515	142810
50	295043		2179.02		543.043	128581
50	310828		1684.86		542.588	115777
50	284521		2722.93		541.826	104253
50	283519		2790.67		541.188	93881.2
50	279502		3047.96		541.101	84547.1
50	279502		3047.96		539.551	76145
50	275644		3421.07		538.495	68583.4
50	281123		2707.62		538.383	61778.8
50	281346		2680.04		537.29	55653.6
50	281572		2636.55		537.29	50142
50	286294		2327.61		535.98	45180.2
50	286408		2327.29		536.949	40716.8
50	285731		2352.2		537.868	36699.7
50	285676		2351.65		538.009	33083.7
50	285774		2347.47		538.769	29829.8
50	281628		2623.87		536.832	26898.8
50	280412		2707.45		537.643	24263.4
50	280034		2730.74		538.198	21891.4
50	282420		2531.34		540.029	19757.9
50	281766		2565.29		539.709	17835.8
50	282781		2489.7		539.926	16106.4
50	283530		2432.9		541.109	14550.9
50	281057		2614.51		542.261	13151.1
50	283173		2464.11		539.678	11887.6
50	279877		2701.48		541.1	10754.3
50	279956		2692.63		541.528	9733.37
50	280150		2682.86		542.491	8815.15
50	280952		2610.33		542.148	7987.54
50	279448		2732.23		543.209	7244.06
50	278934		2777.52		541.957	6572.73
50	280537		2639.51		542.38	5970.07
50	279722		2700.78		540.68	5425.6
50	279744		2699.92		541.008	4937.44
50	279628		2702.89		540.415	4497.2
50	279089		2738.65		539.63	4100.74
50	279397		2702.82		539.629	3744.63
50	279386		2704.4		538.763	3423.26
50	280791		2586.47		539.128	3135.18
50	280662		2590.63		537.517	2873.96
50	284122		2359.77		537.55	2640.35
50	283533		2391.55		536.987	2429.51
50	284404		2327.73		536.113	2239.38
50	284414		2328.49		534.959	2067.9
50	285136		2285.06		529.742	1909.39
50	285031		2291.22		529.789	1771.47
50	286128		2235.31		529.13	1646.64
50	281689		2506.1		531.355	1537.12
50	282717		2436.46		529.785	1434.97
50	284560		2315.93		531.866	1346.53
50	286486		2205.22		531.961	1265.16
50	285956		2231.1		530.914	1190.79
50	286871		2179.76		531.012	1124.9
50	284450		2317.68		531.992	1066.5
50	283140		2389.4		531.734	1012.79
50	285355		2249.05		531.943	964.89
50	284727		2279.36		533.457	923.109
50	285959		2211.15		531.061	881.748
50	285584		2225.22		532.869	848.488
50	284730		2263.07		534.006	818.062
50	284085		2307.46		534.424	790.075
50	283130		2355.11		534.531	764.617
50	283359		2336		536.117	743.195
50	282987		2358.01		536.638	723.007
50	282422		2394.94		534.945	702.677
50	283003		2354.95		536.716	687.675
50	281161		2459.55		536.919	672.782
50	281527		2430.32		536.677	658.954
50	283653		2310.59		536.023	646.072
50	281983		2420.54		537.495	636.539
50	283333		2347.49		538.082	627.222
50	283380		2334.04		538.219	618.445
50	282707		2376.28		536.665	608.868
50	284841		2238.68		536.922	601.906
50	278251		2656.04		537.679	596.164
50	283278		2331.6		534.681	587.317
50	280632		2494.85		535.956	583.329
50	278703		2621.26		535.577	578.212
50	278976		2601.84		535.729	574.101
50	282481		2366.84		535.9	570.435
50	280471		2500.09		536.568	567.649
50	279663		2546.93		535.959	563.933
50	279115		2589.59		536.636	561.812
50	278286		2649.64		538.147	560.806
50	278471		2635.06		537.918	558.31
50	277889		2688.9		538.42	556.773
50	278916		2617.73		535.982	552.499
50	280783		2492.33		537.326	552.192
50	280297		2529.14		539.056	552.435
50	280857		2498.17		566.646	578.688
50	280552		2511.47		582.334	593.172
50	280401		2518.61		576.917	586.671
50	280078		2543.32		577.278	586.057
50	280864		2474.13		579.197	587.097
50	280645		2489.42		577.402	584.512
50	279650		2562.24		569.781	576.18
50	277268		2742.73		571.239	576.998
50	282930		2335.42		570.867	576.05
50	282122		2378.73		568.138	572.803
50	280700		2473.72		596.414	600.613
50	279752		2554.94		590.939	594.718
50	279444		2576.54		587.902	591.303
50	278333		2676.13		580.663	583.724
50	279252		2589.32		577.006	579.761
50	277377		2742.05		572.922	575.401
50	271842		3314.34		568.868	571.099
50	271613		3337.52		564.373	566.381
50	266475		4182.01		562.591	564.399
50	267513		3998.96		558.224	559.851
50	270870		3486.91		553.992	555.456
50	270363		3547.06		551.219	552.536
50	266187		4290.35		549.037	550.223
50	264358		4763.8		547.46	548.527
50	262024		5534.57		545.954	546.914
50	262889		5182.49		545.813	546.678
50	262345		5435.62		544.736	545.514
50	266952		4178.31		543.882	544.582
50	263053		5224.6		542.336	542.966
50	261051		5931.69		541.672	542.239
50	261331		5787.87		541.494	542.004
50	260107		6324.59		540.298	540.757
50	260447		6175.39		539.654	540.068
50	260715		6132.75		540.046	540.418
50	259444		6827.51		538.317	538.652
50	259000		7249.71		537.784	538.086
50	255423		10683.6		539.969	540.24
50	256456		9449.05		539.23	539.474
50	257307		8549.15		539.551	539.77
50	256940		8934.03		540.252	540.45
50	255830		10093.1		540.057	540.235
50	257212		8294.23		540.476	540.636
50	257258		8332.61		539.642	539.786
50	258517		7241.98		540.809	540.939
50	258982		6953.67		540.249	540.366
50	260680		5966.76		542.615	542.72
50	261287		5647.32		542.669	542.764
50	260166		6009.94		544.05	544.135
50	259825		6190.58		544.791	544.868
50	260603		5871.3		544.632	544.701
50	262124		5353.73		543.306	543.368
50	262761		5188.09		543.417	543.473
50	263229		5082.65		542.531	542.582
50	265321		4526.1		540.791	540.836
50	262323		5536.64		539.593	539.634
50	262967		5328.3		537.934	537.971
50	264827		4708.94		536.751	536.784
50	264988		4624.93		537.969	537.999
50	264130		4868.1		537.742	537.768
50	260551		6296.75		536.128	536.152
50	260751		6248.58		535.885	535.906
50	261038		6023.91		536.038	536.057
50	261242		5922.99		537.247	537.264
50	262074		5556.7		537.785	537.8
50	262665		5368.72		537.667	537.681
50	263813		4967.87		538.148	538.161
50	271326		3466.16		536.732	536.744
50	273398		3196.53		537.709	537.719
50	273949		3129.73		535.341	535.351
50	273518		3180.58		534.429	534.437
50	269167		3755.95		533.054	533.061
50	269956		3623.17		532.939	532.946
50	277706		2743.14		535.379	535.385
50	281018		2487.48		535.716	535.722
50	284495		2279.32		537.705	537.71
50	284035		2309.82		538.055	538.059
50	285002		2259.87		539.125	539.129
50	285093		2259.86		536.809	536.813
50	290182		2022.4		537.801	537.804
50	290212		2021.34		538.123	538.126
50	291692		1958.72		538.032	538.035
50	301199		1659.3		537.492	537.495
50	300283		1683.42		536.088	536.09
50	301912		1633.38		537.577	537.579
50	304044		1584.08		536.467	536.469
50	300540		1670.32		536.501	536.502
50	296067		1792.92		535.801	535.802
50	294900		1826.55		535.762	535.763
50	295920		1798.89		537.009	537.01
50	295367		1817.8		536.495	536.496
50	299299		1703.9		533.047	533.048
50	303848		1593.95		539.231	539.232
50	305465		1550.18		544.567	544.568
50	303228		1604.88		543.855	543.856
50	305759		1553.73		539.47	539.471
50	300308		1687.72		539.84	539.841
50	299768		1705.44		529.958	529.959
50	288926		2088.78		534.246	534.247
50	282027		2483.54		531.659	531.66
50	279077		2712.03		530.864	530.864
50	279513		2649.35		529.977	529.977
50	281219		2505.77		530.213	530.213
50	280218		2570.89		531.36	531.36
50	281723		2471.87		536.196	536.196
50	284758		2297.66		532.773	532.773
50	284566		2304.46		532.691	532.691
50	283492		2374.85		531.671	531.671
50	280443		2602.01		529.808	529.808
50	280443		2602.01		529.54	529.54
50	282092		2440.85		531.166	531.166
50	280685		2536		533.492	533.492
50	279783		2609.81		534.525	534.525
50	263385		5508.55		529.2	529.2
50	262136		5922.55		543.104	543.104
50	258431		8364.59		551.961	551.961
50	256090		11353.7		550.01	550.01
50	241035		-8110.26		554.761	554.761
50	228614		-3068.01		549.7	549.7
50	245297		-13306.9		548.938	548.938
50	244156		-10874.3		550.057	550.057
50	246454		-14424.8		549.204	549.204
50	246454		-14424.8		548.37	548.37
50	243495		-8949.08		549.975	549.975
50	243630		-9193.72		551.016	551.017
50	242202		-8018.5		551.262	551.262
50	241659		-7573.69		551.249	551.249
50	248089		-21220.1		553.187	553.187
50	240848		-6303.73		554.719	554.719
50	247303		-16458.5		554.72	554.72
50	246613		-13206.7		553.35	553.35
50	251047		-85393.3		554.28	554.28
50	243821		-9160.76		552.116	552.116
50	218440		-1838.89		555.516	555.516
50	215514		-1662.51		552.526	552.526
50	215802		-1648.62		574.95	574.95
50	203080		-1156.82		578.143	578.143
50	218484		-1738.92		573.92	573.92
50	234884		-3270.32		572.939	572.939
50	238526		-3974.23		567.799	567.799
50	240498		-4687.4		579.858	579.858
50	245646		-7672.3		594.059	594.059
50	243398		-5975.16		590.112	590.112
50	244573		-6587.9		587.941	587.941
50	243294		-6184.55		584.607	584.607
50	242720		-5875.95		580.801	580.801
50	241114		-5104.28		578.05	578.05
50	249789		-16159.7		575.986	575.986
50	265339		6742.12		573.244	573.244
50	262011		9141.29		570.701	570.701
50	256293		33070.9		569.715	569.715
50	255238		60478.4		567.518	567.518
50	254526		-655942		568.008	568.008
50	274836		3715.18		565.907	565.907
50	271181		4379.08		564.499	564.499
50	277711		3162.29		564.233	564.233
50	276980		3166.66		564.3	564.3
50	276648		3198.09		563.189	563.189
50	263803		6784.13		563.229	563.229
50	268670		4786.51		564.445	564.445
50	267527		5132.03		563.467	563.467
50	268757		4734.69		564.078	564.078
50	264722		6233.49		562.905	562.905
50	282780		2501.19		564.145	564.145
50	282042		2451.15		562.43	562.43
50	279763		2580.44		563.173	563.173
50	277854		2715.92		561.916	561.916
50	277989		2674.87		562.496	562.496
50	277614		2701.25		561.764	561.764
50	273987		3030.78		561.778	561.778
50	282953		2330.27		560.902	560.902
50	280791		2456.25		559.667	559.667
50	280582		2462.69		559.095	559.095
50	281656		2380.11		559.435	559.435
50	282566		2316.69		560.687	560.687
50	282498		2320.32		561.02	561.02
50	281740		2362.02		561.514	561.514
50	281544		2368.62		560.976	560.976
50	280817		2404.9		560.793	560.793
50	282687		2279.96		560.831	560.831
50	278782		2508.11		560.864	560.864
50	279271		2468.45		559.835	559.835
50	283260		2235.8		559.016	559.016
50	282695		2262.84		559.546	559.546
50	279922		2415.8		560.666	560.666
50	281418		2330.71		559.128	559.128
50	279029		2490.06		558.6	558.6
50	277640		2595.64		557.925	557.925
50	282276		2304.3		557.489	557.489
50	281948		2321.53		550.204	550.204
50	278520		2535.39		547.529	547.529
50	278532		2534.55		549.384	549.384
50	278551		2532.67		546.87	546.87
50	276236		2712.45		549.712	549.712
50	276259		2710.44		548.848	548.848
50	271784		3099.88		549.068	549.068
50	277107		2624.64		549.997	549.997
50	276529		2673.17		551.128	551.128
50	276419		2688.04		547.887	547.887
50	275889		2732.42		550.064	550.064
50	279394		2487.94		549.828	549.828
50	279647		2475.32		544.067	544.067
50	279105		2529.91		546.857	546.857
50	279105		2529.91		548.117	548.117
50	286680		2122.07		547.784	547.784
50	288550		2039.49		551.076	551.076
50	290054		1971.74		550.598	550.598
50	290022		1971.76		551.361	551.361
50	289601		1985.55		551.934	551.934
50	289259		1997.46		551.889	551.889
50	289259		1997.46		554.417	554.417
50	292910		1892.56		554.624	554.624
50	295454		1809.93		555.779	555.779
50	294897		1827.98		555.313	555.313
50	294063		1854.07		556.974	556.974
50	292604		1906.42		558.595	558.595
50	294106		1859.42		558.214	558.214
50	290754		2004.59		558.243	558.243
50	290416		2036.92		558.852	558.852
50	293230		1923.61		556.873	556.873
50	290115		2018.23		559.016	559.016
50	290977		2000.71		559.584	559.584
50	290262		2038.18		559.204	559.204
50	290699		2019.83		559.194	559.194
50	288895		2103.73		557.446	557.446
50	287616		2182.94		557.129	557.129
50	290683		2059.77		555.679	555.679
50	290125		2092.24		555.874	555.874
50	290199		2089.79		556.205	556.205
50	291159		2022.45		556.771	556.771
50	290488		2053.84		554.639	554.639
50	291093		2031.24		554.959	554.959
50	289012		2133.57		555.379	555.379
50	290596		2070.4		553.287	553.287
50	292177		2043.97		554.33	554.33
50	290027		2165.6		555.031	555.031
50	289074		2173.91		553.659	553.659
50	290091		2146.61		553.493	553.493
50	290829		2081.51		552.55	552.55
50	287321		2241.93		551.143	551.143
50	287056		2247.94		550.135	550.135
50	286754		2253.29		548.654	548.654
50	286859		2260.7		548.521	548.521
50	290662		2050.39		549.228	549.228
50	292751		1971.1		547.743	547.743
50	292374		1992.51		545.991	545.991
50	291009		2057.51		546.299	546.299
50	292037		2029.05		545.098	545.098
50	293096		1979.27		545.249	545.249
50	289787		2113.15		544.168	544.168
50	290700		2070.71		544.212	544.212
50	290042		2113.83		543.633	543.633
50	290758		2067.75		541.962	541.962
50	291859		2008.21		540.863	540.863
50	293605		1941.92		536.739	536.739
50	288957		2149.97		536.633	536.633
50	289615		2118.74		536.411	536.411
50	289776		2115.02		536.9	536.9
50	289329		2143.22		537.93	537.93
50	291308		2060.94		535.434	535.434
50	289908		2126.35		534.818	534.818
50	289278		2151.05		534.34	534.34
50	289132		2158.05		534.503	534.503
50	290680		2087.22		535.77	535.77
50	290601		2093.28		535.638	535.638
50	289157		2171.63		536.131	536.131
50	289290		2164.54		536.119	536.119
50	289251		2164.41		536.964	536.964
50	289973		2124.81		537.81	537.81
50	288578		2187.69		538.268	538.268
50	285844		2337.09		538.472	538.472
50	287276		2244.87		537.989	537.989
50	287432		2243.12		538.246	538.246
50	287106		2261.71		537.911	537.911
50	287886		2222.9		538.882	538.882
50	285241		2359.56		539.106	539.106
50	285049		2365.56		539.4	539.4
50	284644		2391.44		539.968	539.968
50	285036		2372.62		540.127	540.127
50	283314		2499.52		539.9	539.9
50	282984		2536.58		540.213	540.213
50	286309		2338.79		538.952	538.952
50	286965		2312.62		533.954	533.954
50	287595		2272.4		535.288	535.288
50	286660		2322.94		535.015	535.015
50	290051		2129.74		535.572	535.572
50	293446		1985.29		536.225	536.225
50	287245		2270.7		537.581	537.581
50	285207		2377.03		539.396	539.396
50	285157		2377.69		541.492	541.492
50	284046		2451.27		543.534	543.534
50	284290		2421.1		546.568	546.568
50	282488		2519.77		546.381	546.381
50	281737		2581.46		544.41	544.41
