3.53625e-06 3.05814e-06 614400 3960 2.015e-06 1.87892 19.305 1166.67
2.30872e-06 2.95641e-06 193536 61 0.911381 0.552484 1.89994 4616.55
1.90229e-06 2.92945e-06 193536 62 0.884581 0.556518 1.87118 4408.03
1.70775e-06 2.92726e-06 193536 62 0.902039 0.565257 1.90196 4318.97
1.59505e-06 2.92492e-06 193536 62 0.882566 0.564272 1.8805 4269.94
1.52241e-06 2.92315e-06 193536 62 0.869673 0.564014 1.87478 4219.72
1.46342e-06 2.90801e-06 193536 65 0.887375 0.545224 1.87767 4191.43
1.42772e-06 2.9029e-06 193536 61 0.910634 0.554895 1.89918 4164.75
1.39558e-06 2.89344e-06 193536 62 0.87529 0.545336 1.85539 4168.65
1.37135e-06 2.88151e-06 193536 62 0.877895 0.536892 1.85228 4149.18
1.35466e-06 2.88048e-06 193536 62 0.893381 0.555498 1.89613 4133.25
1.31596e-06 2.86235e-06 193536 62 0.890234 0.539928 1.85853 4119.38
1.28456e-06 2.82326e-06 193536 62 0.892867 0.516141 1.84717 4101.05
1.25751e-06 2.82885e-06 193536 62 0.886857 0.551808 1.86855 4085.19
1.2384e-06 2.85328e-06 193536 62 0.890872 0.571131 1.89763 4083.91
1.22509e-06 2.82828e-06 193536 62 0.885349 0.528015 1.85101 4075.16
1.21488e-06 3.7218e-06 193536 62 0.892441 1.41202 2.72636 4066.42
1.41161e-06 3.56169e-06 129024 23 1.4713 0.376912 2.13207 1756.52
1.67134e-06 3.48396e-06 129024 23 1.39848 0.409398 2.0899 937.062
1.77082e-06 3.40668e-06 129024 25 1.42371 0.399658 2.11241 1762.34
1.84626e-06 3.3141e-06 129024 23 1.39324 0.37982 2.0555 1756.46
1.90962e-06 3.268e-06 129024 25 1.44985 0.397858 2.13984 1777.81
1.96389e-06 3.19436e-06 129024 23 1.42848 0.37414 2.08702 1801.21
2.01481e-06 3.18774e-06 129024 25 1.39187 0.407878 2.09872 1805.34
2.03659e-06 3.15501e-06 129024 23 1.40966 0.39018 2.07869 1837.34
2.05604e-06 3.10975e-06 129024 25 1.44413 0.377873 2.11238 1870.97
2.08596e-06 3.13285e-06 129024 23 1.47744 0.416138 2.18581 1897.1
2.08931e-06 3.10091e-06 129024 25 1.40727 0.383604 2.07752 1933.12
2.10895e-06 3.09776e-06 129024 23 1.44124 0.39806 2.13617 1951.79
2.10556e-06 3.09235e-06 129024 25 1.41844 0.396194 2.09996 1945.66
2.11066e-06 3.07839e-06 129024 23 1.44533 0.389986 2.12453 1953.97
2.10473e-06 3.0461e-06 129024 25 1.42728 0.376354 2.09017 1959.05
2.1001e-06 3.09714e-06 129024 23 1.38975 0.425944 2.10151 1982.17
2.07944e-06 3.07466e-06 129024 25 1.44086 0.385102 2.1097 1972.37
2.09659e-06 3.0508e-06 129024 23 1.43092 0.381315 2.11269 1997.3
2.09434e-06 2.9948e-06 129024 25 1.45492 0.357498 2.10086 2001.53
2.10745e-06 2.99677e-06 129024 23 1.4317 0.387675 2.11674 2018.72
2.0832e-06 3.03491e-06 129024 25 1.42765 0.411257 2.1195 2021.22
