3.05041e-06 4.24619e-06 301056 1320 1.87893 1.27834 7.96798 1166.67
2.33275e-06 3.54942e-06 129024 23 1.46387 0.368061 2.11551 3482.61
2.09856e-06 3.37704e-06 129024 23 1.44111 0.391234 2.11999 3493.65
1.98096e-06 3.29778e-06 129024 23 1.4673 0.394815 2.14514 3438.92
1.9077e-06 3.23782e-06 129024 23 1.44684 0.386815 2.13399 3455.13
1.86013e-06 3.18976e-06 129024 23 1.43369 0.380549 2.09434 3463.52
1.82104e-06 3.16835e-06 129024 25 1.4326 0.392215 2.70152 3480.62
1.79704e-06 3.15825e-06 129024 23 1.46553 0.398375 2.15074 3446.78
1.7824e-06 3.14541e-06 129024 23 1.42063 0.392577 2.10752 3434.2
1.76897e-06 3.15425e-06 129024 23 1.41479 0.417241 2.11656 3426.84
1.75629e-06 3.14275e-06 129024 23 1.44888 0.390647 2.13243 3417.41
1.74057e-06 3.07844e-06 129024 23 1.43016 0.364002 2.09365 3402
1.72243e-06 3.08213e-06 129024 23 1.40901 0.399576 2.10511 3387.42
1.70556e-06 3.07489e-06 129024 23 1.43867 0.392997 2.11923 3375.23
1.69543e-06 3.06362e-06 129024 23 1.462 0.389465 2.14238 3389.63
1.68492e-06 3.03127e-06 129024 23 1.41336 0.374412 2.08224 3386.86
1.67438e-06 3.05443e-06 129024 23 2.30447 0.406048 2.99492 3392.3
1.98695e-06 3.04847e-06 193536 60 0.885925 0.585371 1.89807 786.227
2.00653e-06 2.98602e-06 193536 60 0.86891 0.529562 1.8369 1862.51
2.02375e-06 2.94284e-06 193536 61 0.887594 0.53611 1.8636 1832.69
2.05588e-06 2.87397e-06 193536 57 0.890332 0.502905 1.82977 1815.61
2.06733e-06 2.89022e-06 193536 61 0.877906 0.571945 1.87592 1785.69
2.0853e-06 2.89572e-06 193536 57 0.863795 0.56468 1.85256 1729.24
2.10154e-06 2.83995e-06 193536 61 0.8854 0.506464 1.82246 1697.68
2.13244e-06 2.82272e-06 193536 57 0.876698 0.532957 1.84127 1679.9
2.1553e-06 2.84623e-06 193536 61 0.875083 0.569046 1.87332 1643.72
2.18401e-06 2.86198e-06 193536 57 0.911349 0.56609 1.90331 1634.32
2.19053e-06 2.83606e-06 193536 63 0.878449 0.52881 1.84337 1623.93
2.21556e-06 2.8396e-06 193536 57 0.888927 0.552305 1.87219 1620.1
2.21975e-06 2.83357e-06 193536 63 0.874706 0.543732 1.85465 1629.48
2.23957e-06 2.84642e-06 193536 57 0.884492 0.560836 1.87819 1620.15
2.23647e-06 2.84346e-06 193536 63 0.879265 0.548016 1.85445 1618.85
2.26406e-06 2.80073e-06 193536 57 0.880778 0.508963 1.837 1626.37
2.26368e-06 2.80972e-06 193536 63 0.890113 0.550745 1.88028 1626.65
2.27226e-06 2.80701e-06 193536 57 0.889754 0.541162 1.86098 1622.12
2.26086e-06 2.8391e-06 193536 63 0.880603 0.574312 1.88196 1599.14
2.27719e-06 2.83604e-06 193536 57 0.885194 0.546506 1.85932 1596.83
2.27623e-06 2.81453e-06 193536 63 0.899589 0.528057 1.86724 1606.35
