1.21744e-05 3.35592e-06 307200 330 3.811e-06 1.03094 8.38448 1166.67
7.68766e-06 3.65862e-06 307200 98 4.582e-06 1.21692 2.54982 4102.34
6.90171e-06 3.62115e-06 307200 37 1.273e-06 1.08939 2.36376 2981.53
6.50445e-06 3.6301e-06 307200 41 1.1391e-05 1.12342 2.40396 2862.47
6.24254e-06 3.62813e-06 307200 47 1.94e-06 1.11213 2.41488 2753.02
6.08362e-06 3.65226e-06 307200 48 1.962e-06 1.15904 2.46536 2584.71
6.10369e-06 3.67278e-06 307200 53 1.333e-06 1.1661 2.45518 1203.17
6.11694e-06 3.6695e-06 307200 53 5.421e-06 1.12023 2.40649 1196.65
6.13513e-06 3.67062e-06 307200 53 1.648e-06 1.13035 2.42774 1163.88
6.16555e-06 3.68123e-06 307200 53 7.481e-06 1.16022 2.46218 1150.7
6.18901e-06 3.69703e-06 307200 50 4.549e-06 1.18428 2.51685 1163.04
6.20327e-06 3.70009e-06 307200 53 1.902e-06 1.14042 2.42265 1143.72
6.22577e-06 3.71938e-06 307200 53 1.854e-06 1.16629 2.46093 1140.3
6.25332e-06 3.7424e-06 307200 53 4.533e-06 1.17796 2.46521 1124.03
6.26267e-06 3.68632e-06 307200 53 7.478e-06 1.06352 2.42612 1101.28
6.31152e-06 3.61506e-06 307200 41 2.348e-06 1.02298 2.39102 1078.93
6.29111e-06 3.62931e-06 307200 65 1.624e-06 1.13244 2.44905 1068.69
6.35084e-06 3.6439e-06 307200 39 1.482e-06 1.13733 2.42675 1092.36
6.35204e-06 3.66e-06 307200 48 5.123e-06 1.14413 2.43155 1126.51
6.33772e-06 3.69253e-06 307200 56 1.732e-06 1.17432 2.48153 1121.85
6.31106e-06 3.67171e-06 307200 53 5.952e-06 1.10236 2.38082 1117.03
6.3159e-06 3.64434e-06 307200 53 2.014e-06 1.08592 2.38138 1100.98
6.32495e-06 3.67302e-06 307200 53 2.185e-06 1.16359 2.45777 1094.11
6.33297e-06 3.68066e-06 307200 53 1.498e-06 1.14009 2.45042 1085.43
6.35047e-06 3.70137e-06 307200 53 5.26e-06 1.16251 2.46464 1061.82
6.38345e-06 3.70589e-06 307200 53 6.152e-06 1.144 2.48082 1082.64
6.31693e-06 4.11404e-06 307200 53 1.727e-06 1.76536 2.34314 1047.69
6.32758e-06 4.04908e-06 307200 53 2.614e-06 1.16405 2.45958 1047.85
6.33619e-06 3.96151e-06 307200 53 1.705e-06 1.10938 2.39883 1044.66
6.35087e-06 3.90476e-06 307200 53 1.651e-06 1.12981 2.42074 1034.07
6.36272e-06 3.88343e-06 307200 53 6.608e-06 1.16678 2.46814 1031.55
6.3802e-06 3.85864e-06 307200 53 7.253e-06 1.1549 2.47518 1046.27
6.40482e-06 3.83633e-06 307200 53 1.777e-06 1.15111 2.46179 1043.15
