1.64618e-07
1.15219e-07
2.15204e-07
1.48849e-07
1.86457e-07
1.92919e-07
1.80742e-07
1.90402e-07
1.96527e-07
1.87805e-07
1.85217e-07
1.82384e-07
1.94929e-07
1.76838e-07
1.73935e-07
1.93224e-07
1.76366e-07
1.90353e-07
1.71997e-07
1.85829e-07
1.69415e-07
1.84348e-07
1.61721e-07
1.78216e-07
1.56948e-07
1.81596e-07
1.54441e-07
1.97267e-07
1.84758e-07
1.4877e-07
1.43237e-07
1.78063e-07
1.7083e-07
1.39806e-07
1.62488e-07
1.40173e-07
1.40871e-07
1.59408e-07
1.33388e-07
1.55151e-07
1.53605e-07
1.34606e-07
1.67868e-07
1.36949e-07
1.37578e-07
1.70247e-07
1.58684e-07
1.36417e-07
1.3293e-07
1.57947e-07
1.49824e-07
1.34462e-07
1.34166e-07
1.48711e-07
1.54066e-07
1.28578e-07
1.54122e-07
1.23741e-07
1.2133e-07
1.5434e-07
1.27183e-07
1.94309e-07
1.27634e-07
1.8099e-07
1.25289e-07
1.74738e-07
1.74686e-07
1.25441e-07
1.21042e-07
1.90364e-07
1.20003e-07
1.82357e-07
1.19561e-07
1.97207e-07
2.03619e-07
1.22745e-07
1.88388e-07
1.20887e-07
1.79216e-07
1.22807e-07
1.87339e-07
1.28103e-07
1.24195e-07
1.80069e-07
1.24776e-07
1.7242e-07
1.27979e-07
1.65548e-07
1.25958e-07
1.60548e-07
1.61098e-07
1.22976e-07
1.25469e-07
1.58355e-07
1.53387e-07
1.22981e-07
1.21759e-07
1.52727e-07
1.62584e-07
1.22647e-07
1.22967e-07
1.84406e-07
1.78173e-07
1.23757e-07
1.26193e-07
1.82642e-07
1.28215e-07
1.75807e-07
1.27309e-07
1.71537e-07
1.2741e-07
1.72269e-07
1.25565e-07
1.83297e-07
1.2736e-07
1.752e-07
1.79963e-07
1.28035e-07
1.77282e-07
1.25631e-07
1.25984e-07
1.75325e-07
1.71542e-07
1.28177e-07
1.3112e-07
1.66751e-07
1.30225e-07
1.6644e-07
1.2722e-07
1.61075e-07
1.59731e-07
1.34702e-07
1.2736e-07
1.60911e-07
1.50385e-07
1.25155e-07
1.23336e-07
1.57402e-07
1.63402e-07
1.23666e-07
1.24437e-07
1.60651e-07
1.47459e-07
1.56992e-07
1.54906e-07
1.46469e-07
1.52979e-07
1.40914e-07
1.36984e-07
1.60138e-07
1.36229e-07
1.57694e-07
1.54223e-07
1.32006e-07
1.5288e-07
1.50706e-07
1.44872e-07
1.52171e-07
1.52521e-07
1.38543e-07
1.32691e-07
1.51935e-07
1.28627e-07
1.53496e-07
1.26096e-07
1.66689e-07
1.24758e-07
1.65059e-07
1.63126e-07
1.25216e-07
1.58265e-07
1.28931e-07
1.61342e-07
1.50143e-07
1.67183e-07
1.78186e-07
1.81541e-07
1.59871e-07
1.5144e-07
1.8334e-07
1.92078e-07
1.47882e-07
1.94656e-07
1.43523e-07
1.38881e-07
1.90728e-07
1.87199e-07
1.36906e-07
