4.58549e-07
2.53305e-07
1.8716e-07
4.68606e-07
1.48286e-07
2.5651e-07
1.27637e-07
1.13741e-07
1.81969e-07
1.50052e-07
1.02757e-07
1.2726e-07
9.53702e-08
8.832e-08
1.14289e-07
1.03703e-07
9.81912e-08
8.37979e-08
7.99948e-08
9.15145e-08
8.87801e-08
7.37465e-08
8.60479e-08
6.69631e-08
7.71811e-08
6.27592e-08
6.88255e-08
6.40494e-08
5.94722e-08
5.86403e-08
5.52536e-08
5.64126e-08
5.04102e-08
5.40333e-08
5.00002e-08
4.795e-08
4.8717e-08
4.78414e-08
4.89112e-08
4.77581e-08
4.46255e-08
4.91851e-08
4.75257e-08
4.23601e-08
4.07105e-08
4.44358e-08
4.77924e-08
4.32008e-08
4.88617e-08
4.88375e-08
4.21962e-08
4.87382e-08
4.31535e-08
4.73217e-08
4.50886e-08
4.16061e-08
4.25029e-08
4.44943e-08
4.09102e-08
4.9154e-08
4.20224e-08
3.99438e-08
4.73619e-08
4.59408e-08
3.86133e-08
4.17912e-08
4.5519e-08
4.03434e-08
4.30096e-08
4.09863e-08
4.1499e-08
3.93684e-08
4e-08
3.8224e-08
4.18813e-08
4.07618e-08
4.06619e-08
5.77209e-08
5.27731e-08
6.10211e-08
4.64573e-08
5.37063e-08
6.14913e-08
5.78988e-08
5.45677e-08
5.36539e-08
4.19439e-08
4.07168e-08
4.85874e-08
5.26267e-08
5.40314e-08
5.1743e-08
5.19326e-08
5.07112e-08
5.88739e-08
4.1253e-08
6.0837e-08
6.03369e-08
5.00538e-08
4.78153e-08
5.79927e-08
4.74854e-08
5.67582e-08
5.51282e-08
4.78084e-08
4.80863e-08
5.37918e-08
4.78151e-08
5.28453e-08
5.25539e-08
5.07237e-08
4.97594e-08
5.68055e-08
5.20666e-08
5.83879e-08
4.94476e-08
5.57613e-08
5.06458e-08
5.69403e-08
5.46317e-08
5.25527e-08
5.28244e-08
6.1371e-08
5.32744e-08
4.92448e-08
5.11632e-08
4.70912e-08
5.15449e-08
5.90742e-08
4.63695e-08
4.96305e-08
5.04057e-08
4.35702e-08
4.93974e-08
4.38568e-08
4.73594e-08
5.60208e-08
5.44576e-08
4.82279e-08
4.75174e-08
5.28731e-08
4.64669e-08
5.17333e-08
4.59342e-08
5.17912e-08
5.04441e-08
4.8255e-08
4.97285e-08
5.06382e-08
4.87265e-08
5.21113e-08
4.82764e-08
5.03706e-08
5.3907e-08
5.09156e-08
4.86127e-08
5.26514e-08
5.19794e-08
5.07318e-08
4.65743e-08
5.17393e-08
5.48418e-08
5.0568e-08
5.21326e-08
5.33705e-08
4.84656e-08
5.28592e-08
4.96099e-08
5.17638e-08
5.25252e-08
5.07377e-08
4.98388e-08
4.85386e-08
5.00172e-08
5.15977e-08
5.94244e-08
5.54792e-08
5.8873e-08
5.40799e-08
5.47199e-08
5.31988e-08
5.07211e-08
5.81489e-08
4.81946e-08
5.4123e-08
4.72324e-08
5.2026e-08
5.07768e-08
4.83075e-08
5.07007e-08
5.1166e-08
4.95057e-08
4.96068e-08
4.96179e-08
4.9977e-08
4.96329e-08
5.03679e-08
4.71886e-08
4.91301e-08
4.89239e-08
4.90287e-08
5.0258e-08
5.8215e-08
6.58545e-08
5.43313e-08
6.39276e-08
5.57764e-08
6.08204e-08
5.50905e-08
5.20148e-08
5.5766e-08
5.0584e-08
5.50945e-08
4.69032e-08
4.67858e-08
4.6163e-08
4.61931e-08
4.42522e-08
4.69879e-08
4.57619e-08
4.94329e-08
4.48886e-08
4.84188e-08
4.73447e-08
5.26861e-08
5.44415e-08
4.90131e-08
4.44867e-08
4.83004e-08
4.88555e-08
6.98623e-08
4.94007e-08
5.61199e-08
5.4954e-07
2.97747e-07
3.62054e-08
2.09074e-07
3.95212e-08
1.66547e-07
4.61966e-08
1.39176e-07
4.53953e-08
1.23847e-07
4.85832e-08
1.11266e-07
5.17143e-08
5.9508e-07
3.24092e-07
2.36775e-07
1.88239e-07
1.59032e-07
1.41045e-07
1.2738e-07
5.11766e-08
4.98694e-08
1.18063e-07
1.09775e-07
5.78685e-08
1.03711e-07
5.68111e-08
1.00054e-07
5.46384e-08
9.00592e-08
5.3778e-08
8.08693e-08
5.07685e-08
7.83179e-08
5.0312e-08
7.32729e-08
5.31916e-08
6.98468e-08
5.25197e-08
6.55409e-08
5.19281e-08
6.08238e-08
4.96939e-08
5.92247e-08
5.08204e-08
5.32187e-08
6.11286e-08
5.17822e-08
6.09614e-08
4.99363e-08
5.87282e-08
4.75444e-08
5.61511e-08
5.11049e-08
5.68661e-08
5.42543e-08
5.40298e-08
5.98268e-08
5.24731e-08
5.26065e-08
6.34989e-08
5.99016e-08
5.09305e-08
5.1085e-08
6.20467e-08
5.02454e-08
6.35559e-08
6.00938e-08
4.75435e-08
4.80154e-08
5.94245e-08
5.66458e-08
4.65087e-08
5.50077e-08
4.8788e-08
5.48254e-08
4.79082e-08
4.99561e-08
4.80775e-08
4.81625e-08
4.56432e-08
4.66636e-08
5.16792e-08
5.10967e-08
4.60774e-08
4.92229e-08
4.58033e-08
4.61266e-08
5.35086e-08
5.06911e-08
4.60242e-08
4.43796e-08
5.00587e-08
4.44286e-08
4.88192e-08
4.44574e-08
4.7813e-08
4.36776e-08
4.70379e-08
4.86761e-08
4.3368e-08
4.20725e-08
6.04305e-08
4.63802e-08
5.68803e-08
6.17899e-08
4.85685e-08
4.7648e-08
5.71572e-08
4.75781e-08
5.73541e-08
4.44382e-08
5.72777e-08
5.59886e-08
4.5158e-08
4.77473e-08
6.10119e-08
4.696e-08
5.759e-08
4.51828e-08
5.48976e-08
2.76987e-07
5.22858e-07
2.88155e-07
1.61857e-07
1.25218e-07
2.04148e-07
1.08843e-07
1.63976e-07
1.48202e-07
1.05359e-07
1.28759e-07
9.37396e-08
1.15198e-07
8.97508e-08
8.41944e-08
1.06627e-07
7.95221e-08
9.87192e-08
4.78088e-07
5.59836e-07
3.12048e-07
2.61058e-07
1.93714e-07
2.21156e-07
1.60497e-07
1.80126e-07
1.44173e-07
1.56083e-07
1.25366e-07
1.43915e-07
1.28235e-07
1.12582e-07
1.04404e-07
1.18227e-07
9.97242e-08
1.10501e-07
9.3952e-08
1.05392e-07
8.93211e-08
1.03623e-07
7.97994e-08
9.40426e-08
7.30208e-08
8.52955e-08
7.32133e-08
7.82681e-08
7.59747e-08
6.96625e-08
6.29891e-08
7.09097e-08
6.54908e-08
5.89327e-08
5.9096e-08
5.94773e-08
5.78408e-08
5.96767e-08
5.51637e-08
6.55627e-08
6.11748e-08
5.41925e-08
6.20924e-08
5.66293e-08
5.2537e-08
5.82223e-08
5.41032e-08
5.10303e-08
4.93397e-08
5.00954e-08
5.10066e-08
4.84837e-08
4.77775e-08
4.97527e-08
5.03026e-08
5.1829e-08
4.77106e-08
5.36576e-08
5.20129e-08
5.03014e-08
5.07133e-08
5.60816e-08
4.83335e-08
5.35553e-08
4.67862e-08
5.1558e-08
5.08953e-08
4.89854e-08
4.66211e-08
5.81424e-08
4.57692e-08
8.46347e-08
4.61823e-08
7.465e-08
7.0734e-08
4.99401e-08
6.5671e-08
5.00932e-08
6.14655e-08
5.44929e-08
5.78557e-08
5.73543e-08
5.53897e-08
5.5756e-08
5.3084e-08
5.61313e-08
5.01508e-08
5.66857e-08
4.66276e-08
5.34706e-08
5.5216e-08
5.36491e-08
5.23475e-08
6.39742e-08
5.85153e-08
5.03676e-08
4.91843e-08
5.79849e-08
6.01258e-08
5.17078e-08
5.16404e-08
7.75178e-08
7.16398e-08
5.42765e-08
5.05694e-08
6.78811e-08
4.94241e-08
6.42531e-08
4.79369e-08
5.97765e-08
4.63375e-08
5.40522e-08
4.60279e-08
5.19602e-08
4.68206e-08
6.254e-08
6.20227e-08
4.84764e-08
5.71695e-08
4.98316e-08
4.68358e-08
5.57837e-08
5.34505e-08
5.15959e-08
5.00011e-08
5.1909e-08
4.73078e-08
5.08892e-08
4.6049e-08
5.17112e-08
5.31434e-08
4.8954e-08
4.66051e-08
5.67728e-08
5.24944e-08
4.51526e-08
4.54477e-08
5.18202e-08
5.39654e-08
5.19055e-08
4.96978e-08
5.24378e-08
4.73472e-08
4.92076e-08
4.81538e-08
4.66947e-08
4.54307e-08
4.74236e-08
4.77128e-08
5.46693e-08
4.71427e-08
5.35653e-08
5.3794e-08
5.33971e-08
5.63228e-08
5.67604e-08
5.43889e-08
5.4149e-08
5.31997e-08
5.59266e-08
5.44774e-08
6.09335e-08
5.09791e-08
5.74641e-08
4.85076e-08
5.52746e-08
4.70865e-08
5.64958e-08
5.41003e-08
4.93149e-08
5.17421e-08
5.06033e-08
5.52495e-08
5.21307e-08
5.14274e-08
5.29404e-08
5.12916e-08
5.33666e-08
5.18964e-08
5.35632e-08
6.39894e-08
5.78215e-08
6.28893e-08
6.41237e-08
6.01208e-08
6.47749e-08
6.14803e-08
5.92889e-08
