3.56707e-06 5.07006e-06 781056 5280 2.861e-06 3.96 25.7518 1166.67
2.66189e-06 4.10411e-06 129024 20 2.55066 0.404899 3.25167 3732.89
2.30531e-06 3.67393e-06 192768 97 2.41061 0.542364 3.67999 2896.7
2.56347e-06 3.70816e-06 245760 51 2.22786 0.936559 3.84536 2007.6
2.68072e-06 3.62538e-06 306432 139 2.13858 1.00947 4.2904 1620.42
2.84791e-06 3.56486e-06 308736 82 2.05861 1.00717 4.08523 1504.29
2.90589e-06 3.50674e-06 320256 134 1.90318 1.01138 4.03515 1440.99
3.07089e-06 3.49814e-06 324096 120 2.02442 1.11421 4.53357 1393.05
3.1524e-06 3.50788e-06 282624 124 1.91081 1.01344 4.04315 1314.57
3.20647e-06 3.47894e-06 317952 89 2.05365 1.02334 4.11277 1326.04
3.23466e-06 3.46492e-06 312576 118 1.87965 1.03921 4.01407 1328.3
3.31899e-06 3.42076e-06 316416 92 2.07235 1.0265 4.13721 1325.21
3.34579e-06 3.37728e-06 317184 117 1.8862 1.01606 3.97623 1320.43
3.38304e-06 3.33033e-06 322560 90 1.89676 1.01365 3.92189 1333.3
3.4725e-06 3.38911e-06 324864 174 1.98915 1.17738 4.73879 1310.16
3.56046e-06 3.38429e-06 303360 84 2.09994 1.02081 4.14791 1307.97
3.5294e-06 3.37988e-06 307968 127 1.87295 1.03547 3.98316 1311.08
3.54394e-06 3.38898e-06 321024 95 2.16157 1.09962 4.30616 1317.47
3.52883e-06 3.73485e-06 320256 133 2.06701 1.63918 4.53626 1324.15
3.54958e-06 3.72626e-06 312576 89 2.06263 1.15399 4.23343 1323.85
3.52967e-06 3.68281e-06 315648 127 2.12985 1.10762 4.35396 1322.55
3.55298e-06 3.59825e-06 314880 90 2.0272 1.02651 4.06159 1322.62
3.54049e-06 3.60053e-06 316416 124 2.06084 1.14214 4.30652 1313.02
3.57572e-06 3.51589e-06 317952 83 1.88597 1.01024 3.92967 1323.23
3.54168e-06 3.42923e-06 322560 122 1.96498 0.994313 4.05028 1316.57
3.57764e-06 3.35367e-06 322560 86 1.86631 0.984283 3.90732 1329.09
3.66356e-06 3.3801e-06 327168 176 2.12278 1.14044 4.7431 1195.99
3.6947e-06 3.30982e-06 302592 71 2.10101 0.916453 3.98567 1329.49
3.79596e-06 3.338e-06 658944 371 8.059e-06 2.27383 5.0269 1194.16
3.75394e-06 3.33808e-06 660480 259 3.506e-06 2.20495 4.83113 2195.08
3.45278e-06 3.40081e-06 582912 384 2.143e-06 2.12865 4.61442 3203.32
3.43118e-06 3.4255e-06 587520 167 2.075e-06 2.07056 4.22641 3238.3
3.29405e-06 3.61424e-06 202752 63 2.3815 0.885864 3.94966 3226.96
3.15263e-06 3.74734e-06 209664 73 2.23037 0.897313 3.85022 3215.75
2.94757e-06 3.7338e-06 251904 87 2.25621 0.926915 3.92486 3256.86
2.79058e-06 3.6839e-06 255744 79 2.28899 0.891083 3.90304 3323.72
2.66078e-06 3.69488e-06 274944 148 2.14048 1.02796 4.32625 3241.23
2.58817e-06 3.6906e-06 249600 74 2.36938 0.916901 4.02041 3292.78
2.48463e-06 3.72671e-06 266496 169 2.26965 1.03165 4.4792 3083.92
2.51181e-06 3.71618e-06 241152 60 2.19668 0.88601 3.77525 3113.95
2.53978e-06 3.65016e-06 300288 190 2.11797 1.0168 4.35753 1819.99
2.70653e-06 3.5643e-06 311040 96 2.0953 1.00181 4.16648 1725.94
2.73301e-06 3.50775e-06 316416 164 1.93371 1.03835 4.15389 1687.11
2.85e-06 3.43986e-06 320256 97 2.17843 1.01466 4.24719 1670.77
2.86681e-06 3.39424e-06 314880 160 1.89294 1.01133 4.07374 1614.72
2.96557e-06 3.36225e-06 320256 101 1.89157 1.03579 3.99155 1588.44
3.01943e-06 3.37269e-06 323328 193 2.0836 1.104 4.73339 1751.45
3.30044e-06 3.33032e-06 730368 181 1.58e-06 2.30856 5.06284 1822.41
3.24248e-06 3.30679e-06 304128 136 2.16888 0.977064 4.26506 1766.04
3.41205e-06 3.37934e-06 658176 214 1.361e-06 2.4152 4.81136 1840.77
3.25408e-06 3.36989e-06 637440 338 1.2266e-05 2.12402 4.54924 2746.02
3.36727e-06 3.37367e-06 624384 207 6.479e-06 2.11589 4.26793 1815.28
3.45437e-06 3.36639e-06 672000 241 1.385e-06 2.24265 4.84788 1828.75
3.25117e-06 3.29659e-06 638208 337 6.385e-06 1.92573 4.54222 3001.08
3.23971e-06 3.35206e-06 590592 194 2.145e-06 2.11073 4.24926 3044.04
3.45836e-06 3.37811e-06 602880 226 1.3031e-05 2.09942 4.30167 1344.1
3.63419e-06 3.35558e-06 683520 259 1.91e-06 2.232 4.80681 1276.97
3.77471e-06 3.3404e-06 684288 270 7.026e-06 2.24426 4.84803 1263.25
3.88051e-06 3.35364e-06 668160 288 2.046e-06 2.27615 4.87141 1269.12
3.99393e-06 3.40144e-06 652800 291 1.857e-06 2.34528 4.95461 1258.1
4.13695e-06 3.40399e-06 679680 201 1.466e-06 2.32054 4.77989 1174.43
4.25016e-06 3.44247e-06 646656 292 2.789e-06 2.32564 4.9749 1178.39
4.40077e-06 3.42402e-06 663552 199 1.613e-06 2.22306 4.70355 1080.9
4.35367e-06 3.35758e-06 622848 353 1.664e-06 1.92573 4.55734 1013.89
4.43759e-06 3.37287e-06 644352 173 2.291e-06 2.2127 4.31606 995.628
4.52743e-06 3.39904e-06 653568 269 1.807e-06 2.28992 4.83328 975.992
4.6631e-06 3.40383e-06 662784 201 1.82e-06 2.2687 4.72213 934.772
4.67019e-06 3.3064e-06 633600 239 2.394e-06 1.84802 4.34554 911.034
4.76525e-06 3.35412e-06 655104 227 1.638e-06 2.32234 4.7714 902.471
4.83248e-06 3.36461e-06 666624 239 1.351e-06 2.27092 4.78354 864.109
4.76357e-06 3.38312e-06 626688 342 1.683e-06 2.16656 4.54568 832.779
