3.20586e-06 3.98876e-06 134400 880 3.96 0.536089 8.21241 1166.67
4.32848e-06 3.61604e-06 786432 277 2.06e-06 2.55066 5.75763 830.85
4.35875e-06 3.52256e-06 722688 773 1.7e-06 2.4106 6.1685 755.534
4.61336e-06 3.47359e-06 669696 226 9.974e-06 2.22785 4.77213 774.249
4.67346e-06 3.48116e-06 609024 353 1.954e-05 2.13856 4.58979 774.185
4.74993e-06 3.46647e-06 606720 246 1.457e-06 2.05861 4.35008 788.56
4.77186e-06 3.42805e-06 595200 371 1.538e-06 1.90317 4.60348 779.016
4.87542e-06 3.42746e-06 591360 208 1.294e-06 2.02441 4.24725 667.138
4.86799e-06 3.38212e-06 632832 331 1.584e-06 1.9108 4.56896 792.591
4.9246e-06 3.38761e-06 597504 246 1.719e-06 2.05364 4.33605 670.452
4.94533e-06 3.36308e-06 602880 354 1.625e-06 1.87965 4.55205 668.295
5.04484e-06 3.38236e-06 599040 246 1.623e-06 2.07234 4.34454 678.844
5.0675e-06 3.33643e-06 598272 346 1.755e-06 1.88619 4.55024 672.434
5.12949e-06 3.30897e-06 592896 260 1.319e-06 1.89675 4.41808 683.081
5.12932e-06 3.32079e-06 590592 346 1.953e-06 1.98914 4.76326 681.907
5.19014e-06 3.34278e-06 612096 191 2.524e-06 2.09994 4.29634 699.674
5.16469e-06 3.29084e-06 607488 346 2.019e-06 1.87294 4.51004 698.299
5.22371e-06 3.35994e-06 594432 241 1.262e-06 2.16157 4.433 688.266
5.18367e-06 3.38251e-06 595200 327 1.263e-06 2.06701 4.65828 684.022
5.19675e-06 3.39027e-06 602880 246 1.501e-06 2.06262 4.31616 688.11
5.18094e-06 3.42239e-06 599808 335 2.059e-06 2.12985 4.53444 685.951
5.1986e-06 3.41299e-06 600576 246 7.343e-06 2.02718 4.37296 692.873
5.16398e-06 3.41843e-06 599040 354 8.53e-06 2.06083 4.69499 689.941
5.17549e-06 3.36603e-06 597504 255 2.082e-06 1.88597 4.39875 708.312
5.1545e-06 3.35566e-06 592896 346 5.484e-06 1.96498 4.62996 695.85
5.1703e-06 3.31409e-06 592896 264 1.707e-06 1.8663 4.37922 704.835
5.16377e-06 3.37295e-06 588288 327 6.536e-06 2.12277 4.54073 698.838
5.14919e-06 3.38399e-06 612864 192 1.662e-06 2.101 4.19451 716.792
4.92347e-06 3.40807e-06 256512 86 2.27384 0.898914 3.9232 700.948
4.74886e-06 3.40561e-06 254976 61 2.20496 0.86584 3.74952 695.244
4.7e-06 3.42733e-06 332544 324 2.12865 1.16864 5.05822 643.039
4.85275e-06 3.38837e-06 327936 89 2.07057 1.06006 4.47454 663.297
4.99632e-06 3.379e-06 712704 258 1.258e-06 2.3815 5.28714 660.167
4.99668e-06 3.33522e-06 705792 320 7.315e-06 2.23036 4.92776 670.032
5.05118e-06 3.34821e-06 663552 302 1.645e-06 2.2562 4.90594 675.237
5.09719e-06 3.3725e-06 659712 331 1.977e-06 2.28898 5.02639 674.497
5.05975e-06 3.36637e-06 640512 303 1.768e-06 2.14047 4.50141 679.212
5.11335e-06 3.40477e-06 665856 256 1.523e-06 2.36937 5.04525 688.995
5.16149e-06 3.42329e-06 648960 319 2.291e-06 2.26964 4.92155 686.335
5.20116e-06 3.39017e-06 674304 224 1.0223e-05 2.19667 4.77583 701.017
5.14183e-06 3.40071e-06 615168 363 2.416e-06 2.11796 4.57629 689.234
5.17802e-06 3.4139e-06 604416 208 2.348e-06 2.09529 4.33425 708.951
5.14964e-06 3.37672e-06 599040 346 1.909e-06 1.9337 4.61572 705.051
5.21327e-06 3.43337e-06 595200 199 1.511e-06 2.17842 4.38886 715.87
5.16268e-06 3.37707e-06 600576 346 1.466e-06 1.89294 4.54991 707.545
5.19569e-06 3.33726e-06 595200 227 1.906e-06 1.89156 4.36433 721.334
5.18562e-06 3.37357e-06 592128 280 1.428e-06 2.08359 4.39894 720.847
4.91148e-06 3.28978e-06 185088 26 2.30857 0.54686 3.45016 739.417
4.92348e-06 3.34139e-06 611328 374 1.765e-06 2.16888 4.91723 731.643
4.72469e-06 4.03e-06 257280 56 2.41521 1.7455 4.16378 726.717
4.81676e-06 3.97801e-06 278016 207 2.12404 1.04814 4.72195 719.484
4.76403e-06 3.8593e-06 291072 118 2.1159 0.985126 4.19135 724.054
4.62651e-06 3.85523e-06 243456 75 2.24265 0.934611 4.26167 660.551
4.62015e-06 3.82416e-06 277248 202 1.92574 1.02579 4.18915 634.326
4.75655e-06 3.7589e-06 324864 149 2.11073 1.13632 4.72051 625.09
4.68995e-06 3.67401e-06 312576 127 2.09944 1.04228 4.26494 625.587
4.63733e-06 3.74109e-06 231936 115 2.23201 0.929921 3.95692 616.185
4.5852e-06 3.78696e-06 231168 115 2.24427 0.917836 3.95388 641.574
4.48341e-06 3.82614e-06 247296 114 2.27615 0.984949 4.04857 634.134
4.53798e-06 3.84982e-06 262656 203 2.34529 1.03606 4.6562 640.464
4.50209e-06 3.89163e-06 235776 85 2.32054 0.956979 4.01091 639.336
4.55897e-06 3.87512e-06 268800 192 2.32565 1.02389 4.58278 630.338
4.47839e-06 3.82122e-06 251904 67 2.22307 0.908265 3.83262 635.661
4.44142e-06 3.79201e-06 292608 205 1.92574 1.07539 4.24443 655.002
4.53108e-06 3.87711e-06 271104 113 2.21271 1.14339 4.41204 663.47
4.5958e-06 3.92962e-06 261888 173 2.28992 1.08412 4.5761 664.749
4.45581e-06 3.90354e-06 252672 83 2.2687 0.95996 3.93397 720.272
4.42951e-06 3.89475e-06 281856 202 1.84802 1.08785 4.1673 695.465
4.48848e-06 3.9293e-06 260352 174 2.32235 1.05898 4.54891 667.802
4.37572e-06 3.92433e-06 248832 99 2.27092 0.971546 3.99488 718.184
4.35558e-06 3.91743e-06 288768 197 2.16657 1.12326 4.51142 668.785
