8.05703	0 3 360  4 720 
6.04019	0 3 360  4 720 
5.61297	0 4 360  3 720 
6.47455	0 4 360  3 720 
5.52732	0 4 360  3 720 
6.5914	0 4 360  3 720 
5.91214	0 4 360  3 720 
7.17289	0 4 360  3 720 
6.57008	0 4 360  3 720 
5.04631	0 4 360  3 720 
5.02436	4.92376 4 462  3 720 
5.11539	4.75756 4 507  3 720 
4.75543	4.77084 4 501  3 720 
4.86745	4.66774 4 503  3 720 
5.49716	4.40264 4 511  3 720 
5.29372	4.60564 4 506  3 720 
4.69657	4.50752 4 478  3 720 
4.55076	4.54871 4 479  3 720 
4.90576	4.41763 4 494  3 720 
5.13173	4.60174 4 497  3 720 
4.62628	4.37065 4 500  3 720 
4.57806	4.45902 4 502  3 720 
5.29151	4.28161 4 505  3 720 
6.12121	3.91545 4 0  3 720 
6.83738	3.93265 4 0  3 720 
6.09286	3.9224 4 0  3 720 
6.58587	3.91526 4 0  3 720 
5.8593	3.91117 4 0  3 720 
6.86425	3.8988 4 0  3 720 
6.27103	3.88943 4 0  3 720 
5.68457	3.88857 4 0  3 720 
5.39454	3.83321 4 527  3 720 
5.20654	4.58623 4 564  3 720 
5.6646	4.59083 4 540  3 720 
5.16917	4.56921 4 536  3 720 
5.29122	4.71734 4 547  3 720 
5.64764	4.82586 4 537  3 720 
5.43802	4.69979 4 531  3 720 
5.24558	4.83199 4 517  3 720 
5.13023	4.75703 4 510  3 720 
5.55712	4.86469 4 511  3 720 
5.54873	5.1276 4 511  3 720 
4.15873	4.92191 4 503  3 720 
5.42055	4.49511 4 549  3 720 
5.07899	4.69846 4 569  3 720 
5.5348	4.85261 4 559  3 720 
5.5393	4.63222 4 529  3 720 
5.07307	4.84647 4 524  3 720 
5.55585	4.94825 4 532  3 720 
5.12846	5.04697 4 525  3 720 
5.3327	5.41484 4 551  3 720 
5.54496	5.21277 4 566  3 720 
5.42416	4.96916 4 533  3 720 
5.31198	4.57984 4 534  3 720 
5.45233	5.09464 4 536  3 720 
5.25629	4.81782 4 519  3 720 
5.18749	5.0603 4 536  3 720 
5.27811	5.07035 4 539  3 720 
5.15341	5.08291 4 567  3 720 
5.5657	5.04612 4 575  3 720 
4.69778	4.72973 4 550  3 720 
5.27687	4.33434 4 574  3 720 
5.59372	4.52036 4 519  3 720 
4.60024	4.52663 4 504  3 720 
5.46139	4.60206 4 515  3 720 
5.30294	4.7562 4 513  3 720 
4.96472	4.67615 4 499  3 720 
5.6715	4.81019 4 531  3 720 
5.06049	4.81599 4 522  3 720 
5.39318	4.99883 4 532  3 720 
4.8298	4.71581 4 544  3 720 
5.43107	4.74918 4 557  3 720 
4.68239	4.40932 4 523  3 720 
5.45709	4.48174 4 597  3 720 
5.57662	4.35516 4 537  3 720 
4.82175	4.97623 4 572  3 720 
5.16781	4.33539 4 551  3 720 
5.15532	4.38593 4 546  3 720 
6.52899	4.81228 4 589  3 720 
5.51492	4.80033 4 547  3 720 
5.4329	4.80705 4 564  3 720 
5.41261	4.60083 4 532  3 720 
5.93918	4.57462 4 526  3 720 
5.12404	5.15578 4 538  3 720 
6.75118	4.59791 4 548  3 720 
4.63246	4.75384 4 561  3 720 
4.9868	4.65796 4 580  3 720 
4.9844	4.20826 4 531  3 720 
4.72906	4.36841 4 545  3 720 
4.86485	4.61481 4 560  3 720 
4.83431	4.53112 4 555  3 720 
4.90254	4.61398 4 563  3 720 
4.94782	4.08311 4 515  3 720 
4.87876	4.49566 4 533  3 720 
5.76432	4.62003 4 545  3 720 
4.8918	4.95885 4 535  3 720 
4.92115	4.95428 4 579  3 720 
5.19133	3.99008 4 529  3 720 
4.82093	4.3422 4 538  3 720 
4.93708	4.85633 4 587  3 720 
5.86927	4.3047 4 540  3 720 
5.11616	4.57703 4 551  3 720 
5.34568	4.78542 4 566  3 720 
5.11071	4.47907 4 514  3 720 
5.12251	4.56044 4 519  3 720 
5.48285	4.92623 4 539  3 720 
4.74832	4.75632 4 538  3 720 
5.96453	4.66372 4 609  3 720 
5.2333	4.80364 4 566  3 720 
5.46663	4.25087 4 524  3 720 
5.06119	4.6024 4 525  3 720 
5.23759	4.67542 4 528  3 720 
5.06614	4.66794 4 524  3 720 
5.64805	4.92436 4 532  3 720 
5.34001	5.00629 4 531  3 720 
5.48366	4.94399 4 541  3 720 
5.50195	5.18799 4 543  3 720 
5.44658	4.91947 4 535  3 720 
5.20251	4.90432 4 531  3 720 
5.46675	4.89417 4 534  3 720 
5.0431	5.0272 4 536  3 720 
5.42748	5.04347 4 555  3 720 
5.39956	5.01926 4 532  3 720 
5.49264	4.56946 4 532  3 720 
5.26388	5.0399 4 528  3 720 
5.24182	4.89528 4 531  3 720 
5.31246	5.12052 4 533  3 720 
5.35959	4.67241 4 528  3 720 
5.25517	4.97536 4 524  3 720 
5.16169	4.94485 4 520  3 720 
5.4604	4.74457 4 522  3 720 
5.19782	4.87216 4 516  3 720 
5.55765	4.8111 4 521  3 720 
5.51967	5.05933 4 520  3 720 
5.31553	4.87762 4 513  3 720 
4.68953	5.04643 4 568  3 720 
5.24604	4.40732 4 542  3 720 
4.64766	4.48436 4 549  3 720 
5.15001	4.58291 4 564  3 720 
5.52012	4.45502 4 529  3 720 
5.25391	4.60645 4 519  3 720 
5.28742	4.94034 4 526  3 720 
5.5747	4.86808 4 527  3 720 
4.98177	4.88563 4 526  3 720 
4.82189	4.78617 4 549  3 720 
5.33748	4.78389 4 582  3 720 
5.772	4.7831 4 534  3 720 
5.00011	4.7468 4 541  3 720 
5.45518	4.81681 4 575  3 720 
4.92151	4.37875 4 525  3 720 
5.0516	4.33956 4 528  3 720 
5.06522	4.54891 4 539  3 720 
5.23093	4.93584 4 547  3 720 
5.09398	4.78581 4 548  3 720 
5.54274	4.91979 4 555  3 720 
5.43616	4.78582 4 533  3 720 
5.17656	4.70157 4 531  3 720 
5.45152	4.9456 4 552  3 720 
5.47814	4.64076 4 541  3 720 
4.9008	4.53421 4 553  3 720 
5.28047	4.33922 4 527  3 720 
5.16502	4.46256 4 535  3 720 
5.23767	4.70501 4 543  3 720 
4.77526	4.47856 4 540  3 720 
5.78632	4.55867 4 549  3 720 
3.86761	4.53651 4 528  3 720 
5.87651	3.69728 4 620  3 720 
5.64478	5.03157 4 560  3 720 
5.89253	4.74954 4 513  3 720 
4.80822	4.96882 4 545  3 720 
5.75589	5.09401 4 600  3 720 
4.77822	4.49606 4 564  3 720 
4.89632	4.1507 4 538  3 720 
5.53095	4.4876 4 545  3 720 
5.12609	4.74654 4 551  3 720 
5.13876	4.67889 4 545  3 720 
5.38032	4.84243 4 543  3 720 
5.41257	4.86133 4 527  3 720 
5.37507	4.86556 4 521  3 720 
5.31272	4.90427 4 513  3 720 
5.10002	4.68016 4 532  3 720 
5.60581	4.69862 4 548  3 720 
5.0498	4.84818 4 541  3 720 
5.36558	4.6301 4 560  3 720 
5.2736	4.45534 4 526  3 720 
5.07582	4.56883 4 521  3 720 
5.55101	5.01041 4 532  3 720 
7.37014	4.93024 4 537  3 720 
5.27757	5.14847 4 546  3 720 
5.43717	4.79498 4 540  3 720 
5.15218	4.74332 4 516  3 720 
5.41627	5.06587 4 524  3 720 
5.4143	5.16713 4 530  3 720 
5.09888	4.95658 4 521  3 720 
5.56366	5.13421 4 537  3 720 
5.67819	5.10085 4 527  3 720 
5.89032	5.07724 4 521  3 720 
4.58124	5.30602 4 566  3 720 
5.56284	4.49833 4 574  3 720 
5.30539	4.43158 4 514  3 720 
5.18142	4.69157 4 519  3 720 
5.48373	5.01974 4 526  3 720 
5.40637	5.12789 4 544  3 720 
5.65147	5.11362 4 573  3 720 
5.38924	4.85985 4 577  3 720 
5.19428	4.41731 4 547  3 720 
5.29107	4.88067 4 552  3 720 
5.31324	4.7087 4 517  3 720 
5.42363	4.72763 4 515  3 720 
5.30086	5.06016 4 516  3 720 
5.23183	4.92399 4 512  3 720 
5.47938	4.93682 4 515  3 720 
5.38104	5.2239 4 518  3 720 
5.4607	5.01928 4 515  3 720 
4.94488	5.01733 4 506  3 720 
5.54046	4.87544 4 525  3 720 
5.25175	5.05338 4 519  3 720 
5.49285	4.93108 4 518  3 720 
4.47072	5.02043 4 504  3 720 
5.26323	4.6046 4 520  3 720 
5.277	4.76714 4 519  3 720 
5.38776	4.94451 4 512  3 720 
5.43498	4.90105 4 507  3 720 
4.7725	4.75387 4 494  3 720 
5.22031	4.82342 4 509  3 720 
5.4123	4.70372 4 519  3 720 
5.62055	5.06666 4 537  3 720 
5.49895	5.11649 4 552  3 720 
5.55637	4.82871 4 550  3 720 
5.39649	5.03868 4 543  3 720 
5.24607	4.92766 4 539  3 720 
5.42016	5.05905 4 551  3 720 
5.15467	4.95644 4 549  3 720 
5.01438	4.97516 4 557  3 720 
5.37495	4.4308 4 527  3 720 
5.31472	4.72381 4 527  3 720 
5.48954	4.95261 4 537  3 720 
5.43782	5.05624 4 557  3 720 
5.30826	4.83189 4 544  3 720 
5.21099	4.72991 4 544  3 720 
5.19429	4.90588 4 545  3 720 
5.13918	4.79364 4 542  3 720 
5.48335	4.83846 4 542  3 720 
5.23691	4.92648 4 534  3 720 
5.72169	4.89573 4 543  3 720 
4.79427	5.39233 4 577  3 720 
5.24226	4.43531 4 544  3 720 
5.24861	4.64054 4 553  3 720 
5.40525	4.75651 4 522  3 720 
5.44603	4.64735 4 524  3 720 
5.31011	5.1099 4 547  3 720 
5.17025	5.17983 4 569  3 720 
5.4825	4.70674 4 532  3 720 
5.37887	4.63287 4 529  3 720 
5.24138	4.915 4 517  3 720 
5.43603	4.88311 4 531  3 720 
5.23448	5.03741 4 534  3 720 
5.41686	5.12551 4 556  3 720 
5.36617	4.47002 4 527  3 720 
5.11266	4.59657 4 537  3 720 
5.20053	4.89338 4 554  3 720 
5.43148	4.72246 4 527  3 720 
5.39192	4.6558 4 528  3 720 
5.48281	4.96285 4 520  3 720 
5.16378	4.79401 4 509  3 720 
5.4163	4.91642 4 526  3 720 
5.15537	5.04293 4 530  3 720 
5.57148	4.83841 4 529  3 720 
4.78758	5.08984 4 529  3 720 
5.20294	4.54716 4 579  3 720 
5.41255	4.64668 4 531  3 720 
5.65564	4.75477 4 528  3 720 
4.87516	5.32901 4 574  3 720 
5.69826	4.56369 4 551  3 720 
5.11642	4.70593 4 558  3 720 
5.40255	4.7012 4 541  3 720 
5.19587	4.60109 4 550  3 720 
5.07065	4.83235 4 558  3 720 
5.43786	4.5215 4 525  3 720 
5.57057	4.52754 4 521  3 720 
5.11361	5.1458 4 552  3 720 
5.5869	4.93245 4 563  3 720 
5.47627	4.71361 4 527  3 720 
5.2322	4.59883 4 540  3 720 
5.21469	5.18842 4 581  3 720 
5.65182	4.95469 4 574  3 720 
5.35254	4.59729 4 550  3 720 
5.06169	4.80123 4 588  3 720 
5.46292	4.66261 4 563  3 720 
5.32472	4.58621 4 552  3 720 
6.63965	4.50535 4 532  3 720 
5.20153	4.45452 4 536  3 720 
5.32117	4.88359 4 536  3 720 
5.53025	4.71164 4 530  3 720 
5.16426	4.95739 4 521  3 720 
5.46271	4.80329 4 532  3 720 
5.09533	4.91451 4 526  3 720 
5.12002	4.74069 4 526  3 720 
5.54992	4.94947 4 536  3 720 
5.29737	5.1468 4 540  3 720 
5.07642	4.89473 4 547  3 720 
5.56447	4.87342 4 565  3 720 
5.29018	4.82579 4 530  3 720 
5.25306	4.68637 4 538  3 720 
5.31469	4.98605 4 544  3 720 
5.15908	4.95386 4 544  3 720 
5.35153	4.90738 4 551  3 720 
5.38286	5.23481 4 564  3 720 
5.42553	4.50092 4 518  3 720 
5.20555	4.57977 4 540  3 720 
5.09065	4.97413 4 542  3 720 
5.21285	5.07362 4 560  3 720 
5.377	4.85635 4 549  3 720 
5.23172	4.95973 4 579  3 720 
5.47035	5.03876 4 578  3 720 
5.45061	4.78462 4 564  3 720 
5.27566	4.79745 4 561  3 720 
5.66301	4.78149 4 555  3 720 
5.52897	4.60789 4 543  3 720 
5.07003	5.11391 4 562  3 720 
5.35813	4.65523 4 561  3 720 
5.55119	4.67013 4 545  3 720 
4.89481	4.79809 4 572  3 720 
5.46571	4.22144 4 541  3 720 
5.46863	4.7464 4 566  3 720 
5.44676	4.76026 4 545  3 720 
5.21787	4.38889 4 547  3 720 
5.09946	4.80902 4 549  3 720 
5.0908	4.5002 4 559  3 720 
5.32303	4.38875 4 517  3 720 
5.31724	4.45128 4 527  3 720 
5.56902	4.67437 4 519  3 720 
5.14193	4.62483 4 510  3 720 
5.35522	4.86689 4 527  3 720 
5.54707	4.86681 4 544  3 720 
5.0176	4.66634 4 535  3 720 
5.4922	5.08954 4 592  3 720 
5.04929	4.31932 4 538  3 720 
4.55507	4.27611 4 540  3 720 
5.31274	4.50209 4 557  3 720 
4.88799	4.33146 4 504  3 720 
5.4021	4.31873 4 516  3 720 
5.34289	4.60665 4 541  3 720 
5.32517	5.09732 4 561  3 720 
5.28021	4.64034 4 549  3 720 
5.17945	4.62724 4 578  3 720 
5.34765	4.85317 4 563  3 720 
5.56256	4.75919 4 543  3 720 
5.08754	4.59562 4 575  3 720 
6.09224	4.67984 4 546  3 720 
5.28137	4.52226 4 560  3 720 
5.14132	4.46289 4 524  3 720 
5.30274	4.39639 4 539  3 720 
5.43071	4.84769 4 521  3 720 
5.17232	4.5519 4 515  3 720 
