2	149885		5277.42		344.334	2.03769e+06
2	145719		25115.4		467.152	1.47129e+06
3	113785		-1269.8		385.569	1.61417e+06
3	146913		-1973.76		403.966	1.94123e+06
4	138378		-8178.28		338.902	1.52873e+06
4	147923		-3235.48		397.834	1.85692e+06
5	125693		-2200.3		307.769	1.65798e+06
5	149102		-1883.92		423.762	1.91066e+06
6	129321		-2788.68		299.133	1.68134e+06
6	143270		-2204.36		422.378	1.86226e+06
7	125354		-2178.2		284.072	1.77015e+06
7	140191		-1238.85		419.051	1.81022e+06
8	137946		-7367.61		279.108	1.76822e+06
8	138545		-1020.49		432.058	1.85221e+06
9	147983		11832.9		288.591	1.82247e+06
9	141680		-977.222		429.193	1.82432e+06
10	145095		23095.9		293.726	1.80573e+06
10	140718		-902.012		431.346	1.84861e+06
11	144800		25988.7		290.213	1.93292e+06
11	138142		-763.382		434.48	1.88607e+06
12	141946		-820.343		447.062	1.82876e+06
12	142100		270005		288.175	1.92897e+06
13	143330		-798.797		446.159	1.81927e+06
13	139815		-17537.7		288.798	1.95275e+06
14	143033		-745.1		445.077	1.80889e+06
14	142410		-44611.8		291.519	1.96064e+06
15	142002		-691.773		444.704	1.82591e+06
15	142059		19416.1		294.875	1.95089e+06
16	143482		-700.881		441.533	1.82547e+06
16	140707		15894.7		294.052	1.94691e+06
17	149184		-789.516		441.273	1.8087e+06
17	140495		19746.6		292.278	1.97552e+06
18	153153		-826.308		440.538	1.81317e+06
18	141393		19315.2		289.796	1.98568e+06
19	157548		-879.537		439.626	1.81854e+06
19	143226		12355.8		287.466	2.01202e+06
20	156036		-808.88		440.579	1.81735e+06
20	144907		13514.7		286.098	2.02148e+06
21	158277		-813.113		438.992	1.81481e+06
21	148202		7034.37		285.828	2.00046e+06
22	156418		-748.608		441.841	1.63338e+06
22	149809		8284.43		284.156	1.80044e+06
23	-180461		136.657		442.63	1.47009e+06
23	149388		6450.61		285.457	1.62042e+06
24	147903		6160.32		285.575	1.45841e+06
25	148415		4143		290.862	1.3126e+06
26	148719		3211.36		289.077	1.18137e+06
27	148832		2935.36		284.916	1.06326e+06
28	149069		3437.89		288.906	956964
29	149200		3088.11		288.602	861296
30	149372		2699.57		287.19	775194
31	148522		4170.69		293.945	697710
24	-167999		130.959		421.646	1.3231e+06
32	148072		3687.25		292.65	627967
25	157453		-753.679		397.128	1.19081e+06
33	146134		4595.36		284.812	565192
26	158086		-756.799		408.298	1.07178e+06
34	146110		3867.75		282.029	508698
27	161876		-807.023		422.965	964656
35	144938		4527.61		278.935	457853
28	162545		-814.584		436.634	868246
36	145175		4356.37		278.856	412096
29	168094		-896.316		432.31	781461
37	145534		4256.65		278.449	370914
30	166597		-861.978		427.878	703354
38	145402		4292.08		281.935	333854
31	167188		-865.909		422.838	633056
39	144995		4450.63		280.434	300495
32	171638		-952.127		429.382	569799
40	143844		5400.62		279.377	270473
33	1.87379e+06		349.965		426.389	512859
41	142673		6185.82		280.145	243454
34	167156		-857.662		414.217	461604
42	143079		5821.29		274.732	219131
35	965132		399.808		414.064	415485
43	145017		4115.18		280.43	197251
44	145002		4078.28		286.988	177561
36	171519		-906.341		415.854	373979
37	668911		468.049		431.971	336639
45	144588		4225.28		280.694	159827
38	998108		403.944		430.631	303017
46	144236		4111.24		282.615	143874
39	1.01201e+06		400.992		427.377	272755
47	144137		4077.63		283.273	129516
40	884913		418.151		422.525	245518
48	143674		4313.15		277.076	116586
41	895627		413.898		420.007	221006
49	143360		4337.32		277.49	104956
42	1.0847e+06		392.59		419.595	198947
50	142024		5615.36		271.005	94481.5
43	1.13594e+06		389.86		415.337	179090
50	146763		2184.01		270.324	85059.8
44	1.87263e+06		354.751		412.949	161220
50	146470		2142.47		276.88	76587.4
45	1.1917e+06		390.003		414.007	145140
50	149132		1725.31		275.129	68954.6
46	1.17139e+06		391.273		431.387	130685
50	146777		2150.07		272.376	62083.9
47	1.14891e+06		392.111		427.949	117656
50	151450		1416.57		273.124	55903.5
48	1.32152e+06		381.081		428.568	105934
50	151338		1410.04		269.334	50336.7
49	1.423e+06		377.074		425.839	95380.6
50	153205		1251.02		267.132	45327.7
50	1.13202e+06		393.702		418.908	85878.2
50	147330		1801.48		268.434	40823
50	369433		901.992		406.94	77320.3
50	141388		3485.81		269.425	36768.5
50	306582		1412.71		402.397	69624.4
50	141802		3504.23		265.157	33114.3
50	281887		2447.76		405.543	62705.4
50	140895		4694.94		277.726	29842
50	287302		2521.51		404.873	56474.7
50	142887		3499.97		277.726	26885.5
50	296192		2217.79		403.409	50866.3
50	143256		3145.28		281.301	24228.3
50	143444		2870.72		279.689	21832
50	297863		2160.4		413.045	45829.6
50	274480		5008.82		414.009	41288.9
50	143107		3026.22		284.404	19681.5
50	241292		-4306.42		412.195	37199.6
50	143838		2752.36		283.316	17740.7
50	145934		2166.36		280.127	15991.8
50	233606		-2939.81		400.835	33509.5
50	226853		-2119.94		400.509	30198.3
50	143988		2726.2		277.827	14418.3
50	231280		-2693.65		393.243	27211.3
50	141260		3974.76		277.446	13003.9
50	232876		-3079.08		392.946	24529.2
50	140150		5221.51		278.502	11732.3
50	228153		-2779.51		390.826	22113.4
50	140065		5386.43		277.326	10585.7
50	256543		26882.6		395.175	19945.5
50	140604		4734.82		277.585	9555.16
50	140271		6296.76		281.672	8631.48
50	285184		2479.08		379.715	17975
50	295054		2107.91		383.763	16219.5
50	141966		4318.74		280.825	7795.66
50	312211		1472.51		376.74	14628.9
50	142256		4135		275.099	7038.45
50	281691		2170.64		359.784	13186.8
50	141493		5289.77		272.989	6360
50	302464		1347.83		353.936	11898.2
50	139074		1.0484e+06		277.819	5756.13
50	144096		3307.11		279.401	5209.88
50	368362		759.723		342.096	10731.9
50	350776		799.677		325.874	9676.74
50	144147		3234.24		275.988	4713.42
50	380808		690.809		324.345	8740.12
50	140006		13041.4		270.642	4264.33
50	420143		599.065		351.106	7925.31
50	147334		1815.73		267.409	3861.73
50	364350		755.666		373.835	7190.62
50	141227		6243.2		269.673	3504.56
50	142060		4968.15		271.638	3183.04
50	402065		641.189		358.966	6494.07
50	414974		607.642		360.488	5882.08
50	137643		-8018.66		273.515	2893.77
50	398488		631.597		350.714	5320.15
50	142198		9138.01		273.714	2631.95
50	337056		804.187		354.926	4827.42
50	141452		13268.7		271.464	2393.87
50	334705		792.42		347.829	4373.07
50	141844		8398.74		270.128	2180.3
50	339674		771.894		353.442	3976.16
50	144496		3418.14		270.016	1989.17
50	342777		764.884		376.064	3636.51
50	143421		4154.26		267.458	1814.7
50	373937		671.606		394.024	3328.42
50	145313		2927.44		266.322	1658.84
50	317021		852.698		380.038	3021
50	146277		2583.05		265.292	1518.55
50	371599		675.475		400.293	2777.16
50	146277		2445.73		264.292	1392.23
50	352652		732.662		403.98	2543.16
50	144054		3014.32		263.515	1278.66
50	143208		3275.57		262.024	1175.65
50	411756		589.817		401.747	2327.01
50	379008		640.836		401.86	2134.59
50	144676		2415.93		259.51	1081.78
50	319777		798.563		385.754	1945.21
50	146042		2149.84		260.621	1000.66
50	337762		731.794		389.809	1793.32
50	149109		1656.9		261.944	927.979
50	372574		612.552		380.756	1643.92
50	145389		2695.97		268.18	867.61
50	146735		2359.48		270.41	809.898
50	376144		583.838		363.464	1500.31
50	408602		526.58		366.177	1389.34
50	150750		1668.91		271.4	756.939
50	150886		1773.57		273.599	710.584
50	502558		425.035		355.267	1276.11
50	439782		469.415		358.543	1187.3
50	155945		1283.62		273.099	666.386
50	682390		353.71		366.389	1112.27
50	159280		1041.08		274.413	628.371
50	688254		351.557		370.491	1041.79
50	159379		1015.98		278.527	597.089
50	698072		348.806		368.241	972.408
50	159177		1032.4		278.155	564.86
50	720648		341.525		364.534	908.284
50	158688		1092.58		280.678	538.714
50	165762		848.899		283.34	515.572
50	621917		351.333		356.853	846.228
50	695182		341.382		363.5	803.938
50	164944		908.728		282.715	491.724
50	1.54872e+06		282.802		386.375	782.768
50	166876		879.06		284.13	472.238
50	2.74389e+06		269.628		389.594	746.349
50	168082		841.234		284.086	453.383
50	7.15679e+06		255.498		398.869	719.948
50	168950		802.815		284.068	436.436
50	1.85684e+06		280.938		417.396	706.367
50	168052		816.936		279.842	416.973
50	7.31161e+06		256.365		414.5	674.574
50	164280		946.124		277.262	400.679
50	5.38924e+06		258.608		429.658	663.725
50	166191		862.658		280.688	391.763
50	-7.25067e+06		241.277		426.148	636.807
50	163307		973.257		280.446	380.414
50	-3.39985e+06		234.944		422.318	611.911
50	161915		1026.25		280.4	370.372
50	-1.58082e+07		247.783		419.156	589.791
50	159436		1151.04		281.853	362.827
50	-1.75163e+06		223.481		415.738	569.309
50	163681		922.893		285.018	357.895
50	-1.89109e+06		226.65		421.971	560.185
50	167573		799.244		285.367	350.957
50	-3.49827e+06		238.208		419.696	544.089
50	168553		754.352		285.98	345.01
50	-2.56952e+06		234.976		430.425	542.379
50	157883		1127.63		283.757	336.884
50	-1.9187e+06		228.187		425.321	526.079
50	153426		1423.55		283.414	331.228
50	3.51263e+06		278.829		428.231	518.913
50	160321		934.961		282.459	325.492
50	1.98524e+06		287.693		415.862	497.476
50	159326		961.65		283.113	321.843
50	933429		349.54		414.998	488.451
50	157414		1027.69		280.349	315.206
50	1.6644e+06		318.252		411.432	477.539
50	153519		1258.63		279.59	310.961
50	903928		376.673		410.46	469.957
50	158965		903.733		280.074	308.308
50	669601		444.644		424.876	478.423
50	154257		1102.89		278.724	304.135
50	874382		394.052		440.771	488.963
50	153006		1179.02		276.82	299.69
50	852837		396.99		444.545	487.918
50	151951		1288.93		278.355	298.938
50	591708		487.323		441.825	480.861
50	152774		1228.14		278.257	296.781
50	616806		476.672		438.75	473.882
50	159899		831.805		275.524	292.196
50	764096		437.825		434.77	466.389
50	160059		825.583		276.002	291.006
50	706017		460.2		437.164	465.621
50	158474		837.36		274.749	288.253
50	154302		1004.25		275.341	287.495
50	993629		394.27		427.725	453.336
50	-1.2822e+07		305.225		427.562	450.612
50	159077		835.509		275.332	286.27
50	-1.0344e+06		248.145		414.001	434.746
50	153863		1094.61		277.941	287.785
50	-1.08103e+06		250.211		420.072	438.743
50	155203		1053.76		278.308	287.169
50	-988960		248.868		436.839	453.642
50	158301		924.494		276.087	284.061
50	-2.10592e+06		278.8		437.459	452.582
50	157164		991.537		273.701	280.878
50	-1.21537e+06		261.183		450.403	464.014
50	152778		1269.82		272.835	279.294
50	-1.48155e+06		270.125		446.9	459.15
50	149912		1567.51		274.121	279.934
50	-1.10581e+06		254.59		433.094	444.118
50	144270		3408.17		277.735	282.966
50	-1.08132e+06		251.566		450.561	460.483
50	145588		2905.76		276.197	280.906
50	143499		5352.47		279.164	283.402
50	-1.28637e+06		262.982		443.436	452.366
50	-1.07539e+06		255.242		441.202	449.239
50	143217		5853.99		281.643	285.457
50	141881		7883.93		281.479	284.912
50	-985123		251.174		421.795	429.028
50	-1.59401e+06		273.053		418.065	424.575
50	153945		1259.24		280.373	283.462
50	-2.41581e+06		290.954		418.045	423.904
50	150401		1705.36		281.193	283.974
50	-1.9181e+06		283.105		414.692	419.965
50	150670		1597.28		281.057	283.56
50	-5.58034e+06		310.876		420.773	425.518
50	157906		990.624		279.699	281.951
50	-5.28516e+06		310.577		416.947	421.218
50	150531		1511.5		280.154	282.18
50	7.42539e+07		323.255		435.319	439.163
50	149865		1595.6		278.453	280.277
50	5.53982e+07		328.267		431.083	434.542
50	145921		2458.43		277.911	279.553
50	-3.9357e+06		312.8		427.929	431.043
50	146845		2135.26		278.421	279.898
50	-4.70652e+06		318.195		443.589	446.391
50	147246		1988.46		280.007	281.337
50	-7.2455e+06		322.67		427.221	429.743
50	145827		2222.7		282.157	283.354
50	9.87304e+07		334.298		427.456	429.726
50	152817		1213.4		281.267	282.345
50	-5.58698e+06		315.758		423.484	425.527
50	149308		1572.68		282.234	283.203
50	-1.00069e+07		321.552		425.412	427.251
50	145941		2259.39		283.544	284.417
50	-6.84294e+06		315.791		421.608	423.263
50	140096		14766.9		284.516	285.301
50	5.99778e+07		323.627		416.069	417.558
50	141138		9955.44		283.742	284.449
50	1.18341e+07		324.493		412.246	413.586
50	140113		96746.4		284.532	285.168
50	5.96798e+06		329.157		409.199	410.405
50	142173		11447.5		283.553	284.126
50	5.79931e+06		325.244		405.148	406.234
50	137712		-4233.74		283.46	283.975
50	139560		-6967.2		306.067	306.531
50	2.37794e+06		341.668		394.513	395.491
50	3.40404e+06		329.106		387.193	388.073
50	140452		-13594.5		304.118	304.535
50	-2.55158e+07		306.314		386.331	387.122
50	138722		-4786.38		297.101	297.477
50	133199		-1628.45		294.543	294.881
50	-4.7256e+06		291.281		371.061	371.773
50	-4.44542e+06		287.293		363.275	363.916
50	134338		-1761.12		286.544	286.848
50	1.29037e+07		304.428		356.036	356.613
50	137261		-2669.32		284.705	284.978
50	1.56086e+06		348.76		350.011	350.53
50	137325		-2667.04		283.541	283.788
50	2.52198e+06		323.082		343.971	344.439
50	130280		-1142.73		284.91	285.132
50	7.16335e+06		309.635		348.817	349.238
50	131472		-1197.46		285.143	285.343
50	1.79043e+07		300.383		353.725	354.104
50	132569		-1298.28		287.009	287.189
50	1.28103e+07		299.236		374.871	375.212
50	135499		-1723.5		283.963	284.125
50	5.62609e+06		306.449		381.109	381.416
50	131108		-1106.17		283.907	284.052
50	2.78341e+06		316.905		383.183	383.459
50	131925		-1180.15		284.083	284.214
50	3.42333e+06		312.996		390.812	391.06
50	134452		-1508.21		285.443	285.561
50	2.86602e+06		313.789		389.383	389.607
50	136168		-1682.52		285.778	285.884
50	9.81722e+06		290.525		388.816	389.018
50	137933		-1925.18		284.62	284.716
50	6.83114e+06		290.413		385.989	386.171
50	139404		-2109.42		282.863	282.949
50	3.68034e+06		296.692		386.116	386.279
50	142133		-3200.52		282.152	282.23
50	-7.7171e+06		269.738		389.826	389.973
50	144755		-5367.72		282.171	282.241
50	4.32171e+07		281.99		399.021	399.153
50	147475		136516		285.126	285.189
50	9.51268e+06		287.104		413.253	413.372
50	141464		-3054.06		283.434	283.491
50	145809		-16111.8		284.115	284.166
50	2.35475e+06		314.262		402.872	402.979
50	2.97638e+06		308.18		400.94	401.036
50	138532		-2142.37		288.356	288.401
50	1.97714e+06		323.014		397.733	397.819
50	138728		-2156.11		287.11	287.151
50	3.2928e+07		283.001		396.137	396.215
50	140381		-2830.75		291.196	291.233
50	1.20762e+07		285.037		402.833	402.904
50	143595		-6473.53		287.994	288.027
50	-2.32659e+07		275.242		416.785	416.848
50	147328		19726.5		287.244	287.274
50	4.79159e+06		293.494		412.747	412.804
50	151210		3680.46		290.161	290.188
50	9.25365e+06		286.137		411.096	411.147
50	144153		-10497.5		289.839	289.863
50	1.34809e+07		283.943		409.574	409.62
50	143681		-9968.39		285.905	285.926
50	4.58391e+06		293.284		424.667	424.708
50	138063		-2429.52		284.495	284.514
50	129787		-1036.38		289.675	289.693
50	-1.43535e+07		271.911		408.205	408.242
50	-2.88339e+06		256.844		410.281	410.314
50	135647		-1711.13		290.586	290.602
50	-3.1389e+06		258.916		425.905	425.935
50	143789		-26482.6		289.216	289.23
50	-4.26721e+07		278.521		428.073	428.1
50	149922		3248.83		288.489	288.502
50	-1.45088e+07		276.369		425.468	425.493
50	141279		-7110.17		286.487	286.498
50	2.5211e+08		281.51		441.06	441.082
50	140430		-5759.17		284.376	284.387
50	2.03053e+07		284.925		453.005	453.025
50	136222		-2423.25		282.222	282.231
50	1.73261e+07		284.781		467.331	467.349
50	137092		-2739.39		275.982	275.99
50	2.38961e+06		312.354		479.463	479.479
50	133977		-1644.09		284.396	284.404
50	7.0325e+06		289.926		477.714	477.728
50	133746		-1602.37		279.258	279.265
50	3.70227e+07		283.654		487.495	487.508
50	133626		-1547.04		281.296	281.302
50	2.84152e+06		308.446		486.361	486.372
50	133302		-1630.47		283.788	283.793
50	2.3014e+06		315.829		495.123	495.134
50	137687		-3630.86		282.504	282.509
50	1.6222e+06		331.167		485.501	485.51
50	139004		-6724.42		283.885	283.89
50	1.75703e+06		329.219		478.33	478.338
50	144484		4696.88		280.576	280.58
50	2.19924e+06		320.063		487.438	487.445
50	137772		-6917.19		279.388	279.391
50	2.00704e+06		327.03		478.126	478.133
50	134665		-3491.17		279.953	279.957
50	2.01204e+06		328.809		477.518	477.525
50	126050		-1218.7		277.953	277.956
50	1.42358e+06		350.512		486.682	486.687
50	127154		-1464.31		277.165	277.168
50	980092		400.997		479.656	479.661
50	126523		-1384.97		274.1	274.102
50	833428		427.895		488.758	488.763
50	125169		-1208.65		276.583	276.586
50	569332		532.079		488.52	488.524
50	121166		-929.714		277.494	277.496
50	406233		819.741		480.056	480.059
50	131487		-3382.21		279.154	279.156
50	362294		1069.3		472.837	472.84
50	123881		-1202.79		282.241	282.243
50	409677		853.306		466.585	466.588
50	124961		-1308.04		277.022	277.024
50	474035		695.587		476.061	476.063
50	126591		-1633.45		277.258	277.26
50	385066		974.301		467.17	467.173
50	130144		-3145.61		278.246	278.247
50	132341		-6706.5		272.797	272.798
50	375477		1028.15		476.93	476.932
50	340477		1400.6		471.411	471.413
50	139345		2839.71		277.866	277.867
50	336525		1483.54		480.592	480.594
50	137986		3419.28		275.165	275.166
50	364824		1121.45		479.352	479.354
50	137141		3758.55		271.741	271.742
50	550938		606.177		470.244	470.246
50	137128		3677.77		268.728	268.729
50	561004		594.399		477.658	477.659
50	135670		6123.62		270.146	270.147
50	651896		526.544		468.986	468.987
50	136294		4643.37		271.417	271.417
50	676217		522.076		461.451	461.452
50	132589		470493		268.655	268.656
50	718462		509.164		453.072	453.073
50	133409		15309.2		272.27	272.271
50	657543		541.762		460.767	460.768
50	134840		6357.13		276.44	276.441
50	733836		504.259		460.095	460.096
50	136342		3686.26		280.891	280.892
50	612844		580.424		454.196	454.197
50	138582		2351.05		278.98	278.98
50	139236		2127.2		282.774	282.774
50	666196		550.027		448.899	448.9
50	675240		540.185		459.576	459.576
50	137443		2795.34		281.18	281.18
50	650347		552.299		470.543	470.543
50	137985		2574.82		276.487	276.487
50	610173		580.751		463.427	463.428
50	138307		2369.08		278.903	278.903
50	571785		617.275		472.48	472.48
50	140981		1750.85		279.09	279.09
50	635718		571.616		463.207	463.208
50	142065		1638.64		278.767	278.767
50	669977		547.474		464.427	464.427
50	142377		1595.09		279.746	279.746
50	734874		518.794		472.995	472.995
50	141856		1748.64		278.755	278.755
50	821261		484.233		452.524	452.524
50	145137		1353.92		281.05	281.05
50	146232		1270.64		278.636	278.636
50	966763		446.896		431.846	431.846
50	1.07058e+06		432.707		448.419	448.419
50	151112		981.922		279.995	279.995
50	1.15783e+06		420.632		449.473	449.473
50	146231		1361.16		282.753	282.753
50	897643		460.08		458.381	458.381
50	145498		1454.64		279.945	279.945
50	675266		542.165		456.403	456.404
50	150085		1055.08		277.629	277.629
50	143812		1605.86		272.013	272.013
50	865374		466.579		440.641	440.641
50	868870		464.09		434.375	434.375
50	148478		1163.38		279.908	279.908
50	1.02907e+06		435.703		431.324	431.324
50	154232		887.871		277.163	277.163
50	841865		477.466		448.062	448.062
50	153631		944.445		279.686	279.686
50	813819		481.476		442.177	442.177
50	149142		1181.98		281.647	281.647
50	806342		482.043		440.008	440.008
50	152850		929.785		283.22	283.22
50	780507		490.873		451.712	451.712
50	152099		951.002		282.989	282.989
50	149266		1076.48		279.073	279.073
50	818320		473.852		433.288	433.289
50	836195		470.575		433.585	433.585
50	146152		1338.4		280.061	280.061
50	866374		463.519		437.213	437.213
50	141285		2267.72		281.253	281.253
50	844251		470.264		440.349	440.349
50	143579		1787.8		282.635	282.635
50	886846		457.938		452.697	452.697
50	143914		1807.49		279.492	279.492
50	779816		495.617		448.566	448.566
50	149981		1131.89		283.301	283.301
50	778957		491.55		461.464	461.464
50	151969		1029.67		281.597	281.597
50	789984		487.659		464.062	464.062
50	152137		1018.82		284.793	284.793
50	861012		472.974		461.832	461.832
50	151795		1032.45		282.026	282.026
50	919614		458.392		457.188	457.188
50	152003		1024.25		282.51	282.51
50	933392		452.667		458.329	458.329
50	151332		1054.12		283.529	283.529
50	946029		454.271		450.786	450.786
50	152330		1019.06		284.725	284.725
50	974925		442.562		452.703	452.703
50	153351		994.424		299.128	299.128
50	1.43522e+06		391.025		444.948	444.948
50	155516		889.742		300.202	300.202
50	1.56617e+06		380.18		458.991	458.991
50	150946		1134.79		297.795	297.795
50	159082		811.028		293.3	293.3
50	1.5451e+06		381.462		439.867	439.867
50	1.56232e+06		383.714		438.374	438.374
50	162188		752.425		293.831	293.831
50	1.82468e+06		373.778		432.377	432.377
50	150304		1336.22		294.01	294.01
50	2.21959e+06		358.839		430.57	430.57
50	149417		1515.2		292.922	292.922
50	2.0388e+06		365.22		428.002	428.002
50	145565		2428.47		292.561	292.561
50	2.21425e+06		360.547		431.531	431.531
50	145922		2472.86		293.435	293.435
50	2.24858e+06		360.401		430.767	430.767
50	146330		2397.03		291.615	291.615
50	1.55859e+06		389.263		432.48	432.48
50	155760		1107.28		292.8	292.8
50	153652		1227.43		284.304	284.304
50	1.4759e+06		398.107		415.414	415.414
50	1.08576e+06		430.293		396.602	396.602
50	157932		993.842		283.233	283.233
50	1.23165e+06		414.11		394.281	394.281
50	159408		923.835		285.437	285.437
50	1.42889e+06		398.058		405.2	405.2
50	165550		716.986		284.286	284.286
50	902000		456.138		388.064	388.064
50	160815		828.146		277.008	277.008
50	662912		528.341		365.936	365.936
50	157909		907.773		279.934	279.934
50	576008		578.306		379.481	379.481
50	161485		803.023		278.852	278.852
50	158506		899.465		271.71	271.71
50	550866		606.811		369.164	369.164
50	534961		622.986		373.843	373.844
50	163363		769.286		267.471	267.471
50	514448		635.757		381.155	381.155
50	164799		731.269		267.501	267.501
50	518939		635.696		385.596	385.596
50	159287		853.013		267.717	267.717
50	457225		739.124		390.36	390.36
50	156227		962.816		270.002	270.002
50	452372		746.185		381.525	381.525
50	163803		739.525		270.833	270.833
50	448612		756.816		400.818	400.818
50	164038		724.151		268.845	268.845
50	437297		800.339		400.363	400.363
50	163666		734.798		266.629	266.629
50	442653		794.535		403.552	403.552
50	157347		902.259		267.294	267.294
50	427488		827.342		422.18	422.18
50	152632		1109.33		269.32	269.32
50	404690		899.493		428.945	428.945
50	154778		953.88		273.069	273.069
50	365780		1108.6		442.375	442.375
50	150462		1153.59		272.081	272.081
50	437531		769.484		454.255	454.255
50	146747		1483.11		276.982	276.982
50	394950		916.391		448.283	448.283
50	152161		1069.21		282.529	282.529
50	398544		901.099		441.905	441.905
50	153509		1014.9		281.98	281.98
50	403105		882.948		438.162	438.162
50	150906		1145.47		279.918	279.918
50	416438		832.397		452.33	452.33
50	150759		1166.06		284.021	284.021
50	450209		740.332		441.036	441.036
50	150907		1156.12		285.376	285.376
50	448223		724.855		434.508	434.508
50	157555		880.545		285.648	285.648
50	468033		683.271		439.148	439.148
50	156144		929.091		287.166	287.166
50	455225		717.072		451.327	451.327
50	157954		867.497		288.671	288.671
50	420238		801.671		466.621	466.621
50	157209		894.444		293.089	293.089
50	415809		817.576		468.055	468.055
50	152485		1126.54		295.535	295.535
50	394570		908.795		462.912	462.912
50	149666		1317.58		292.945	292.945
50	359291		1101.78		472.382	472.382
50	148177		1439.21		289.021	289.021
50	370708		994.97		465.529	465.529
50	140006		4010.28		288.277	288.277
50	381901		930.403		477.169	477.169
50	141345		2931.02		284.085	284.085
50	305387		1781.64		458.681	458.681
50	138020		7205.69		284.428	284.428
50	275192		3243.25		452.96	452.96
50	138909		5172.35		280.528	280.528
50	250276		19674.1		426.23	426.23
50	142572		2353.25		279.179	279.179
50	223088		-3145.46		401.26	401.26
50	143202		2175.7		279.788	279.788
50	225510		-3566.61		402.522	402.522
50	149030		1258.9		282.988	282.988
50	234041		-14199.2		384.656	384.656
50	147722		1297.16		279.809	279.809
50	192770		-1246.21		384.402	384.402
50	148821		1219.87		278.451	278.451
50	181585		-947.086		365.033	365.033
50	151818		992.225		280.648	280.648
50	206542		-2155.41		350.404	350.404
50	154196		853.927		283.064	283.064
50	182506		-1027.99		337.455	337.455
50	153244		873.648		279.783	279.783
50	208955		-3131.98		328.539	328.539
50	168776		525.904		282.77	282.77
50	183962		-1174.01		312.849	312.849
50	159368		654.954		274.174	274.174
50	175997		-929.256		328.631	328.631
50	169260		503.912		272.678	272.678
50	178433		-966.226		333.844	333.844
50	172682		470.656		276.24	276.24
50	155232		-570.645		341.217	341.217
50	171683		481.907		282.765	282.765
50	185625		-1194.55		346.164	346.164
50	179188		427.184		283.942	283.942
50	169458		-779.639		353.507	353.507
50	180684		423.208		288.585	288.585
50	179510		-984.057		376.565	376.565
50	179958		429.192		290.716	290.716
50	179510		-984.057		377.319	377.319
50	178305		441.153		293.48	293.48
50	168138		535.828		293.739	293.739
50	147731		-497.16		367.314	367.314
50	157380		-596.152		357.421	357.421
50	173501		488.344		293.085	293.085
50	180216		-1026.58		359.985	359.985
50	173477		494.106		290.105	290.105
50	186071		404.839		288.029	288.029
50	191544		-1436.12		351.21	351.21
50	203460		-2306.97		358.137	358.137
50	185574		408.548		286.883	286.883
50	197880		-1924.88		361.167	361.167
50	177979		462.251		286.402	286.402
50	214925		-4171.24		363.961	363.961
50	188361		397.107		283.865	283.865
50	243030		5173.01		365.471	365.471
50	187490		404.159		281.847	281.847
50	199211		349.236		288.135	288.135
50	242903		5631.28		372.146	372.146
50	244496		7263.08		372.788	372.788
50	203050		332.638		290.589	290.589
50	228898		-25042		365.55	365.55
50	197878		348.151		281.602	281.602
50	214876		-3949		369.891	369.891
50	196275		355.556		277.76	277.76
50	223896		-44752.1		373.365	373.365
50	206832		318.356		281.749	281.749
50	201020		-2374.46		364.174	364.174
50	211060		308.212		281.008	281.008
50	184733		-1302.22		355.04	355.04
50	214042		301.338		280.027	280.027
50	223732		280.634		280.215	280.215
50	179639		-1105.64		358.949	358.949
50	173150		-942.394		366.456	366.456
50	226401		276.567		276.226	276.226
50	170461		-883.186		372.167	372.167
50	225000		279.502		280.771	280.771
50	185727		-1370.69		373.815	373.815
50	226493		276.325		281.381	281.381
50	170087		-872.089		378.674	378.674
50	205749		326.621		280.721	280.721
50	173045		-935.755		395.474	395.474
50	212728		304.747		279.667	279.667
50	172972		-925.852		394.328	394.328
50	216521		296.724		281.282	281.282
50	168880		-796.482		398.453	398.453
50	209563		309.666		282.9	282.9
