1	0	2.82742
2	0	2.94115
3	84	3.06212
4	168	3.17434
5	252	3.31386
6	336	3.45215
7	420	3.56641
8	504	3.66923
9	588	3.7586
10	672	3.85985
11	756	3.96079
12	840	4.08843
-----------------------
1	0	2.85322
2	0	2.98127
3	84	3.09831
4	168	3.21369
5	252	3.3615
6	336	3.49401
7	420	3.60444
8	504	3.694
9	588	3.78445
10	672	3.88761
11	756	4.00732
12	840	4.12254
-----------------------
1	0	0.452954
2	84	0.468378
-----------------------
1	0	0.448762
-----------------------
1	0	0.387169
2	84	0.406409
-----------------------
1	0	0.188918
2	0	0.207755
3	84	0.222981
4	168	0.250349
5	252	0.278607
6	336	0.3056
7	420	0.348919
8	504	0.372627
9	588	0.391709
10	672	0.409048
11	756	0.451459
-----------------------
1	0	0.364818
-----------------------
1	0	0.339479
-----------------------
1	0	0.459977
2	84	0.486777
-----------------------
1	0	0.235368
2	0	0.256861
3	84	0.28854
4	168	0.310958
5	252	0.329118
6	336	0.355408
7	420	0.385229
8	504	0.39552
9	588	0.432986
10	672	0.448952
11	756	0.466395
12	840	0.481518
-----------------------
1	0	0.362534
-----------------------
1	0	0.124758
2	0	0.147731
3	84	0.206759
4	168	0.22144
5	252	0.246011
6	336	0.26101
7	420	0.283126
8	504	0.293491
9	588	0.315268
10	672	0.332801
11	756	0.348075
12	840	0.362099
-----------------------
1	0	0.166031
2	0	0.178296
3	84	0.20852
4	168	0.226084
5	252	0.267515
6	336	0.2873
7	420	0.29431
8	504	0.321257
9	588	0.366711
10	672	0.40869
11	756	0.456387
12	840	0.487813
-----------------------
1	0	0.504322
2	84	0.535147
-----------------------
1	0	0.11561
2	0	0.134145
3	84	0.198796
4	168	0.236029
5	252	0.258965
6	336	0.279636
7	420	0.298762
8	504	0.316714
9	588	0.338174
10	672	0.359164
11	756	0.378932
12	840	0.404782
-----------------------
1	0	0.216195
2	84	0.229122
3	168	0.250622
4	252	0.270526
5	336	0.288194
6	420	0.304273
7	504	0.327208
8	588	0.348466
9	672	0.371882
10	756	0.396427
11	840	0.416951
12	924	0.433893
-----------------------
1	0	0.377398
-----------------------
1	0	0.233396
2	84	0.264551
3	168	0.277675
4	252	0.295664
5	336	0.317171
6	420	0.336498
7	504	0.35126
8	588	0.41489
9	672	0.430316
10	756	0.454029
-----------------------
1	0	0.317026
-----------------------
1	0	0.155079
2	84	0.183298
3	168	0.205589
4	252	0.236801
5	336	0.252788
6	420	0.289994
7	504	0.315332
8	588	0.327226
9	672	0.336902
10	756	0.349727
11	840	0.364404
12	924	0.383789
-----------------------
1	0	0.244193
2	84	0.269703
3	168	0.28135
4	252	0.297994
5	336	0.319708
6	420	0.355636
7	504	0.391978
8	588	0.405698
9	672	0.415115
-----------------------
1	0	0.253118
2	84	0.287409
3	168	0.307348
4	252	0.348587
5	336	0.375742
6	420	0.394631
7	504	0.421837
8	588	0.441602
9	672	0.490363
10	756	0.506278
11	840	0.531917
12	924	0.553956
-----------------------
1	0	0.18519
2	84	0.219884
3	168	0.242011
4	252	0.261341
5	336	0.289816
6	420	0.307069
7	504	0.322094
8	588	0.335003
9	672	0.365985
10	756	0.3876
11	840	0.406498
12	924	0.422014
-----------------------
1	0	0.179322
2	84	0.197739
3	168	0.226244
4	252	0.245956
5	336	0.261397
6	420	0.297701
7	504	0.314158
8	588	0.344291
9	672	0.358187
10	756	0.374994
11	840	0.392176
12	924	0.414049
-----------------------
1	0	0.185955
2	84	0.205364
3	168	0.228648
4	252	0.247296
5	336	0.262818
6	420	0.28257
7	504	0.299813
8	588	0.310902
9	672	0.343764
10	756	0.379685
11	840	0.391647
12	924	0.401551
-----------------------
1	0	0.201732
2	84	0.239908
3	168	0.275533
4	252	0.306245
5	336	0.330343
6	420	0.350203
7	504	0.365879
8	588	0.395581
9	672	0.418431
10	756	0.453968
11	840	0.469768
12	924	0.486209
-----------------------
1	0	0.219544
2	84	0.248679
3	168	0.269166
4	252	0.301499
5	336	0.322707
6	420	0.341522
7	504	0.363562
8	588	0.3796
9	672	0.431956
10	756	0.458772
11	840	0.488781
12	924	0.507654
-----------------------
1	0	0.12454
2	84	0.190462
3	168	0.241496
4	252	0.261845
5	336	0.28281
6	420	0.293212
7	504	0.321816
8	588	0.373901
9	672	0.394698
10	756	0.41218
11	840	0.430909
12	924	0.452097
-----------------------
1	0	0.1539
2	84	0.180502
3	168	0.225597
4	252	0.243035
5	336	0.258176
6	420	0.273211
7	504	0.298618
8	588	0.316135
9	672	0.326015
10	756	0.368712
11	840	0.389012
-----------------------
1	0	0.143356
2	84	0.199389
3	168	0.24942
4	252	0.28085
5	336	0.304459
6	420	0.350583
7	504	0.372132
8	588	0.391911
9	672	0.413902
10	756	0.438406
-----------------------
1	0	0.142571
2	0	0.192187
3	84	0.220067
4	168	0.247523
5	252	0.292277
6	336	0.312833
7	420	0.333928
8	504	0.354047
9	588	0.381704
10	672	0.400338
11	756	0.423721
12	840	0.437398
-----------------------
1	0	0.299458
2	84	0.319005
3	168	0.334477
4	252	0.355088
-----------------------
1	0	0.314493
2	84	0.341094
3	168	0.356258
4	252	0.384179
-----------------------
1	0	0.169036
2	0	0.183143
3	84	0.201562
4	168	0.223856
5	252	0.248741
6	336	0.276199
7	420	0.291388
8	504	0.313273
9	588	0.354581
-----------------------
1	0	0.35702
2	84	0.401187
-----------------------
1	0	0.358867
-----------------------
1	0	0.364295
2	84	0.377828
3	168	0.394002
4	252	0.415408
5	336	0.430734
-----------------------
1	0	0.0873171
-----------------------
1	0	0.452578
-----------------------
1	0	0.536984
2	84	0.594099
3	168	0.625768
4	252	0.643779
5	336	0.662545
6	420	0.678448
7	504	0.697759
8	588	0.729365
9	672	0.752565
10	756	0.785642
11	840	0.81057
12	924	0.831016
-----------------------
1	0	0.385593
2	84	0.406638
3	168	0.438775
4	252	0.461294
5	336	0.47739
6	420	0.508831
7	504	0.531583
8	588	0.555459
9	672	0.570913
10	756	0.596285
11	840	0.621387
12	924	0.631266
-----------------------
1	0	0.110831
2	0	0.133212
3	84	0.157417
4	168	0.198919
5	252	0.216595
6	336	0.232585
7	420	0.255197
8	504	0.274909
9	588	0.309431
-----------------------
1	0	0.150818
2	0	0.17249
3	84	0.192648
4	168	0.211464
5	252	0.264206
6	336	0.279981
7	420	0.290073
8	504	0.316391
9	588	0.334108
10	672	0.34604
11	756	0.359104
12	840	0.371183
-----------------------
1	0	0.117627
2	0	0.163696
3	84	0.182387
4	168	0.195201
5	252	0.221736
6	336	0.26745
7	420	0.327717
8	504	0.365952
9	588	0.387281
-----------------------
1	0	0.0962854
2	0	0.113503
3	84	0.181687
4	168	0.221027
5	252	0.261247
6	336	0.27774
7	420	0.306664
8	504	0.327309
9	588	0.341276
10	672	0.352566
11	756	0.362846
12	840	0.375742
-----------------------
1	0	0.349508
-----------------------
1	0	0.127951
2	0	0.147865
3	84	0.162287
4	168	0.191613
5	252	0.201484
6	336	0.212834
7	420	0.231932
8	504	0.254765
9	588	0.267202
10	672	0.287535
11	756	0.320187
12	840	0.3351
-----------------------
1	0	0.111775
2	0	0.141675
3	84	0.165927
4	168	0.18745
5	252	0.207062
6	336	0.225317
7	420	0.239542
8	504	0.258339
9	588	0.277695
10	672	0.31839
11	756	0.345009
12	840	0.381198
-----------------------
1	0	0.230145
2	0	0.253215
3	84	0.27099
4	168	0.289861
5	252	0.317177
6	336	0.359282
7	420	0.393418
8	504	0.412036
9	588	0.424906
10	672	0.467246
11	756	0.483503
12	840	0.496564
-----------------------
1	0	0.0892143
2	0	0.101859
3	84	0.135351
4	168	0.166205
-----------------------
1	0	0.31349
2	84	0.336495
3	168	0.373032
4	252	0.389312
-----------------------
1	0	0.379093
2	0	0.409075
3	84	0.427859
4	168	0.453107
5	252	0.488399
6	336	0.507674
7	420	0.531097
8	504	0.563248
9	588	0.585266
10	672	0.603675
11	756	0.618579
12	840	0.629164
-----------------------
1	0	0.34339
2	84	0.353053
3	168	0.366321
-----------------------
1	0	0.135856
2	0	0.173952
3	84	0.200768
4	168	0.244712
5	252	0.285689
6	336	0.31494
7	420	0.333196
8	504	0.359688
9	588	0.384771
10	672	0.401983
11	756	0.441734
12	840	0.471844
-----------------------
1	0	0.210416
2	0	0.239054
3	84	0.265272
4	168	0.287509
5	252	0.303354
6	336	0.333876
7	420	0.353996
8	504	0.373712
9	588	0.419786
10	672	0.446093
11	756	0.478519
12	840	0.487973
-----------------------
1	0	0.0658383
2	0	0.0859363
3	84	0.1482
4	168	0.179355
5	252	0.194874
6	336	0.212531
7	420	0.228485
8	504	0.241492
9	588	0.256315
10	672	0.26768
11	756	0.277986
12	840	0.28946
-----------------------
1	0	0.368687
-----------------------
1	0	0.145249
2	0	0.156309
3	84	0.181883
4	168	0.2013
5	252	0.235073
6	336	0.273602
7	420	0.302085
8	504	0.328794
9	588	0.385835
10	672	0.41703
11	756	0.45084
12	840	0.473577
-----------------------
1	0	0.260062
2	0	0.3109
3	84	0.3469
4	168	0.369429
5	252	0.388168
6	336	0.400562
7	420	0.440581
8	504	0.454544
9	588	0.486654
10	672	0.510456
11	756	0.539543
12	840	0.567545
-----------------------
1	0	0.142301
2	0	0.168842
3	84	0.191375
4	168	0.204646
5	252	0.245577
6	336	0.26491
7	420	0.294383
8	504	0.316298
9	588	0.341659
10	672	0.372972
11	756	0.387459
12	840	0.399154
-----------------------
1	0	0.303625
-----------------------
1	0	0.127871
2	0	0.137746
3	84	0.178837
4	168	0.209193
5	252	0.226451
6	336	0.241548
7	420	0.263183
8	504	0.276001
9	588	0.292422
10	672	0.304662
11	756	0.314789
-----------------------
1	0	0.325703
-----------------------
1	0	0.217255
2	0	0.231167
3	84	0.265653
4	168	0.294042
5	252	0.319624
6	336	0.342117
7	420	0.361061
8	504	0.375052
9	588	0.395126
10	672	0.414986
11	756	0.430112
12	840	0.474135
-----------------------
1	0	0.255994
2	0	0.304605
3	84	0.327622
4	168	0.343195
5	252	0.383204
6	336	0.404634
7	420	0.420274
8	504	0.470299
9	588	0.504493
10	672	0.53514
11	756	0.580781
12	840	0.63244
-----------------------
1	0	0.087094
2	0	0.121255
3	84	0.170312
4	168	0.198373
5	252	0.232307
6	336	0.244668
7	420	0.253899
8	504	0.306162
9	588	0.345156
10	672	0.373415
11	756	0.390944
12	840	0.403366
-----------------------
1	0	0.392931
2	84	0.419808
3	168	0.449151
-----------------------
1	0	0.0952914
2	0	0.102898
3	84	0.127887
4	168	0.166289
5	252	0.196895
6	336	0.222505
7	420	0.246107
8	504	0.28107
9	588	0.302961
10	672	0.316358
11	756	0.340909
12	840	0.360992
-----------------------
1	0	0.399213
-----------------------
1	0	0.102892
2	0	0.130277
3	84	0.155264
4	168	0.165532
5	252	0.215297
6	336	0.241218
7	420	0.272841
8	504	0.305866
9	588	0.338671
10	672	0.36138
11	756	0.378021
12	840	0.390354
-----------------------
1	0	0.336523
-----------------------
1	0	0.0769964
2	0	0.124722
3	84	0.132835
4	168	0.143553
5	252	0.18718
6	336	0.219146
7	420	0.238729
8	504	0.253873
9	588	0.275455
10	672	0.308734
11	756	0.341213
12	840	0.354448
-----------------------
1	0	0.341977
-----------------------
1	0	0.0658413
2	0	0.085898
3	84	0.11094
4	168	0.119925
5	252	0.131816
6	336	0.141423
7	420	0.164244
8	504	0.177314
9	588	0.191818
10	672	0.219447
11	756	0.247027
12	840	0.258107
-----------------------
1	0	0.379532
-----------------------
1	0	0.109984
2	0	0.151334
3	84	0.173714
4	168	0.187852
5	252	0.211547
6	336	0.238185
7	420	0.267329
8	504	0.286965
9	588	0.314158
10	672	0.337095
11	756	0.366224
12	840	0.38236
-----------------------
1	0	0.0969186
2	0	0.13077
3	84	0.149172
4	168	0.177573
5	252	0.215897
6	336	0.233598
7	420	0.265114
8	504	0.278856
9	588	0.297098
10	672	0.31464
11	756	0.325664
12	840	0.336353
-----------------------
1	0	0.415457
-----------------------
1	0	0.407441
-----------------------
1	0	0.143749
2	0	0.164012
3	84	0.200431
4	168	0.23344
5	252	0.255062
6	336	0.268836
7	420	0.301706
8	504	0.320766
9	588	0.365942
10	672	0.416679
11	756	0.45189
12	840	0.487197
-----------------------
1	0	0.321118
-----------------------
1	0	0.107215
2	0	0.125443
3	84	0.148608
4	168	0.179621
5	252	0.199405
6	336	0.217716
7	420	0.242483
8	504	0.259483
9	588	0.279495
10	672	0.311402
11	756	0.328683
12	840	0.353403
-----------------------
1	0	0.109856
2	0	0.119657
3	84	0.171862
4	168	0.193436
5	252	0.214267
6	336	0.24198
7	420	0.265529
8	504	0.276246
9	588	0.288532
10	672	0.303334
11	756	0.313366
12	840	0.324456
-----------------------
1	0	0.423943
-----------------------
1	0	0.138174
2	0	0.167083
3	84	0.185455
4	168	0.223207
5	252	0.270965
6	336	0.29728
7	420	0.356101
8	504	0.383535
9	588	0.396714
10	672	0.409379
11	756	0.420767
12	840	0.437844
-----------------------
1	0	0.422243
-----------------------
1	0	0.306437
-----------------------
1	0	0.109674
2	0	0.144023
3	84	0.197871
4	168	0.236807
5	252	0.25733
6	336	0.276379
7	420	0.29545
8	504	0.33207
9	588	0.349763
10	672	0.372973
11	756	0.393141
12	840	0.418375
-----------------------
1	0	0.314731
-----------------------
1	0	0.0805286
2	0	0.114796
3	84	0.142472
4	168	0.168059
5	252	0.190918
6	336	0.207286
7	420	0.223542
8	504	0.247376
9	588	0.278767
10	672	0.30473
11	756	0.317157
12	840	0.326895
-----------------------
1	0	0.372041
-----------------------
1	0	0.113373
2	0	0.134907
3	84	0.181146
4	168	0.202882
5	252	0.22695
6	336	0.249465
7	420	0.268109
8	504	0.294289
9	588	0.325585
10	672	0.338357
11	756	0.352696
12	840	0.383283
-----------------------
1	0	0.322275
-----------------------
1	0	0.0939355
2	0	0.101005
3	84	0.134588
4	168	0.152686
5	252	0.184212
6	336	0.199134
7	420	0.210824
8	504	0.229744
9	588	0.244545
10	672	0.255632
11	756	0.269754
12	840	0.290036
-----------------------
1	0	0.0841288
2	0	0.0898364
3	84	0.108432
4	168	0.140346
5	252	0.202791
6	336	0.217166
7	420	0.241574
8	504	0.265784
9	588	0.285394
10	672	0.30585
11	756	0.316503
12	840	0.325856
-----------------------
1	0	0.403278
-----------------------
1	0	0.118663
2	0	0.138349
3	84	0.156551
4	168	0.179701
5	252	0.211375
6	336	0.233327
7	420	0.257117
8	504	0.282724
9	588	0.307277
10	672	0.330357
11	756	0.342771
12	840	0.353094
-----------------------
1	0	0.310365
-----------------------
1	0	0.0932961
2	0	0.128517
3	84	0.137302
4	168	0.166274
5	252	0.200012
6	336	0.226749
7	420	0.250943
8	504	0.280673
9	588	0.296922
10	672	0.307203
11	756	0.317902
12	840	0.327756
-----------------------
1	0	0.45695
-----------------------
1	0	0.174953
2	0	0.181793
3	84	0.205635
4	168	0.271942
5	252	0.324092
6	336	0.340603
7	420	0.365079
8	504	0.382236
9	588	0.401556
10	672	0.415731
11	756	0.430588
12	840	0.44447
-----------------------
1	0	0.440998
-----------------------
1	0	0.0994727
2	0	0.154386
3	84	0.169309
4	168	0.1867
5	252	0.207716
6	336	0.222738
7	420	0.238317
8	504	0.26058
9	588	0.291754
10	672	0.308174
11	756	0.322153
12	840	0.331686
-----------------------
1	0	0.116085
-----------------------
1	0	0.38838
-----------------------
1	0	0.398919
-----------------------
1	0	0.47923
-----------------------
1	0	0.453225
-----------------------
1	0	0.544682
-----------------------
1	0	0.530798
-----------------------
1	0	0.519869
-----------------------
1	0	0.488942
-----------------------
1	0	0.494094
-----------------------
1	0	0.1938
2	0	0.199887
3	84	0.231814
4	168	0.296533
5	252	0.3298
6	336	0.345245
7	420	0.36491
8	504	0.388954
9	588	0.401087
10	672	0.41284
11	756	0.436463
12	840	0.45474
-----------------------
1	0	0.500246
-----------------------
1	0	0.0952291
2	0	0.109913
3	84	0.127807
4	168	0.148035
5	252	0.190963
6	336	0.232806
7	420	0.255005
8	504	0.268273
9	588	0.286636
10	672	0.298657
11	756	0.309049
12	840	0.319555
-----------------------
1	0	0.375169
-----------------------
1	0	0.140939
2	0	0.165122
3	84	0.184025
4	168	0.216022
5	252	0.248238
6	336	0.260814
7	420	0.278554
8	504	0.293965
9	588	0.319849
10	672	0.339866
11	756	0.362531
12	840	0.382323
-----------------------
1	0	0.0829802
2	0	0.103272
3	84	0.123483
4	168	0.140045
5	252	0.169913
6	336	0.181583
7	420	0.206114
8	504	0.228924
9	588	0.257863
10	672	0.268677
11	756	0.285922
12	840	0.307331
-----------------------
1	0	0.142364
2	0	0.176412
3	84	0.220554
4	168	0.244148
5	252	0.275469
6	336	0.317504
7	420	0.337061
8	504	0.359995
-----------------------
1	0	0.48563
2	0	0.520967
3	84	0.547818
4	168	0.573171
5	252	0.612927
6	336	0.640903
7	420	0.680412
8	504	0.708018
9	588	0.754578
10	672	0.773869
11	756	0.795281
12	840	0.816729
-----------------------
1	0	0.120297
-----------------------
1	0	0.207281
2	0	0.246438
3	84	0.272027
4	168	0.334976
5	252	0.358575
6	336	0.379892
7	420	0.388935
8	504	0.399112
-----------------------
1	0	0.743811
-----------------------
1	0	0.575348
-----------------------
1	0	0.192598
-----------------------
1	0	0.315504
2	84	0.349699
3	168	0.368473
4	252	0.388345
5	336	0.397335
6	420	0.411448
7	504	0.429461
8	588	0.444962
9	672	0.465559
10	756	0.475639
11	840	0.487968
12	924	0.503957
-----------------------
1	0	0.423879
-----------------------
1	0	0.176466
2	0	0.204194
3	84	0.218376
4	168	0.24863
5	252	0.278357
6	336	0.301905
7	420	0.322844
8	504	0.339709
9	588	0.357434
10	672	0.379352
11	756	0.411261
12	840	0.44983
-----------------------
1	0	0.305293
2	0	0.337443
3	84	0.393881
4	168	0.427233
5	252	0.456822
6	336	0.483894
7	420	0.512097
8	504	0.550091
9	588	0.585045
10	672	0.624652
-----------------------
1	0	0.0788444
2	0	0.100713
3	84	0.12995
4	168	0.172506
5	252	0.20663
6	336	0.242308
7	420	0.261875
8	504	0.276229
9	588	0.313322
10	672	0.331765
11	756	0.354844
12	840	0.377972
-----------------------
1	0	0.108802
2	0	0.162537
3	84	0.174239
4	168	0.184118
5	252	0.210766
6	336	0.234328
7	420	0.284298
8	504	0.311938
9	588	0.341072
10	672	0.364586
11	756	0.389699
12	840	0.410088
-----------------------
1	0	0.106312
-----------------------
1	0	0.139218
2	0	0.188716
3	84	0.211444
4	168	0.242982
5	252	0.268411
6	336	0.289175
7	420	0.306478
8	504	0.31772
9	588	0.348236
10	672	0.366555
11	756	0.404771
12	840	0.448274
-----------------------
1	0	0.0665099
2	0	0.0878484
3	84	0.126095
4	168	0.147399
5	252	0.16018
6	336	0.183641
7	420	0.20284
8	504	0.224842
9	588	0.25962
10	672	0.276927
11	756	0.288828
12	840	0.32235
-----------------------
1	0	0.414369
-----------------------
1	0	0.0838026
2	0	0.0955535
3	84	0.126843
4	168	0.148947
5	252	0.207873
6	336	0.241318
7	420	0.265017
8	504	0.278661
9	588	0.29403
10	672	0.308225
11	756	0.32014
12	840	0.33499
-----------------------
1	0	0.424174
-----------------------
1	0	0.161246
2	0	0.205489
3	84	0.238438
4	168	0.281182
5	252	0.310243
6	336	0.345392
7	420	0.363083
8	504	0.387051
9	588	0.434026
10	672	0.467932
11	756	0.50994
12	840	0.533231
-----------------------
1	0	0.524655
-----------------------
1	0	0.0929033
2	0	0.119646
3	84	0.130607
4	168	0.157047
5	252	0.196332
6	336	0.220666
7	420	0.253054
8	504	0.305201
9	588	0.348879
10	672	0.370477
11	756	0.399017
12	840	0.434979
-----------------------
1	0	0.235411
-----------------------
1	0	0.148918
2	0	0.160716
3	84	0.19218
4	168	0.211235
5	252	0.22711
6	336	0.267551
7	420	0.278078
8	504	0.308073
9	588	0.343965
10	672	0.354989
11	756	0.369066
12	840	0.381075
-----------------------
1	0	0.441118
-----------------------
1	0	0.0965464
2	0	0.137043
3	84	0.172667
4	168	0.202792
5	252	0.250201
6	336	0.284873
7	420	0.308476
8	504	0.351072
9	588	0.375382
10	672	0.40519
11	756	0.417193
12	840	0.427165
-----------------------
1	0	0.419385
-----------------------
1	0	0.134203
2	0	0.141172
3	84	0.178568
4	168	0.193512
5	252	0.210831
6	336	0.225701
7	420	0.242958
8	504	0.267629
9	588	0.279831
10	672	0.290253
11	756	0.299501
12	840	0.308924
-----------------------
1	0	0.565816
-----------------------
1	0	0.14611
2	0	0.151985
3	84	0.168868
4	168	0.192714
5	252	0.215171
6	336	0.231281
7	420	0.244476
8	504	0.279394
9	588	0.30556
10	672	0.320732
11	756	0.345513
12	840	0.36816
-----------------------
1	0	0.329899
-----------------------
1	0	0.0850064
2	0	0.100308
3	84	0.12587
4	168	0.143824
5	252	0.175009
6	336	0.190438
7	420	0.213516
8	504	0.23628
9	588	0.25352
10	672	0.272208
11	756	0.307299
12	840	0.331189
-----------------------
1	0	0.338083
-----------------------
1	0	0.108417
2	0	0.116199
3	84	0.136095
4	168	0.180039
5	252	0.216829
6	336	0.233731
7	420	0.252269
8	504	0.268747
9	588	0.282909
10	672	0.298174
11	756	0.320474
12	840	0.340252
-----------------------
1	0	0.353043
2	84	0.38763
-----------------------
1	0	0.086916
2	0	0.106097
3	84	0.128821
4	168	0.156664
5	252	0.199641
6	336	0.225093
7	420	0.246439
8	504	0.281655
9	588	0.312078
10	672	0.351977
11	756	0.373248
12	840	0.385772
-----------------------
1	0	0.411271
-----------------------
1	0	0.0822927
2	0	0.0879192
3	84	0.124942
4	168	0.156002
5	252	0.18642
6	336	0.202436
7	420	0.256306
8	504	0.30333
9	588	0.341925
10	672	0.370147
11	756	0.391456
12	840	0.403342
-----------------------
1	0	0.324118
2	84	0.354739
-----------------------
1	0	0.109989
2	0	0.116113
3	84	0.189938
4	168	0.219755
5	252	0.246925
6	336	0.280249
7	420	0.304933
8	504	0.335683
9	588	0.380045
10	672	0.397509
11	756	0.433751
12	840	0.447645
-----------------------
1	0	0.0729306
2	0	0.0925669
3	84	0.117455
4	168	0.142962
5	252	0.162068
6	336	0.177185
7	420	0.203773
8	504	0.224264
9	588	0.253659
10	672	0.275807
11	756	0.291396
12	840	0.306518
-----------------------
1	0	0.312034
2	84	0.331586
3	168	0.355083
4	252	0.370601
5	336	0.384713
-----------------------
1	0	0.205062
2	84	0.231116
3	168	0.250301
4	252	0.285091
5	336	0.295049
6	420	0.318781
7	504	0.357264
8	588	0.389186
9	672	0.422185
10	756	0.441702
11	840	0.460576
12	924	0.49075
-----------------------
1	0	0.383634
2	84	0.421687
3	168	0.442617
4	252	0.475033
5	336	0.497609
-----------------------
1	0	0.323441
-----------------------
1	0	0.184034
2	84	0.227915
3	168	0.246785
4	252	0.277944
5	336	0.302866
6	420	0.316773
7	504	0.33916
8	588	0.363313
9	672	0.389142
10	756	0.418977
11	840	0.43267
12	924	0.454445
-----------------------
1	0	0.381263
-----------------------
1	0	0.250996
2	84	0.293271
3	168	0.308799
4	252	0.348084
5	336	0.367468
6	420	0.38655
7	504	0.401868
8	588	0.413718
9	672	0.42319
10	756	0.439449
-----------------------
1	0	0.0698485
-----------------------
1	0	0.366654
-----------------------
1	0	0.38865
-----------------------
1	0	0.673494
-----------------------
1	0	0.550677
-----------------------
1	0	0.384383
-----------------------
1	0	0.591034
2	84	0.621204
3	168	0.643605
4	252	0.669121
5	336	0.695676
6	420	0.718996
7	504	0.738184
8	588	0.768116
9	672	0.799413
10	756	0.843151
11	840	0.889043
12	924	0.899089
-----------------------
1	0	0.438272
2	84	0.449889
-----------------------
1	0	0.508051
-----------------------
1	0	0.42123
-----------------------
1	0	0.266229
2	0	0.298821
3	84	0.31525
4	168	0.325995
5	252	0.351656
6	336	0.377425
7	420	0.403401
8	504	0.427673
9	588	0.461114
10	672	0.476227
11	756	0.487675
12	840	0.502483
-----------------------
1	0	0.330418
-----------------------
1	0	0.091604
2	0	0.116742
3	84	0.134523
4	168	0.161537
5	252	0.18744
6	336	0.197603
7	420	0.217743
8	504	0.23571
9	588	0.253768
10	672	0.294714
11	756	0.311344
12	840	0.329222
-----------------------
1	0	0.418508
-----------------------
1	0	0.104991
2	0	0.11557
3	84	0.174286
4	168	0.199068
5	252	0.237209
6	336	0.255576
7	420	0.291262
8	504	0.322305
9	588	0.343731
10	672	0.378252
11	756	0.405996
12	840	0.421981
-----------------------
1	0	0.34293
-----------------------
1	0	0.112492
2	0	0.139207
3	84	0.168595
4	168	0.187754
5	252	0.201726
6	336	0.219083
7	420	0.231507
8	504	0.257771
9	588	0.285362
10	672	0.303807
11	756	0.334065
12	840	0.352532
-----------------------
1	0	0.348755
-----------------------
1	0	0.1079
2	0	0.121058
3	84	0.159215
4	168	0.188589
5	252	0.228239
6	336	0.241227
7	420	0.258392
8	504	0.299841
9	588	0.342153
10	672	0.362843
11	756	0.377157
12	840	0.409749
-----------------------
1	0	0.305267
-----------------------
1	0	0.0969373
2	0	0.1189
3	84	0.136085
4	168	0.164036
5	252	0.192967
6	336	0.206497
7	420	0.245344
8	504	0.263928
9	588	0.277205
10	672	0.312272
11	756	0.332419
12	840	0.343585
-----------------------
1	0	0.393
-----------------------
1	0	0.116362
2	0	0.125076
3	84	0.16284
4	168	0.194356
5	252	0.241528
6	336	0.254688
7	420	0.283476
8	504	0.328115
9	588	0.375442
10	672	0.412341
11	756	0.422438
12	840	0.443377
-----------------------
1	0	0.352409
-----------------------
1	0	0.0835256
2	0	0.107923
3	84	0.123267
4	168	0.146507
5	252	0.181873
6	336	0.203526
7	420	0.217466
8	504	0.244446
9	588	0.264963
10	672	0.27861
11	756	0.295709
12	840	0.315883
-----------------------
1	0	0.391206
-----------------------
1	0	0.102964
2	0	0.133425
3	84	0.18738
4	168	0.20388
5	252	0.219317
6	336	0.227066
7	420	0.247668
8	504	0.275673
9	588	0.293395
10	672	0.338604
11	756	0.364585
12	840	0.379865
-----------------------
1	0	0.147117
2	0	0.196455
3	84	0.266951
4	168	0.286691
5	252	0.320387
6	336	0.356517
7	420	0.385311
8	504	0.423271
9	588	0.446732
10	672	0.476647
11	756	0.50398
12	840	0.523955
-----------------------
1	0	0.186929
2	84	0.208725
3	168	0.242229
4	252	0.311558
5	336	0.338476
6	420	0.363494
7	504	0.411125
8	588	0.445703
9	672	0.467687
10	756	0.500732
11	840	0.532671
12	924	0.557408
-----------------------
1	0	0.374634
-----------------------
1	0	0.144392
2	84	0.178903
3	168	0.199978
4	252	0.213881
5	336	0.263625
6	420	0.283112
7	504	0.304723
8	588	0.331406
9	672	0.361613
10	756	0.381622
11	840	0.399171
12	924	0.427906
-----------------------
1	0	0.425235
-----------------------
1	0	0.240628
2	84	0.306997
3	168	0.318189
4	252	0.33921
5	336	0.365637
6	420	0.384615
7	504	0.412891
8	588	0.453506
9	672	0.476483
10	756	0.490736
11	840	0.507895
12	924	0.518094
-----------------------
1	0	0.337067
-----------------------
1	0	0.0891703
2	0	0.118616
3	84	0.134125
4	168	0.160844
5	252	0.175138
6	336	0.193398
7	420	0.223239
8	504	0.251313
9	588	0.270624
10	672	0.281721
11	756	0.300719
12	840	0.317762
-----------------------
1	0	0.40501
-----------------------
1	0	0.072057
2	0	0.150999
3	84	0.178195
4	168	0.205415
5	252	0.236891
6	336	0.25198
7	420	0.283731
8	504	0.308178
9	588	0.330876
10	672	0.347281
11	756	0.35865
12	840	0.383359
-----------------------
1	0	0.358224
-----------------------
1	0	0.116917
2	0	0.159295
3	84	0.178372
4	168	0.198092
5	252	0.226387
6	336	0.2531
7	420	0.270971
8	504	0.28688
9	588	0.320607
10	672	0.332946
11	756	0.356423
12	840	0.379481
-----------------------
1	0	0.341216
-----------------------
1	0	0.0935644
2	0	0.120033
3	84	0.157507
4	168	0.186585
5	252	0.19934
6	336	0.221825
7	420	0.235186
8	504	0.278864
9	588	0.314235
10	672	0.334505
11	756	0.345374
12	840	0.391964
-----------------------
1	0	0.420402
-----------------------
1	0	0.185755
2	84	0.25413
3	168	0.268676
4	252	0.297953
5	336	0.332973
6	420	0.363653
7	504	0.400547
8	588	0.44166
9	672	0.460663
10	756	0.472766
11	840	0.498677
12	924	0.507757
-----------------------
1	0	0.341082
-----------------------
1	0	0.0693262
2	0	0.0813084
3	84	0.126575
4	168	0.170605
5	252	0.190097
6	336	0.204173
7	420	0.240193
8	504	0.261014
9	588	0.327573
10	672	0.349532
11	756	0.374693
12	840	0.400517
-----------------------
1	0	0.0987405
2	0	0.123581
3	84	0.145272
4	168	0.172606
-----------------------
1	0	0.375168
-----------------------
1	0	0.315287
-----------------------
1	0	0.45054
2	84	0.466698
3	168	0.487758
4	252	0.500306
5	336	0.52123
6	420	0.542432
7	504	0.557289
8	588	0.566671
9	672	0.57824
10	756	0.587158
-----------------------
1	0	0.568003
-----------------------
1	0	0.181361
2	84	0.199453
3	168	0.240161
4	252	0.255201
5	336	0.274127
6	420	0.287364
7	504	0.305497
8	588	0.329929
9	672	0.349114
10	756	0.359892
11	840	0.397582
12	924	0.433238
-----------------------
1	0	0.330707
-----------------------
1	0	0.123734
2	0	0.134566
3	84	0.17767
4	168	0.197773
5	252	0.235652
6	336	0.268592
7	420	0.320781
8	504	0.3443
9	588	0.371816
10	672	0.395578
11	756	0.414689
12	840	0.438539
-----------------------
1	0	0.370013
-----------------------
1	0	0.0774122
2	0	0.112592
3	84	0.122302
4	168	0.168731
5	252	0.17843
6	336	0.204164
7	420	0.25047
8	504	0.274861
9	588	0.339647
10	672	0.356903
11	756	0.387221
12	840	0.397258
-----------------------
1	0	0.39328
-----------------------
1	0	0.186753
2	84	0.249079
3	168	0.280841
4	252	0.30955
5	336	0.345265
6	420	0.365981
7	504	0.382013
8	588	0.398613
9	672	0.409552
10	756	0.435754
11	840	0.456233
12	924	0.470453
-----------------------
1	0	0.36481
-----------------------
1	0	0.123574
2	0	0.191191
3	84	0.211393
4	168	0.23544
5	252	0.280001
6	336	0.30213
7	420	0.328746
8	504	0.353448
9	588	0.371828
10	672	0.390256
11	756	0.403823
12	840	0.420954
-----------------------
1	0	0.250536
2	84	0.298117
-----------------------
1	0	0.248782
-----------------------
1	0	0.12132
2	0	0.157031
3	84	0.204181
4	168	0.225986
5	252	0.265485
6	336	0.282743
7	420	0.293641
8	504	0.319316
9	588	0.355164
10	672	0.371244
11	756	0.393769
12	840	0.412347
-----------------------
1	0	0.357651
2	84	0.396946
-----------------------
1	0	0.123988
2	0	0.135565
3	84	0.184509
4	168	0.216791
5	252	0.233992
6	336	0.249864
7	420	0.26395
8	504	0.286446
9	588	0.315994
10	672	0.34622
11	756	0.363227
12	840	0.388676
-----------------------
1	0	0.27621
-----------------------
1	0	0.108034
2	0	0.133095
3	84	0.154155
4	168	0.178882
5	252	0.205133
6	336	0.221867
7	420	0.239572
8	504	0.252629
9	588	0.285933
10	672	0.297798
11	756	0.306853
12	840	0.318998
-----------------------
1	0	0.32837
2	84	0.353233
-----------------------
1	0	0.0791749
2	0	0.0947306
3	84	0.121095
4	168	0.142785
5	252	0.165922
6	336	0.199414
7	420	0.218756
8	504	0.234384
9	588	0.268422
10	672	0.288525
11	756	0.331021
12	840	0.347422
-----------------------
1	0	0.359316
2	84	0.393667
-----------------------
1	0	0.119703
2	0	0.150673
3	84	0.171429
4	168	0.198693
5	252	0.215
6	336	0.232668
7	420	0.282374
8	504	0.316687
9	588	0.365566
10	672	0.411123
11	756	0.437661
12	840	0.462516
-----------------------
1	0	0.433369
-----------------------
1	0	0.114194
2	0	0.131486
3	84	0.165222
4	168	0.198339
5	252	0.216181
6	336	0.232565
7	420	0.250129
8	504	0.294141
9	588	0.331943
10	672	0.358895
11	756	0.386106
12	840	0.399711
-----------------------
1	0	0.250784
-----------------------
1	0	0.196093
2	84	0.252637
3	168	0.28766
4	252	0.315492
5	336	0.345431
6	420	0.373236
7	504	0.393461
8	588	0.415418
9	672	0.44081
10	756	0.455235
11	840	0.468776
12	924	0.486895
-----------------------
1	0	0.51976
-----------------------
1	0	0.0741073
2	0	0.109518
3	84	0.130301
4	168	0.163304
5	252	0.19624
6	336	0.225297
7	420	0.249024
8	504	0.270024
9	588	0.305429
10	672	0.315431
11	756	0.35127
12	840	0.367271
-----------------------
1	0	0.371531
-----------------------
1	0	0.204468
2	84	0.240977
3	168	0.257871
4	252	0.267498
5	336	0.295515
6	420	0.315858
7	504	0.328288
8	588	0.365288
9	672	0.376104
-----------------------
1	0	0.403362
-----------------------
1	0	0.0886271
2	0	0.131564
3	84	0.165789
4	168	0.199557
5	252	0.241003
6	336	0.255686
7	420	0.266606
8	504	0.278487
9	588	0.323118
10	672	0.359248
11	756	0.376681
12	840	0.391238
-----------------------
1	0	0.344941
-----------------------
1	0	0.133335
2	0	0.152921
3	84	0.176454
4	168	0.210098
5	252	0.233823
6	336	0.264163
7	420	0.278463
8	504	0.288846
9	588	0.313383
10	672	0.366523
11	756	0.398719
12	840	0.42459
-----------------------
1	0	0.37495
-----------------------
1	0	0.365649
2	84	0.388615
-----------------------
1	0	0.463605
-----------------------
1	0	0.237423
2	84	0.257148
3	168	0.290442
4	252	0.309909
5	336	0.333678
6	420	0.359443
7	504	0.373921
8	588	0.42366
9	672	0.436365
10	756	0.46527
11	840	0.475227
12	924	0.494166
-----------------------
1	0	0.159723
2	84	0.199396
3	168	0.23656
4	252	0.274255
5	336	0.303029
6	420	0.333941
7	504	0.362761
8	588	0.400242
9	672	0.419082
10	756	0.464056
11	840	0.488573
12	924	0.508056
-----------------------
1	0	0.121397
2	0	0.154272
3	84	0.18976
4	168	0.223428
5	252	0.253081
6	336	0.28168
7	420	0.316816
8	504	0.338788
9	588	0.38437
10	672	0.402933
11	756	0.425258
12	840	0.443848
-----------------------
1	0	0.373796
-----------------------
1	0	0.182616
2	84	0.204147
3	168	0.232721
4	252	0.258741
5	336	0.281822
6	420	0.30326
7	504	0.324922
8	588	0.355494
9	672	0.427862
10	756	0.451016
11	840	0.488519
12	924	0.525971
-----------------------
1	0	0.408071
2	84	0.438246
-----------------------
1	0	0.166851
2	84	0.19905
3	168	0.231067
4	252	0.270172
5	336	0.2961
6	420	0.325985
7	504	0.368062
8	588	0.41459
9	672	0.437504
10	756	0.456993
11	840	0.475103
12	924	0.493217
-----------------------
1	0	0.271815
-----------------------
1	0	0.210343
2	84	0.221678
3	168	0.242088
4	252	0.262051
5	336	0.298929
6	420	0.387675
7	504	0.40317
8	588	0.414804
9	672	0.429842
10	756	0.439203
11	840	0.453753
12	924	0.463203
-----------------------
1	0	0.441379
2	84	0.466858
3	168	0.48247
-----------------------
1	0	0.122055
2	84	0.134714
3	168	0.17707
4	252	0.212039
5	336	0.227587
6	420	0.255117
7	504	0.284331
8	588	0.331947
9	672	0.366119
10	756	0.405145
11	840	0.438041
12	924	0.466252
-----------------------
1	0	0.234826
2	84	0.266761
3	168	0.303086
4	252	0.336272
5	336	0.373778
6	420	0.395629
7	504	0.412555
8	588	0.430573
9	672	0.500725
10	756	0.526383
11	840	0.586352
12	924	0.633039
-----------------------
1	0	0.15808
2	84	0.206442
3	168	0.276637
4	252	0.312299
5	336	0.340695
6	420	0.370546
7	504	0.38632
8	588	0.402053
9	672	0.415157
10	756	0.448446
11	840	0.465034
12	924	0.4805
-----------------------
1	0	0.326448
2	84	0.358896
3	168	0.386445
4	252	0.437463
5	336	0.476965
-----------------------
1	0	0.180443
2	84	0.224287
3	168	0.25217
4	252	0.297432
5	336	0.316832
6	420	0.345247
7	504	0.364743
8	588	0.381083
9	672	0.392515
10	756	0.417245
11	840	0.429943
12	924	0.442373
-----------------------
1	0	0.308956
2	84	0.329145
3	168	0.352335
-----------------------
1	0	0.267286
2	84	0.291927
-----------------------
1	0	0.154825
2	84	0.198548
3	168	0.269129
4	252	0.30827
5	336	0.330062
6	420	0.34895
7	504	0.368592
8	588	0.389867
9	672	0.406463
10	756	0.455127
11	840	0.478497
12	924	0.521203
-----------------------
1	0	0.200895
2	84	0.221522
3	168	0.25434
4	252	0.275366
5	336	0.294893
6	420	0.311043
7	504	0.334015
8	588	0.359407
9	672	0.372152
10	756	0.384306
11	840	0.40522
12	924	0.422361
-----------------------
1	0	0.45798
2	84	0.484063
-----------------------
1	0	0.331753
2	84	0.360405
-----------------------
1	0	0.104036
2	0	0.151275
3	84	0.174055
4	168	0.201313
5	252	0.238597
6	336	0.265592
7	420	0.286734
8	504	0.312773
9	588	0.335787
10	672	0.359998
11	756	0.390967
12	840	0.437613
-----------------------
1	0	0.468357
2	84	0.497349
-----------------------
1	0	0.234139
2	84	0.256193
3	168	0.283014
4	252	0.315783
5	336	0.332894
6	420	0.3558
7	504	0.386915
8	588	0.426966
9	672	0.450793
10	756	0.46735
11	840	0.497034
12	924	0.534907
-----------------------
1	0	0.36592
2	84	0.426636
-----------------------
1	0	0.133992
2	0	0.144027
3	84	0.165719
4	168	0.201836
5	252	0.224709
6	336	0.236536
7	420	0.277737
8	504	0.308963
9	588	0.349855
10	672	0.387441
11	756	0.417161
12	840	0.436928
-----------------------
1	0	0.306589
-----------------------
1	0	0.0853521
2	0	0.0974435
3	84	0.125595
4	168	0.139909
5	252	0.156561
6	336	0.169805
7	420	0.188387
8	504	0.211544
9	588	0.237114
10	672	0.24774
11	756	0.268399
12	840	0.300016
-----------------------
1	0	0.0863806
2	0	0.0982918
3	84	0.12829
4	168	0.141678
5	252	0.158346
6	336	0.192391
7	420	0.210743
8	504	0.228582
9	588	0.251006
10	672	0.274339
11	756	0.289961
12	840	0.305462
-----------------------
1	0	0.348102
-----------------------
1	0	0.123092
2	0	0.147247
3	84	0.170096
4	168	0.192242
5	252	0.231773
6	336	0.261967
7	420	0.305561
8	504	0.353756
9	588	0.397963
10	672	0.428967
11	756	0.449718
12	840	0.459557
-----------------------
1	0	0.605754
2	84	0.634258
-----------------------
1	0	0.10928
2	0	0.139986
3	84	0.168284
4	168	0.192899
5	252	0.215785
6	336	0.250326
7	420	0.273544
8	504	0.308118
9	588	0.33711
10	672	0.360533
11	756	0.377947
12	840	0.389133
-----------------------
1	0	0.36198
-----------------------
1	0	0.107327
2	0	0.11749
3	84	0.134046
4	168	0.159117
5	252	0.186
6	336	0.222568
7	420	0.246095
8	504	0.322132
9	588	0.349792
10	672	0.358765
11	756	0.371182
12	840	0.38355
-----------------------
1	0	0.391523
2	84	0.417176
-----------------------
1	0	0.0781893
2	0	0.0912072
3	84	0.119428
4	168	0.148646
5	252	0.16874
6	336	0.182865
7	420	0.198847
8	504	0.230051
9	588	0.254297
10	672	0.28073
11	756	0.297744
12	840	0.344651
-----------------------
1	0	0.248297
-----------------------
1	0	0.105065
2	0	0.117908
3	84	0.141551
4	168	0.170868
5	252	0.19035
6	336	0.206631
7	420	0.220692
8	504	0.251934
9	588	0.29066
10	672	0.313156
11	756	0.323406
12	840	0.350932
-----------------------
1	0	0.350144
-----------------------
1	0	0.0987441
2	0	0.115766
3	84	0.139317
4	168	0.158852
5	252	0.179102
6	336	0.204283
7	420	0.230815
8	504	0.262791
9	588	0.284961
10	672	0.295103
11	756	0.307465
12	840	0.326428
-----------------------
1	0	0.389088
-----------------------
1	0	0.0846957
2	0	0.0981078
3	84	0.135627
4	168	0.162566
5	252	0.186499
6	336	0.201936
7	420	0.217963
8	504	0.241703
9	588	0.266754
10	672	0.280873
11	756	0.308566
12	840	0.321404
-----------------------
1	0	0.0772305
2	0	0.0922733
3	84	0.117786
4	168	0.136331
5	252	0.161871
6	336	0.183457
7	420	0.200402
8	504	0.22131
9	588	0.234745
10	672	0.246768
11	756	0.255956
12	840	0.271789
-----------------------
1	0	0.375464
-----------------------
1	0	0.171094
2	0	0.197681
3	84	0.23217
4	168	0.251328
5	252	0.280555
6	336	0.304551
7	420	0.336605
8	504	0.359733
9	588	0.373409
10	672	0.383145
11	756	0.396697
12	840	0.408274
-----------------------
1	0	0.417988
2	84	0.444989
-----------------------
1	0	0.144277
2	0	0.177917
3	84	0.195432
4	168	0.215857
5	252	0.237463
6	336	0.279062
7	420	0.302253
8	504	0.347572
9	588	0.412685
10	672	0.439828
11	756	0.476708
12	840	0.490958
-----------------------
1	0	0.263063
2	84	0.33037
3	168	0.359576
4	252	0.392414
5	336	0.40917
6	420	0.428537
7	504	0.449876
8	588	0.479642
9	672	0.497993
10	756	0.531308
11	840	0.551262
12	924	0.56088
-----------------------
1	0	0.10004
2	0	0.125293
3	84	0.136642
4	168	0.163665
5	252	0.191922
6	336	0.213321
7	420	0.23606
8	504	0.273421
9	588	0.296848
10	672	0.307606
11	756	0.324591
12	840	0.341923
-----------------------
1	0	0.364271
2	84	0.394572
-----------------------
1	0	0.200651
2	0	0.266631
3	84	0.322351
4	168	0.348032
5	252	0.38076
6	336	0.390693
7	420	0.399779
8	504	0.412417
9	588	0.438436
10	672	0.44891
11	756	0.462049
12	840	0.47722
-----------------------
1	0	0.296725
-----------------------
1	0	0.204856
2	0	0.230904
3	84	0.267367
4	168	0.311171
5	252	0.336393
6	336	0.367429
7	420	0.403256
8	504	0.438045
9	588	0.475905
10	672	0.505752
11	756	0.526198
12	840	0.549197
-----------------------
1	0	0.200297
2	84	0.244341
3	168	0.296369
4	252	0.318113
5	336	0.350068
6	420	0.391793
7	504	0.428358
8	588	0.469597
9	672	0.496972
10	756	0.513928
11	840	0.528443
12	924	0.547053
-----------------------
1	0	0.291342
2	84	0.313996
-----------------------
1	0	0.131537
2	0	0.144858
3	84	0.162448
4	168	0.189095
5	252	0.214542
6	336	0.231966
7	420	0.246628
8	504	0.269732
9	588	0.287104
10	672	0.296085
11	756	0.311767
12	840	0.342122
-----------------------
1	0	0.289899
-----------------------
1	0	0.133669
2	0	0.149878
3	84	0.193367
4	168	0.22266
5	252	0.258193
6	336	0.272699
7	420	0.292287
8	504	0.319514
9	588	0.356271
10	672	0.367351
11	756	0.37894
12	840	0.388777
-----------------------
1	0	0.331677
-----------------------
1	0	0.0666777
2	0	0.0786206
3	84	0.105086
4	168	0.143262
5	252	0.154471
6	336	0.172654
7	420	0.186034
8	504	0.201894
9	588	0.221333
10	672	0.244799
11	756	0.275175
12	840	0.312019
-----------------------
1	0	0.337015
-----------------------
1	0	0.111427
2	0	0.12579
3	84	0.147126
4	168	0.177861
5	252	0.20005
6	336	0.215878
7	420	0.235981
8	504	0.247009
9	588	0.258578
10	672	0.275025
11	756	0.299896
12	840	0.321708
-----------------------
1	0	0.139069
2	0	0.151061
3	84	0.180598
4	168	0.212236
5	252	0.235822
6	336	0.254843
7	420	0.276869
8	504	0.294054
9	588	0.308463
10	672	0.317899
11	756	0.327319
12	840	0.343513
-----------------------
1	0	0.390243
-----------------------
1	0	0.0993514
2	0	0.122978
3	84	0.159798
4	168	0.183291
5	252	0.198956
6	336	0.218317
7	420	0.243823
8	504	0.265524
9	588	0.290596
10	672	0.310191
11	756	0.320901
12	840	0.334252
-----------------------
1	0	0.421889
-----------------------
1	0	0.30421
-----------------------
1	0	0.180343
2	0	0.19847
3	84	0.212745
4	168	0.243243
5	252	0.266399
6	336	0.303343
7	420	0.345366
8	504	0.362793
9	588	0.414986
10	672	0.435735
11	756	0.457979
12	840	0.485942
-----------------------
1	0	0.318367
-----------------------
1	0	0.0832857
2	0	0.114169
3	84	0.1326
4	168	0.146661
5	252	0.167863
6	336	0.18287
7	420	0.215129
8	504	0.247866
9	588	0.262968
10	672	0.27722
11	756	0.308465
12	840	0.319723
-----------------------
1	0	0.396052
-----------------------
1	0	0.143263
2	0	0.161832
3	84	0.182874
4	168	0.199424
5	252	0.21907
6	336	0.233204
7	420	0.259922
8	504	0.294841
9	588	0.319976
10	672	0.346809
11	756	0.376142
12	840	0.391581
-----------------------
1	0	0.0825778
2	0	0.096548
3	84	0.136219
4	168	0.156734
5	252	0.182575
6	336	0.208972
7	420	0.236856
8	504	0.248569
9	588	0.268339
10	672	0.282503
11	756	0.297476
12	840	0.308376
-----------------------
1	0	0.409829
2	84	0.444735
-----------------------
1	0	0.0835464
2	0	0.157653
3	84	0.181369
4	168	0.210789
5	252	0.24396
6	336	0.270608
7	420	0.28887
8	504	0.304581
9	588	0.317137
10	672	0.331234
11	756	0.342885
12	840	0.35306
-----------------------
1	0	0.380651
-----------------------
1	0	0.142381
2	0	0.154947
3	84	0.191014
4	168	0.208281
5	252	0.255628
6	336	0.293013
7	420	0.332727
8	504	0.353857
9	588	0.38169
10	672	0.411606
11	756	0.424909
12	840	0.442358
-----------------------
1	0	0.342923
2	84	0.379926
-----------------------
1	0	0.281528
-----------------------
1	0	0.126275
2	0	0.154838
3	84	0.196801
4	168	0.219665
5	252	0.24573
6	336	0.270627
7	420	0.321131
8	504	0.338336
9	588	0.360189
10	672	0.378755
11	756	0.393595
12	840	0.403713
-----------------------
1	0	0.106157
-----------------------
1	0	0.435279
2	84	0.467139
-----------------------
1	0	0.515051
-----------------------
1	0	0.246783
2	84	0.274996
3	168	0.290797
4	252	0.325922
5	336	0.370618
6	420	0.384983
7	504	0.395918
8	588	0.419529
9	672	0.440285
10	756	0.482751
11	840	0.502986
12	924	0.526117
-----------------------
1	0	0.36063
-----------------------
1	0	0.286014
2	84	0.300853
3	168	0.319398
-----------------------
1	0	0.475468
-----------------------
1	0	0.218391
2	84	0.252882
3	168	0.273765
4	252	0.29896
5	336	0.314703
6	420	0.334531
7	504	0.344843
8	588	0.357363
9	672	0.367014
10	756	0.378285
11	840	0.390274
12	924	0.400877
-----------------------
1	0	0.500245
-----------------------
1	0	0.0858821
2	0	0.0999565
3	84	0.139254
4	168	0.165304
5	252	0.20038
6	336	0.221882
7	420	0.242996
8	504	0.258264
9	588	0.280558
10	672	0.309917
11	756	0.340968
12	840	0.356609
-----------------------
1	0	0.261823
2	84	0.275175
3	168	0.285297
-----------------------
1	0	0.503834
-----------------------
1	0	0.447528
2	84	0.463215
3	168	0.475588
-----------------------
1	0	0.599453
-----------------------
1	0	0.121953
2	84	0.16406
3	168	0.185627
4	252	0.219992
5	336	0.236527
6	420	0.255807
7	504	0.284421
8	588	0.321232
9	672	0.342754
10	756	0.354478
11	840	0.365772
12	924	0.378309
-----------------------
1	0	0.214434
2	84	0.236017
3	168	0.24846
4	252	0.281379
5	336	0.321127
-----------------------
1	0	0.693453
-----------------------
1	0	0.324662
2	84	0.339537
3	168	0.348685
4	252	0.359363
-----------------------
1	0	0.370275
-----------------------
1	0	0.128625
2	0	0.158315
3	84	0.176407
4	168	0.197469
5	252	0.219386
6	336	0.232679
7	420	0.251213
8	504	0.267158
9	588	0.297131
10	672	0.313118
11	756	0.32582
12	840	0.361643
-----------------------
1	0	0.439145
-----------------------
1	0	0.0982332
2	0	0.135641
3	84	0.172138
4	168	0.193265
5	252	0.217406
6	336	0.284754
7	420	0.306913
8	504	0.326204
9	588	0.37425
10	672	0.391831
11	756	0.402047
12	840	0.433477
-----------------------
1	0	0.32687
2	84	0.351559
-----------------------
1	0	0.408948
-----------------------
1	0	0.304282
2	84	0.319815
-----------------------
1	0	0.392575
-----------------------
1	0	0.31675
2	84	0.339977
-----------------------
1	0	0.463075
-----------------------
1	0	0.386128
2	84	0.400925
3	168	0.412852
-----------------------
1	0	0.518949
2	84	0.533772
-----------------------
1	0	0.392325
2	84	0.412305
3	168	0.421626
-----------------------
1	0	0.414662
2	84	0.453479
3	168	0.477472
4	252	0.496163
-----------------------
1	0	0.383808
2	84	0.418642
3	168	0.435541
4	252	0.468023
5	336	0.496992
6	420	0.515454
7	504	0.534937
8	588	0.571467
9	672	0.596137
10	756	0.616212
11	840	0.630237
12	924	0.645352
-----------------------
1	0	0.0876399
2	0	0.137903
3	84	0.168566
4	168	0.200345
5	252	0.219538
6	336	0.239962
7	420	0.261543
8	504	0.304225
9	588	0.334654
10	672	0.361625
11	756	0.385235
12	840	0.405415
-----------------------
1	0	0.157288
2	84	0.193915
3	168	0.219021
4	252	0.241475
5	336	0.258691
6	420	0.281522
7	504	0.325237
8	588	0.356008
9	672	0.385006
10	756	0.404977
11	840	0.425025
12	924	0.453787
-----------------------
1	0	0.342423
2	84	0.3937
3	168	0.412009
4	252	0.430741
-----------------------
1	0	0.21377
2	84	0.259386
3	168	0.275535
4	252	0.291821
5	336	0.322042
6	420	0.352096
7	504	0.392991
8	588	0.418696
9	672	0.436153
10	756	0.455186
-----------------------
1	0	0.277124
2	84	0.303101
3	168	0.324399
-----------------------
1	0	0.127633
2	0	0.150538
3	84	0.193091
4	168	0.204988
5	252	0.23677
6	336	0.262431
7	420	0.286744
8	504	0.307833
9	588	0.32686
-----------------------
1	0	0.345914
2	84	0.376223
-----------------------
1	0	0.107291
2	0	0.128883
3	84	0.149362
4	168	0.168312
5	252	0.206981
6	336	0.214961
7	420	0.235736
8	504	0.26307
9	588	0.30609
10	672	0.337893
11	756	0.359689
12	840	0.375688
-----------------------
1	0	0.338987
2	84	0.350681
-----------------------
1	0	0.393856
-----------------------
1	0	0.348922
2	84	0.385366
-----------------------
1	0	0.292621
2	0	0.307757
3	84	0.327508
4	168	0.346554
5	252	0.371047
6	336	0.38833
7	420	0.406829
8	504	0.449943
9	588	0.465516
10	672	0.484949
11	756	0.495155
12	840	0.513057
-----------------------
1	0	0.398778
2	84	0.462153
-----------------------
1	0	0.192696
2	0	0.210968
3	84	0.267233
4	168	0.319707
5	252	0.343328
6	336	0.3698
7	420	0.394166
8	504	0.42928
9	588	0.456909
10	672	0.473569
11	756	0.490135
12	840	0.500994
-----------------------
1	0	0.271661
2	84	0.290758
-----------------------
1	0	0.122424
2	0	0.144587
3	84	0.173988
4	168	0.193739
5	252	0.214072
6	336	0.238932
7	420	0.258985
8	504	0.278387
9	588	0.290226
10	672	0.313006
11	756	0.322814
12	840	0.332099
-----------------------
1	0	0.498172
2	84	0.538011
-----------------------
1	0	0.142301
2	0	0.159739
3	84	0.182455
4	168	0.199331
5	252	0.226636
6	336	0.242597
7	420	0.272853
8	504	0.309353
9	588	0.321729
10	672	0.360201
11	756	0.377876
12	840	0.399531
-----------------------
1	0	0.351997
2	84	0.405158
-----------------------
1	0	0.120871
2	0	0.135088
3	84	0.171085
4	168	0.184606
5	252	0.207544
6	336	0.224293
7	420	0.240307
8	504	0.269453
9	588	0.310025
10	672	0.349929
11	756	0.371198
12	840	0.42609
-----------------------
1	0	0.318201
-----------------------
1	0	0.108063
2	0	0.140357
3	84	0.168791
4	168	0.186686
5	252	0.220258
6	336	0.240216
7	420	0.262943
8	504	0.291001
9	588	0.339024
10	672	0.378355
11	756	0.396365
12	840	0.423816
-----------------------
1	0	0.376825
2	84	0.423635
-----------------------
1	0	0.119428
2	0	0.15576
3	84	0.18022
4	168	0.188263
5	252	0.21086
6	336	0.241976
7	420	0.253591
8	504	0.279931
9	588	0.313514
10	672	0.340709
11	756	0.36719
12	840	0.385791
-----------------------
1	0	0.373947
-----------------------
1	0	0.0940557
2	0	0.130309
3	84	0.15059
4	168	0.166963
5	252	0.177028
6	336	0.200122
7	420	0.244149
8	504	0.267579
9	588	0.291949
10	672	0.316784
11	756	0.328228
12	840	0.343316
-----------------------
1	0	0.30541
2	84	0.357407
-----------------------
1	0	0.131377
2	0	0.140122
3	84	0.18813
4	168	0.217781
5	252	0.239708
6	336	0.264467
7	420	0.30566
8	504	0.342198
9	588	0.357846
10	672	0.373942
11	756	0.398193
12	840	0.413092
-----------------------
1	0	0.322544
-----------------------
1	0	0.0723789
2	0	0.129208
3	84	0.149544
4	168	0.173717
5	252	0.190596
6	336	0.201712
7	420	0.227826
8	504	0.253283
9	588	0.278815
10	672	0.30885
11	756	0.322719
12	840	0.340351
-----------------------
1	0	0.270758
-----------------------
1	0	0.0723753
2	0	0.0925238
3	84	0.133982
4	168	0.153417
5	252	0.176839
6	336	0.195115
7	420	0.224765
8	504	0.257901
9	588	0.301384
10	672	0.327622
11	756	0.346574
12	840	0.365993
-----------------------
1	0	0.261212
-----------------------
1	0	0.218267
2	84	0.257129
3	168	0.276663
4	252	0.291693
5	336	0.306519
6	420	0.336608
-----------------------
1	0	0.433414
-----------------------
1	0	0.341345
-----------------------
1	0	0.362701
-----------------------
1	0	0.460464
-----------------------
1	0	0.450806
2	84	0.463812
-----------------------
1	0	0.558912
-----------------------
1	0	0.5305
2	84	0.548097
3	168	0.559297
-----------------------
1	0	0.631726
-----------------------
1	0	0.532696
2	84	0.567632
3	168	0.619211
-----------------------
1	0	0.183556
2	0	0.226324
3	84	0.243213
4	168	0.299067
5	252	0.323704
6	336	0.358031
7	420	0.374422
8	504	0.38603
9	588	0.401513
10	672	0.425722
11	756	0.436671
12	840	0.446562
-----------------------
1	0	0.359851
2	84	0.392561
3	168	0.421789
-----------------------
1	0	0.182875
2	0	0.210707
3	84	0.236056
4	168	0.253502
5	252	0.280322
6	336	0.314553
7	420	0.333643
8	504	0.34425
9	588	0.36004
10	672	0.37061
11	756	0.380729
12	840	0.396411
-----------------------
1	0	0.334477
2	84	0.370047
3	168	0.405483
-----------------------
1	0	0.170252
2	0	0.195766
3	84	0.228239
4	168	0.255614
5	252	0.274451
6	336	0.300541
7	420	0.328139
8	504	0.351808
9	588	0.375265
-----------------------
1	0	0.082546
-----------------------
1	0	0.33852
2	84	0.350104
-----------------------
1	0	0.513194
2	84	0.54317
-----------------------
1	0	0.557288
2	0	0.594198
3	84	0.662014
4	168	0.685539
5	252	0.728647
6	336	0.763032
7	420	0.83331
8	504	0.867134
9	588	0.911612
10	672	0.934433
11	756	0.965807
12	840	0.99324
-----------------------
1	0	0.0765413
-----------------------
1	0	0.264678
2	84	0.290622
3	168	0.309283
4	252	0.336604
5	336	0.354492
6	420	0.370661
7	504	0.38551
8	588	0.407991
9	672	0.422236
10	756	0.44336
11	840	0.463942
12	924	0.481771
-----------------------
1	0	0.288391
2	84	0.30541
-----------------------
1	0	0.476671
2	0	0.514204
3	84	0.573407
4	168	0.600936
5	252	0.624593
6	336	0.648487
7	420	0.669155
8	504	0.695504
9	588	0.765471
10	672	0.79605
11	756	0.835879
12	840	0.858878
-----------------------
1	0	0.301452
2	84	0.357521
3	168	0.405456
4	252	0.432502
5	336	0.467632
6	420	0.497585
7	504	0.522269
8	588	0.568469
9	672	0.591053
10	756	0.611854
11	840	0.63369
12	924	0.652829
-----------------------
1	0	0.13652
2	0	0.148908
1	0	0.22437
3	84	0.182977
2	84	0.238776
4	168	0.20381
3	168	0.24547
-----------------------
4	252	0.25171
5	336	0.257305
-----------------------
1	0	0.216812
2	84	0.254461
3	168	0.283133
4	252	0.303591
5	336	0.327501
6	420	0.350726
7	504	0.390518
8	588	0.417952
9	672	0.456842
10	756	0.481956
-----------------------
1	0	0.395154
2	84	0.439262
3	168	0.465472
4	252	0.480064
-----------------------
1	0	0.315005
2	84	0.344538
-----------------------
1	0	0.1871
2	84	0.224975
3	168	0.247124
4	252	0.257479
5	336	0.274694
6	420	0.292606
7	504	0.324694
8	588	0.342416
9	672	0.35819
10	756	0.385662
11	840	0.411618
12	924	0.426162
-----------------------
1	0	0.367773
-----------------------
1	0	0.0932972
2	0	0.113758
3	84	0.153147
4	168	0.195677
5	252	0.234134
6	336	0.270286
7	420	0.310553
8	504	0.336564
9	588	0.364991
10	672	0.38609
11	756	0.399188
12	840	0.409663
-----------------------
1	0	0.406185
-----------------------
1	0	0.271394
2	84	0.297448
3	168	0.312549
4	252	0.332743
5	336	0.345515
6	420	0.360318
7	504	0.369219
8	588	0.380764
9	672	0.393637
-----------------------
1	0	0.383054
-----------------------
1	0	0.099807
2	0	0.10969
3	84	0.182288
4	168	0.216037
5	252	0.248104
6	336	0.26484
7	420	0.28327
8	504	0.309866
9	588	0.334276
10	672	0.359084
11	756	0.369564
12	840	0.401785
-----------------------
1	0	0.372945
-----------------------
1	0	0.113744
2	0	0.152936
3	84	0.172645
4	168	0.191354
5	252	0.211909
6	336	0.227789
7	420	0.245726
8	504	0.263775
9	588	0.287819
10	672	0.319251
11	756	0.338599
12	840	0.348269
-----------------------
1	0	0.333441
-----------------------
1	0	0.104464
2	0	0.146376
3	84	0.16479
4	168	0.187845
5	252	0.2095
6	336	0.221571
7	420	0.241089
8	504	0.261701
9	588	0.306284
10	672	0.330726
11	756	0.35415
12	840	0.380567
-----------------------
1	0	0.318636
-----------------------
1	0	0.0811347
2	0	0.0915434
3	84	0.118756
4	168	0.153944
5	252	0.183504
6	336	0.199926
7	420	0.213585
8	504	0.245227
9	588	0.263392
10	672	0.282282
11	756	0.306666
12	840	0.338472
-----------------------
1	0	0.399981
-----------------------
1	0	0.11003
2	0	0.14386
3	84	0.171543
4	168	0.195231
5	252	0.228836
6	336	0.244518
7	420	0.278257
8	504	0.30027
9	588	0.321129
10	672	0.339689
11	756	0.355789
12	840	0.381217
-----------------------
1	0	0.0868336
2	0	0.114555
3	84	0.135045
4	168	0.144033
-----------------------
1	0	0.384831
-----------------------
1	0	0.434447
2	84	0.466208
-----------------------
1	0	0.408157
2	0	0.414516
3	84	0.451307
4	168	0.46616
5	252	0.492663
6	336	0.521356
7	420	0.569604
8	504	0.602647
9	588	0.652174
10	672	0.66985
11	756	0.681356
12	840	0.703587
-----------------------
1	0	0.131929
2	0	0.159644
3	84	0.239961
4	168	0.273429
5	252	0.291944
6	336	0.325946
7	420	0.346258
8	504	0.378974
9	588	0.417757
10	672	0.460062
11	756	0.482824
12	840	0.505699
-----------------------
1	0	0.233463
2	84	0.271561
3	168	0.31852
4	252	0.3626
5	336	0.378189
6	420	0.405882
7	504	0.438242
8	588	0.481642
9	672	0.507941
10	756	0.530474
11	840	0.549041
12	924	0.562212
-----------------------
1	0	0.407706
-----------------------
1	0	0.383675
2	84	0.410763
3	168	0.421236
4	252	0.4339
5	336	0.464719
-----------------------
1	0	0.419731
-----------------------
1	0	0.189125
2	84	0.217877
3	168	0.243054
4	252	0.267458
5	336	0.277687
6	420	0.304538
7	504	0.32102
8	588	0.350174
9	672	0.364744
10	756	0.376555
11	840	0.386668
12	924	0.39882
-----------------------
1	0	0.199713
2	84	0.227343
3	168	0.259967
4	252	0.282032
5	336	0.307609
6	420	0.325062
7	504	0.344543
8	588	0.372558
9	672	0.388032
10	756	0.40919
11	840	0.444955
12	924	0.470428
-----------------------
1	0	0.186932
2	0	0.198523
3	84	0.228716
4	168	0.245648
5	252	0.265273
6	336	0.280103
7	420	0.306963
8	504	0.333172
9	588	0.379082
10	672	0.399772
11	756	0.412863
12	840	0.440588
-----------------------
1	0	0.368961
2	84	0.378107
3	168	0.407306
4	252	0.431851
5	336	0.46216
-----------------------
1	0	0.166889
2	84	0.205864
3	168	0.213529
4	252	0.270795
5	336	0.27978
6	420	0.32715
7	504	0.342861
8	588	0.370476
9	672	0.400108
10	756	0.43493
11	840	0.456966
12	924	0.484861
-----------------------
1	0	0.242376
-----------------------
1	0	0.222908
2	84	0.260645
3	168	0.281337
4	252	0.314513
5	336	0.330338
6	420	0.344524
7	504	0.356554
8	588	0.380156
9	672	0.395447
10	756	0.411183
11	840	0.425459
12	924	0.446193
-----------------------
1	0	0.336031
-----------------------
1	0	0.103402
2	0	0.124924
3	84	0.149212
4	168	0.162174
5	252	0.178345
6	336	0.196699
7	420	0.227808
8	504	0.248523
9	588	0.267016
10	672	0.283091
11	756	0.319506
12	840	0.332929
-----------------------
1	0	0.35514
-----------------------
1	0	0.171293
2	0	0.189069
3	84	0.22867
4	168	0.255356
5	252	0.290856
6	336	0.306912
7	420	0.329841
8	504	0.352332
9	588	0.365603
10	672	0.377338
11	756	0.39054
12	840	0.431197
-----------------------
1	0	0.34372
2	84	0.361012
-----------------------
1	0	0.297221
-----------------------
1	0	0.144731
2	0	0.162953
3	84	0.179762
4	168	0.200354
5	252	0.222842
6	336	0.239061
7	420	0.253532
8	504	0.274231
9	588	0.306149
10	672	0.325237
11	756	0.336889
12	840	0.355545
-----------------------
1	0	0.0907618
-----------------------
1	0	0.463712
-----------------------
1	0	0.605046
-----------------------
1	0	0.207934
2	0	0.215241
3	84	0.23288
4	168	0.252573
5	252	0.273396
6	336	0.293552
7	420	0.327136
8	504	0.375442
9	588	0.397918
10	672	0.410547
11	756	0.429473
12	840	0.441597
-----------------------
1	0	0.164951
2	0	0.17115
3	84	0.188605
4	168	0.198073
5	252	0.239211
6	336	0.258029
7	420	0.280645
8	504	0.326338
9	588	0.376014
10	672	0.402799
11	756	0.435622
12	840	0.466415
-----------------------
1	0	0.300723
2	0	0.327257
3	84	0.348826
4	168	0.368025
5	252	0.422515
6	336	0.467672
7	420	0.491166
8	504	0.52952
9	588	0.558281
10	672	0.586106
11	756	0.598315
12	840	0.667259
-----------------------
1	0	0.119066
-----------------------
1	0	0.0828305
2	0	0.110884
3	84	0.151275
4	168	0.168263
5	252	0.199635
6	336	0.216086
7	420	0.236926
8	504	0.259662
9	588	0.309322
10	672	0.346792
11	756	0.376765
12	840	0.388856
-----------------------
1	0	0.360136
-----------------------
1	0	0.0914399
2	0	0.103647
3	84	0.130495
4	168	0.152068
5	252	0.171845
6	336	0.19142
7	420	0.212218
8	504	0.228297
9	588	0.265245
10	672	0.301711
11	756	0.323597
12	840	0.351016
-----------------------
1	0	0.294728
2	84	0.315727
-----------------------
1	0	0.654592
-----------------------
1	0	0.279794
2	0	0.292427
3	84	0.33991
4	168	0.350021
5	252	0.392187
6	336	0.411732
7	420	0.435868
8	504	0.458382
9	588	0.482659
10	672	0.496849
11	756	0.510546
12	840	0.528922
-----------------------
1	0	0.36847
-----------------------
1	0	0.200231
2	0	0.241986
3	84	0.272297
4	168	0.294154
5	252	0.321046
6	336	0.347072
7	420	0.375576
8	504	0.386579
9	588	0.403357
10	672	0.414324
11	756	0.427514
12	840	0.44031
-----------------------
1	0	0.323531
-----------------------
1	0	0.0846979
2	0	0.113498
3	84	0.146798
4	168	0.182077
5	252	0.214362
6	336	0.244817
7	420	0.270468
8	504	0.302396
9	588	0.337342
10	672	0.347952
11	756	0.359925
12	840	0.369563
-----------------------
1	0	0.409992
-----------------------
1	0	0.290731
-----------------------
1	0	0.157353
2	0	0.182576
3	84	0.23801
4	168	0.262848
5	252	0.293244
6	336	0.326936
7	420	0.34768
8	504	0.367466
9	588	0.383636
10	672	0.41789
11	756	0.429553
12	840	0.457203
-----------------------
1	0	0.236162
-----------------------
1	0	0.0844722
2	0	0.114424
3	84	0.145057
4	168	0.188905
5	252	0.218236
6	336	0.255187
7	420	0.284082
8	504	0.309095
9	588	0.345053
10	672	0.357119
11	756	0.367471
12	840	0.37977
-----------------------
1	0	0.135254
2	0	0.167521
3	84	0.216077
4	168	0.254536
5	252	0.296373
6	336	0.316922
7	420	0.368944
8	504	0.398961
9	588	0.421936
10	672	0.443834
11	756	0.46154
12	840	0.479292
-----------------------
1	0	0.542218
2	84	0.557903
3	168	0.594219
4	252	0.612604
5	336	0.632761
6	420	0.661579
7	504	0.692059
8	588	0.714407
9	672	0.738267
10	756	0.765072
11	840	0.782626
12	924	0.803971
-----------------------
1	0	0.42089
-----------------------
1	0	0.38037
2	84	0.410726
3	168	0.436181
4	252	0.445663
5	336	0.459767
-----------------------
1	0	0.192834
2	0	0.231753
3	84	0.264869
4	168	0.302319
5	252	0.317479
6	336	0.325999
7	420	0.361928
8	504	0.391579
9	588	0.453388
10	672	0.480431
11	756	0.494702
12	840	0.506043
-----------------------
1	0	0.22295
2	84	0.245633
3	168	0.306485
4	252	0.334538
5	336	0.352806
6	420	0.367665
7	504	0.38318
8	588	0.426151
9	672	0.459562
10	756	0.476533
11	840	0.489616
12	924	0.504094
-----------------------
1	0	0.0798462
2	0	0.0924164
3	84	0.112185
4	168	0.143084
-----------------------
1	0	0.289613
-----------------------
1	0	0.225376
-----------------------
1	0	0.362315
2	84	0.388672
3	168	0.429409
4	252	0.450376
5	336	0.480731
6	420	0.524668
7	504	0.535209
8	588	0.582687
9	672	0.605711
10	756	0.634437
11	840	0.653083
12	924	0.670909
-----------------------
1	0	0.39642
2	84	0.420585
-----------------------
1	0	0.0733614
2	0	0.0928736
-----------------------
1	0	0.309337
-----------------------
1	0	0.51082
2	0	0.524829
3	84	0.54496
4	168	0.577242
-----------------------
1	0	0.394949
2	84	0.42592
3	168	0.456097
4	252	0.481288
-----------------------
1	0	0.354783
2	0	0.362055
3	84	0.401522
4	168	0.420985
5	252	0.44707
6	336	0.462844
7	420	0.508007
8	504	0.532377
-----------------------
1	0	0.374704
2	84	0.406473
3	168	0.431011
-----------------------
1	0	0.166494
2	0	0.177845
3	84	0.196534
4	168	0.218836
5	252	0.246761
6	336	0.270949
7	420	0.313234
8	504	0.335366
9	588	0.35908
-----------------------
1	0	0.293907
2	84	0.313418
3	168	0.34039
-----------------------
1	0	0.352083
2	84	0.365909
-----------------------
1	0	0.158793
2	84	0.190356
3	168	0.219066
4	252	0.238619
5	336	0.249001
6	420	0.281623
7	504	0.312144
8	588	0.376909
9	672	0.399409
10	756	0.415655
11	840	0.431751
12	924	0.47405
-----------------------
1	0	0.409414
2	84	0.422464
-----------------------
1	0	0.16281
2	84	0.186648
3	168	0.208966
4	252	0.250861
5	336	0.271815
6	420	0.299225
7	504	0.330611
8	588	0.356724
9	672	0.375114
10	756	0.389293
11	840	0.401304
12	924	0.419107
-----------------------
1	0	0.160238
2	0	0.180531
3	84	0.230099
4	168	0.283019
5	252	0.306657
6	336	0.328485
7	420	0.351496
8	504	0.371129
9	588	0.393007
10	672	0.412595
11	756	0.429052
12	840	0.464797
-----------------------
1	0	0.180212
2	84	0.23966
3	168	0.252573
4	252	0.267746
5	336	0.350354
6	420	0.369931
7	504	0.388013
8	588	0.423329
9	672	0.440462
10	756	0.46982
11	840	0.50389
12	924	0.519044
-----------------------
1	0	0.154917
2	84	0.167197
3	168	0.184895
4	252	0.199317
5	336	0.20988
6	420	0.231512
7	504	0.281452
8	588	0.293093
9	672	0.304803
10	756	0.313608
-----------------------
1	0	0.302785
2	84	0.351967
3	168	0.364382
4	252	0.377496
5	336	0.38661
-----------------------
1	0	0.198112
2	84	0.228429
3	168	0.241431
4	252	0.251491
5	336	0.259233
-----------------------
1	0	0.285688
2	84	0.299444
-----------------------
1	0	0.320109
2	84	0.350311
3	168	0.361156
-----------------------
1	0	0.284303
2	84	0.303361
3	168	0.349174
4	252	0.412606
5	336	0.441929
6	420	0.45458
7	504	0.479122
8	588	0.496823
9	672	0.508188
10	756	0.517972
11	840	0.546181
12	924	0.56226
-----------------------
1	0	0.315477
2	84	0.333267
-----------------------
1	0	0.36461
2	84	0.390473
3	168	0.418935
4	252	0.439985
-----------------------
1	0	0.214644
2	84	0.232979
3	168	0.248437
4	252	0.266999
5	336	0.286163
6	420	0.309312
7	504	0.336349
8	588	0.356385
9	672	0.388722
10	756	0.409153
11	840	0.427784
12	924	0.439655
-----------------------
1	0	0.193684
2	84	0.251239
3	168	0.273921
4	252	0.295691
5	336	0.312359
6	420	0.341104
7	504	0.362508
8	588	0.394008
9	672	0.42352
10	756	0.443174
11	840	0.470377
12	924	0.493609
-----------------------
1	0	0.207754
2	0	0.246117
3	84	0.265722
4	168	0.284377
5	252	0.303097
6	336	0.332403
7	420	0.355779
8	504	0.393172
9	588	0.413811
10	672	0.437924
11	756	0.463567
12	840	0.484213
-----------------------
1	0	0.201529
2	84	0.212881
3	168	0.228807
4	252	0.256976
5	336	0.27403
6	420	0.29104
7	504	0.316439
8	588	0.333372
9	672	0.350129
10	756	0.360543
11	840	0.370227
12	924	0.400725
-----------------------
1	0	0.40301
2	84	0.451493
-----------------------
1	0	0.244131
-----------------------
1	0	0.108784
2	0	0.151399
3	84	0.168599
4	168	0.193434
5	252	0.207018
6	336	0.218364
7	420	0.227057
8	504	0.237576
9	588	0.25608
10	672	0.283191
11	756	0.300365
12	840	0.322904
-----------------------
1	0	0.324897
-----------------------
1	0	0.102187
2	0	0.119846
3	84	0.163424
4	168	0.214159
5	252	0.236194
6	336	0.272467
7	420	0.295408
8	504	0.316516
9	588	0.337261
10	672	0.363472
11	756	0.391871
12	840	0.40598
-----------------------
1	0	0.391516
-----------------------
1	0	0.127338
2	0	0.137302
3	84	0.165444
4	168	0.191752
5	252	0.21765
6	336	0.231394
7	420	0.266234
8	504	0.294275
9	588	0.315619
10	672	0.367917
11	756	0.395539
12	840	0.414626
-----------------------
1	0	0.297651
-----------------------
1	0	0.0803872
2	0	0.0948625
3	84	0.139383
4	168	0.166258
5	252	0.187789
6	336	0.238338
7	420	0.261634
8	504	0.304431
9	588	0.33706
10	672	0.347711
11	756	0.357926
12	840	0.377345
-----------------------
1	0	0.379345
-----------------------
1	0	0.290727
2	84	0.301613
-----------------------
1	0	0.300624
-----------------------
1	0	0.317744
2	0	0.361052
3	84	0.377718
4	168	0.403492
5	252	0.440017
6	336	0.454127
7	420	0.487116
8	504	0.506162
9	588	0.519738
10	672	0.533199
11	756	0.54764
12	840	0.559094
-----------------------
1	0	0.532224
-----------------------
1	0	0.136453
2	0	0.150894
3	84	0.19493
4	168	0.206177
5	252	0.219064
6	336	0.257185
7	420	0.274425
8	504	0.315009
9	588	0.330974
10	672	0.341162
11	756	0.351853
12	840	0.36311
-----------------------
1	0	0.369926
-----------------------
1	0	0.0921714
2	0	0.103895
3	84	0.161841
4	168	0.182187
5	252	0.228656
6	336	0.265346
7	420	0.294091
8	504	0.318137
9	588	0.353074
10	672	0.368234
11	756	0.381641
12	840	0.392256
-----------------------
1	0	0.363615
-----------------------
1	0	0.104119
2	0	0.115972
3	84	0.140727
4	168	0.162315
5	252	0.200535
6	336	0.213873
7	420	0.231026
8	504	0.257021
9	588	0.276423
10	672	0.296493
11	756	0.323901
12	840	0.334175
-----------------------
1	0	0.334678
-----------------------
1	0	0.299282
2	84	0.316101
3	168	0.324645
-----------------------
1	0	0.367409
-----------------------
1	0	0.163111
2	0	0.170098
3	84	0.223241
4	168	0.250216
5	252	0.275106
6	336	0.29069
7	420	0.309556
8	504	0.341382
9	588	0.363102
10	672	0.385651
11	756	0.413164
12	840	0.423085
-----------------------
1	0	0.336527
-----------------------
1	0	0.11732
2	0	0.136524
3	84	0.172096
4	168	0.186285
5	252	0.207296
6	336	0.234132
7	420	0.252926
8	504	0.268939
9	588	0.298574
10	672	0.317158
11	756	0.32696
12	840	0.378636
-----------------------
1	0	0.392291
-----------------------
1	0	0.374529
2	84	0.396673
3	168	0.40546
4	252	0.413836
-----------------------
1	0	0.100073
2	0	0.105995
3	84	0.14617
4	168	0.204459
5	252	0.238886
6	336	0.260461
7	420	0.29512
8	504	0.329583
9	588	0.358792
10	672	0.375489
11	756	0.40171
12	840	0.418042
-----------------------
1	0	0.285621
2	84	0.323615
3	168	0.346247
4	252	0.382716
5	336	0.408078
6	420	0.441609
7	504	0.466427
8	588	0.490943
9	672	0.507364
10	756	0.525798
11	840	0.541113
12	924	0.589126
-----------------------
1	0	0.384846
2	84	0.406551
3	168	0.429428
-----------------------
1	0	0.161184
2	84	0.170506
3	168	0.192203
4	252	0.21069
5	336	0.231051
6	420	0.240298
7	504	0.250013
8	588	0.286907
9	672	0.301613
10	756	0.314051
11	840	0.345865
12	924	0.358396
-----------------------
1	0	0.154914
2	84	0.181607
3	168	0.197812
4	252	0.225653
5	336	0.252557
6	420	0.282954
7	504	0.315495
8	588	0.342812
9	672	0.35596
10	756	0.405662
11	840	0.435169
12	924	0.461353
-----------------------
1	0	0.448596
2	84	0.46786
-----------------------
1	0	0.349027
-----------------------
1	0	0.174473
2	84	0.219239
3	168	0.234812
4	252	0.269765
5	336	0.286971
6	420	0.297039
7	504	0.308706
8	588	0.333314
9	672	0.345813
10	756	0.36165
11	840	0.374438
12	924	0.388573
-----------------------
1	0	0.386088
-----------------------
1	0	0.159413
2	84	0.19076
3	168	0.219776
4	252	0.231775
5	336	0.25012
6	420	0.268236
7	504	0.307228
8	588	0.353121
9	672	0.38055
10	756	0.404231
11	840	0.418527
12	924	0.469861
-----------------------
1	0	0.385569
-----------------------
1	0	0.0868041
2	0	0.141784
3	84	0.15832
4	168	0.186135
5	252	0.214713
6	336	0.234934
7	420	0.257079
8	504	0.272572
9	588	0.306357
10	672	0.328257
11	756	0.344365
12	840	0.36018
-----------------------
1	0	0.405833
-----------------------
1	0	0.0717385
2	0	0.10578
3	84	0.158155
4	168	0.181967
5	252	0.214258
6	336	0.237316
7	420	0.272483
8	504	0.296733
9	588	0.319722
10	672	0.338113
11	756	0.355514
12	840	0.380992
-----------------------
1	0	0.101589
2	0	0.109381
3	84	0.133329
4	168	0.165536
5	252	0.204772
6	336	0.241416
7	420	0.268206
8	504	0.304182
9	588	0.337002
10	672	0.379952
11	756	0.407973
12	840	0.436523
-----------------------
1	0	0.316432
2	0	0.348306
3	84	0.394455
4	168	0.41908
5	252	0.449724
6	336	0.472101
7	420	0.4852
8	504	0.52976
9	588	0.565732
10	672	0.583392
11	756	0.603972
12	840	0.640826
-----------------------
1	0	0.102709
2	0	0.119683
3	84	0.163995
4	168	0.198494
5	252	0.248449
6	336	0.284105
7	420	0.30039
8	504	0.323785
9	588	0.351328
10	672	0.375859
11	756	0.417595
12	840	0.440949
-----------------------
1	0	0.317675
2	84	0.344967
-----------------------
1	0	0.125894
2	0	0.142803
3	84	0.190299
4	168	0.225256
5	252	0.241709
6	336	0.27448
7	420	0.292605
8	504	0.31641
9	588	0.332718
10	672	0.356543
11	756	0.369103
12	840	0.379544
-----------------------
1	0	0.436089
-----------------------
1	0	0.177502
2	0	0.190461
3	84	0.217249
4	168	0.261476
5	252	0.282508
6	336	0.330468
7	420	0.342969
8	504	0.361085
9	588	0.384536
10	672	0.402343
11	756	0.413134
12	840	0.433759
-----------------------
1	0	0.444984
2	84	0.474216
-----------------------
1	0	0.0822479
2	0	0.0884755
3	84	0.118129
4	168	0.133274
5	252	0.162632
6	336	0.187068
7	420	0.207018
8	504	0.233094
9	588	0.259654
10	672	0.295321
11	756	0.322542
12	840	0.34531
-----------------------
1	0	0.319561
-----------------------
1	0	0.0712866
2	0	0.0885199
3	84	0.115209
4	168	0.144501
5	252	0.155553
6	336	0.17391
7	420	0.202271
8	504	0.241825
9	588	0.302823
10	672	0.326869
11	756	0.340763
12	840	0.357457
-----------------------
1	0	0.294166
-----------------------
1	0	0.0852985
2	0	0.108968
3	84	0.137276
4	168	0.154902
5	252	0.171321
6	336	0.180027
7	420	0.195031
8	504	0.205099
9	588	0.226557
10	672	0.242023
11	756	0.253519
12	840	0.262313
-----------------------
1	0	0.350791
-----------------------
1	0	0.156055
2	0	0.162937
3	84	0.181407
4	168	0.203904
5	252	0.233711
6	336	0.252457
7	420	0.272532
8	504	0.291306
9	588	0.306833
10	672	0.334089
11	756	0.351168
12	840	0.368736
-----------------------
1	0	0.310714
-----------------------
1	0	0.122031
2	0	0.174579
3	84	0.214875
4	168	0.223309
5	252	0.247295
6	336	0.273578
7	420	0.289598
8	504	0.324462
9	588	0.339654
10	672	0.354824
11	756	0.368631
12	840	0.379864
-----------------------
1	0	0.353804
-----------------------
1	0	0.147734
2	0	0.16745
3	84	0.200702
4	168	0.216991
5	252	0.245575
6	336	0.260451
7	420	0.269404
8	504	0.293139
9	588	0.321183
10	672	0.339009
11	756	0.349264
12	840	0.364848
-----------------------
1	0	0.0837282
2	0	0.136239
3	84	0.15205
4	168	0.178599
5	252	0.206828
6	336	0.223291
7	420	0.232874
8	504	0.257331
9	588	0.280881
10	672	0.293564
11	756	0.307436
12	840	0.317936
-----------------------
1	0	0.506488
2	84	0.525781
-----------------------
1	0	0.165618
2	0	0.189998
3	84	0.22193
4	168	0.256917
5	252	0.305398
6	336	0.338973
7	420	0.362853
8	504	0.388573
9	588	0.40603
10	672	0.420074
11	756	0.43746
12	840	0.451294
-----------------------
1	0	0.356807
-----------------------
1	0	0.0860587
2	0	0.127518
3	84	0.142834
4	168	0.163578
5	252	0.198644
6	336	0.228175
7	420	0.26731
8	504	0.288404
9	588	0.317203
10	672	0.330171
11	756	0.343169
12	840	0.35696
-----------------------
1	0	0.32528
2	84	0.339584
-----------------------
1	0	0.141976
2	0	0.17572
3	84	0.18478
4	168	0.211297
5	252	0.258873
6	336	0.267061
7	420	0.276761
8	504	0.29974
9	588	0.320652
10	672	0.380191
11	756	0.406328
12	840	0.423785
-----------------------
1	0	0.243507
2	84	0.263764
3	168	0.283594
4	252	0.326026
5	336	0.374533
6	420	0.395126
7	504	0.416711
8	588	0.452577
9	672	0.491835
10	756	0.507536
11	840	0.52437
12	924	0.54184
-----------------------
1	0	0.0963754
2	0	0.113374
3	84	0.129692
4	168	0.178678
5	252	0.196312
6	336	0.213962
7	420	0.229665
8	504	0.246134
9	588	0.264199
10	672	0.284152
11	756	0.296329
12	840	0.308548
-----------------------
1	0	0.355207
2	84	0.400439
-----------------------
1	0	0.192611
2	0	0.218385
3	84	0.240857
4	168	0.268794
5	252	0.306304
6	336	0.330025
7	420	0.384966
8	504	0.414352
9	588	0.4415
10	672	0.452467
11	756	0.464103
12	840	0.47873
-----------------------
1	0	0.231276
-----------------------
1	0	0.0827619
2	0	0.0875243
3	84	0.108189
4	168	0.123075
5	252	0.15103
6	336	0.172102
7	420	0.195406
8	504	0.233345
9	588	0.287128
10	672	0.305903
11	756	0.324805
12	840	0.336984
-----------------------
1	0	0.387161
2	84	0.411856
3	168	0.426023
-----------------------
1	0	0.338964
-----------------------
1	0	0.205566
2	0	0.215654
3	84	0.237341
4	168	0.279814
5	252	0.304909
6	336	0.325942
7	420	0.337291
8	504	0.357858
9	588	0.394819
10	672	0.433287
11	756	0.469217
12	840	0.48544
-----------------------
1	0	0.328698
2	84	0.370075
-----------------------
1	0	0.0871043
2	0	0.144057
3	84	0.153046
4	168	0.16215
5	252	0.185624
6	336	0.221723
7	420	0.238384
8	504	0.266804
9	588	0.320942
10	672	0.342152
11	756	0.358976
12	840	0.397688
-----------------------
1	0	0.100527
-----------------------
1	0	0.317995
-----------------------
1	0	0.490491
-----------------------
1	0	0.428767
2	84	0.45182
-----------------------
1	0	0.309735
2	84	0.321387
-----------------------
1	0	0.508741
-----------------------
1	0	0.462305
2	84	0.480917
3	168	0.494981
4	252	0.509299
-----------------------
1	0	0.582177
2	0	0.58821
3	84	0.614086
4	168	0.673892
5	252	0.731278
6	336	0.763249
7	420	0.779524
8	504	0.797358
9	588	0.828416
10	672	0.852828
11	756	0.872467
12	840	0.89607
-----------------------
1	0	0.254893
2	84	0.294305
3	168	0.33975
4	252	0.376316
5	336	0.397714
6	420	0.413652
7	504	0.442908
8	588	0.469809
9	672	0.48996
10	756	0.512109
11	840	0.533378
12	924	0.546067
-----------------------
1	0	1.00338
2	0	1.0169
3	84	1.03235
4	168	1.0528
5	252	1.07848
6	336	1.09773
7	420	1.12639
8	504	1.13969
9	588	1.16941
10	672	1.20083
11	756	1.25565
12	840	1.28423
-----------------------
1	0	1.16581
2	84	1.22249
3	168	1.25811
4	252	1.28991
5	336	1.30911
6	420	1.34646
7	504	1.35576
8	588	1.36801
9	672	1.37761
-----------------------
1	0	0.297245
-----------------------
1	0	0.288959
2	84	0.329854
3	168	0.34131
4	252	0.349585
-----------------------
1	0	0.170794
-----------------------
1	0	0.412329
2	84	0.444583
3	168	0.455819
4	252	0.46812
-----------------------
1	0	0.574485
-----------------------
1	0	0.24819
2	84	0.265105
3	168	0.286121
4	252	0.314244
5	336	0.335645
6	420	0.35708
7	504	0.378551
8	588	0.399255
9	672	0.411246
10	756	0.424714
11	840	0.438015
12	924	0.449216
-----------------------
1	0	0.587117
-----------------------
1	0	0.195504
2	84	0.263072
3	168	0.28439
4	252	0.298703
5	336	0.33679
6	420	0.405194
7	504	0.418486
8	588	0.430126
9	672	0.450041
-----------------------
1	0	0.338801
2	84	0.366176
3	168	0.378205
-----------------------
1	0	0.568052
-----------------------
1	0	0.111177
2	0	0.119546
3	84	0.168607
4	168	0.182784
5	252	0.209678
6	336	0.224526
7	420	0.250679
8	504	0.284958
9	588	0.309946
10	672	0.335595
11	756	0.346879
12	840	0.360378
-----------------------
1	0	0.442701
-----------------------
1	0	0.140224
2	0	0.151674
3	84	0.171967
4	168	0.232582
5	252	0.271137
6	336	0.288211
7	420	0.31
8	504	0.323677
9	588	0.338772
10	672	0.35977
11	756	0.384523
12	840	0.404294
-----------------------
1	0	0.40247
-----------------------
1	0	0.234535
-----------------------
1	0	0.194695
2	0	0.226304
3	84	0.266927
4	168	0.28384
5	252	0.307715
6	336	0.32835
7	420	0.358487
8	504	0.381715
9	588	0.420831
10	672	0.435563
11	756	0.454488
12	840	0.466946
-----------------------
1	0	0.150407
2	0	0.158839
3	84	0.184774
4	168	0.206991
5	252	0.247841
6	336	0.26126
7	420	0.280018
8	504	0.292057
9	588	0.305875
10	672	0.319065
11	756	0.328993
12	840	0.340951
-----------------------
1	0	0.662754
-----------------------
1	0	0.0890604
2	0	0.102458
3	84	0.123587
4	168	0.144746
5	252	0.159435
6	336	0.178156
7	420	0.194593
8	504	0.216712
9	588	0.260862
10	672	0.311185
11	756	0.345089
12	840	0.376863
-----------------------
1	0	0.302622
-----------------------
1	0	0.0962253
2	0	0.121682
3	84	0.149955
4	168	0.169856
5	252	0.198972
6	336	0.216714
7	420	0.265085
8	504	0.281878
9	588	0.298596
10	672	0.316974
11	756	0.335603
12	840	0.35924
-----------------------
1	0	0.321043
-----------------------
1	0	0.0771648
2	0	0.083083
3	84	0.112531
4	168	0.133979
5	252	0.151052
6	336	0.168293
7	420	0.192795
8	504	0.208869
9	588	0.255374
10	672	0.26664
11	756	0.27736
12	840	0.287105
-----------------------
1	0	0.333341
-----------------------
1	0	0.0815405
2	0	0.126363
3	84	0.152253
4	168	0.164023
5	252	0.175629
6	336	0.185694
7	420	0.200848
8	504	0.229046
9	588	0.258957
10	672	0.289999
11	756	0.318621
12	840	0.338026
-----------------------
1	0	0.337894
-----------------------
1	0	0.079535
2	0	0.119373
3	84	0.131767
4	168	0.152098
5	252	0.170533
6	336	0.178846
7	420	0.196553
8	504	0.217734
9	588	0.234645
10	672	0.246812
11	756	0.264064
12	840	0.277114
-----------------------
1	0	0.347333
-----------------------
1	0	0.125542
2	0	0.170016
3	84	0.217842
4	168	0.23806
5	252	0.260077
6	336	0.289191
7	420	0.309691
8	504	0.330677
9	588	0.362431
10	672	0.378505
11	756	0.393345
12	840	0.410651
-----------------------
1	0	0.318915
-----------------------
1	0	0.110515
2	0	0.123681
3	84	0.143796
4	168	0.159936
5	252	0.182956
6	336	0.203655
7	420	0.216344
8	504	0.229558
9	588	0.256277
10	672	0.295915
11	756	0.322932
12	840	0.335241
-----------------------
1	0	0.171556
2	0	0.187267
3	84	0.216094
4	168	0.234106
5	252	0.263442
6	336	0.276654
7	420	0.287084
8	504	0.300616
9	588	0.313672
-----------------------
1	0	0.418652
-----------------------
1	0	0.465645
-----------------------
1	0	0.199067
2	0	0.249176
3	84	0.322318
4	168	0.349872
5	252	0.363574
6	336	0.393649
7	420	0.429867
8	504	0.454728
9	588	0.479254
10	672	0.496742
11	756	0.522632
12	840	0.542443
-----------------------
1	0	0.393321
-----------------------
1	0	0.110772
2	0	0.1478
3	84	0.159614
4	168	0.204287
5	252	0.236718
6	336	0.272116
7	420	0.29664
8	504	0.311594
9	588	0.340011
10	672	0.38194
11	756	0.400467
12	840	0.413685
-----------------------
1	0	0.330198
-----------------------
1	0	0.0996413
2	0	0.115304
3	84	0.15989
4	168	0.184451
5	252	0.217095
6	336	0.24408
7	420	0.270183
8	504	0.292875
9	588	0.311791
10	672	0.333712
11	756	0.363086
12	840	0.376129
-----------------------
1	0	0.312338
-----------------------
1	0	0.083792
2	0	0.0963291
3	84	0.157719
4	168	0.175906
5	252	0.189331
6	336	0.204245
7	420	0.219977
8	504	0.238129
9	588	0.266732
10	672	0.284716
11	756	0.294882
12	840	0.304585
-----------------------
1	0	0.3486
-----------------------
1	0	0.0999926
2	0	0.115381
3	84	0.149849
4	168	0.1935
5	252	0.225399
6	336	0.245448
7	420	0.2641
8	504	0.292654
9	588	0.321474
10	672	0.333797
11	756	0.349117
-----------------------
1	0	0.374757
-----------------------
1	0	0.119927
2	0	0.132435
3	84	0.161834
4	168	0.190761
5	252	0.230687
6	336	0.250394
7	420	0.267485
8	504	0.296718
9	588	0.337373
10	672	0.355563
11	756	0.379648
12	840	0.401834
-----------------------
1	0	0.283318
-----------------------
1	0	0.0961278
2	0	0.107277
3	84	0.144933
4	168	0.165859
5	252	0.17802
6	336	0.193406
7	420	0.218445
8	504	0.238662
9	588	0.256248
10	672	0.280965
11	756	0.293102
12	840	0.304403
-----------------------
1	0	0.0702396
2	0	0.0915034
3	84	0.115204
4	168	0.131
5	252	0.151025
6	336	0.168645
7	420	0.181619
8	504	0.19598
9	588	0.207654
10	672	0.219173
11	756	0.228827
12	840	0.248146
-----------------------
1	0	0.500581
-----------------------
1	0	0.134023
2	0	0.177036
3	84	0.186268
4	168	0.198824
5	252	0.210928
6	336	0.227501
7	420	0.25193
8	504	0.264575
9	588	0.278232
10	672	0.289961
11	756	0.299891
12	840	0.309977
-----------------------
1	0	0.180189
2	84	0.220009
3	168	0.23247
4	252	0.265745
5	336	0.294358
6	420	0.312163
7	504	0.331313
8	588	0.482322
9	672	0.502481
10	756	0.528442
11	840	0.552595
12	924	0.566616
-----------------------
1	0	0.120393
2	0	0.130404
3	84	0.158441
4	168	0.187657
5	252	0.206813
6	336	0.222427
7	420	0.370369
8	504	0.395514
9	588	0.423176
10	672	0.446779
11	756	0.460662
12	840	0.477615
-----------------------
1	0	0.0951534
2	0	0.126071
3	84	0.159139
4	168	0.184294
5	252	0.216899
6	336	0.244715
7	420	0.258026
8	504	0.27585
9	588	0.315502
10	672	0.340118
11	756	0.359269
12	840	0.382323
-----------------------
1	0	0.241159
2	84	0.268052
3	168	0.285499
4	252	0.313539
5	336	0.351003
6	420	0.368959
7	504	0.39134
8	588	0.415281
9	672	0.430855
10	756	0.460483
11	840	0.48572
12	924	0.495811
-----------------------
1	0	0.136458
-----------------------
1	0	0.139849
2	0	0.154534
3	84	0.175666
4	168	0.193981
5	252	0.225088
6	336	0.243535
7	420	0.293869
8	504	0.313524
9	588	0.33199
10	672	0.358284
11	756	0.392103
12	840	0.419299
-----------------------
1	0	0.0885179
2	0	0.105275
3	84	0.141859
4	168	0.169902
5	252	0.19755
6	336	0.214438
7	420	0.241847
8	504	0.275163
9	588	0.294173
10	672	0.315725
11	756	0.341779
12	840	0.366161
-----------------------
1	0	0.381076
2	84	0.405876
3	168	0.422245
4	252	0.452357
5	336	0.479349
6	420	0.492773
7	504	0.515376
8	588	0.540263
9	672	0.564062
10	756	0.588369
11	840	0.600965
12	924	0.625429
-----------------------
1	0	0.0910182
2	0	0.0968125
3	84	0.131788
4	168	0.169069
5	252	0.187041
6	336	0.2009
7	420	0.216233
8	504	0.232115
9	588	0.257572
10	672	0.277803
11	756	0.301917
12	840	0.333322
-----------------------
1	0	0.16513
2	84	0.18364
3	168	0.203643
4	252	0.224589
5	336	0.246087
6	420	0.283074
7	504	0.326999
8	588	0.366698
9	672	0.394853
10	756	0.410861
11	840	0.427112
12	924	0.443807
-----------------------
1	0	0.235653
2	84	0.262161
-----------------------
1	0	0.147855
2	84	0.183337
3	168	0.211791
4	252	0.22957
5	336	0.246058
6	420	0.27558
7	504	0.313996
8	588	0.335443
9	672	0.35375
10	756	0.372748
11	840	0.404599
12	924	0.419747
-----------------------
1	0	0.170697
2	0	0.193187
3	84	0.212429
4	168	0.231514
5	252	0.262035
6	336	0.276303
7	420	0.307102
8	504	0.336642
9	588	0.34918
10	672	0.362863
11	756	0.375794
12	840	0.396015
-----------------------
1	0	0.113857
2	84	0.148193
3	168	0.176495
4	252	0.199186
5	336	0.218608
6	420	0.24406
7	504	0.261182
8	588	0.283518
9	672	0.30891
10	756	0.327835
11	840	0.360883
12	924	0.374785
-----------------------
1	0	0.0958988
2	0	0.115377
3	84	0.135396
4	168	0.148183
5	252	0.184078
6	336	0.198832
7	420	0.212574
8	504	0.226709
9	588	0.24536
10	672	0.288713
11	756	0.303616
-----------------------
1	0	0.134507
2	84	0.152413
3	168	0.168622
4	252	0.184592
5	336	0.213929
6	420	0.233918
7	504	0.338175
8	588	0.371454
9	672	0.399689
10	756	0.417998
11	840	0.4369
12	924	0.466631
-----------------------
1	0	0.126435
2	0	0.153692
3	84	0.169831
4	168	0.274956
5	252	0.31466
6	336	0.337723
7	420	0.352787
8	504	0.380849
9	588	0.40385
10	672	0.414704
11	756	0.434711
-----------------------
1	0	0.113131
-----------------------
1	0	0.379152
-----------------------
1	0	0.703762
-----------------------
1	0	0.167289
2	0	0.175471
3	84	0.213335
4	168	0.243455
5	252	0.275819
6	336	0.312887
7	420	0.343324
8	504	0.366382
9	588	0.397274
10	672	0.414275
11	756	0.422512
12	840	0.440255
-----------------------
1	0	0.312483
-----------------------
1	0	0.347471
2	84	0.358214
-----------------------
1	0	0.20603
2	0	0.223762
3	84	0.245604
4	168	0.254352
5	252	0.277968
6	336	0.286512
7	420	0.301232
8	504	0.317909
9	588	0.340147
10	672	0.35862
11	756	0.375416
12	840	0.394728
-----------------------
1	0	0.331409
2	84	0.363163
3	168	0.374765
4	252	0.393953
5	336	0.421075
6	420	0.433831
7	504	0.452287
8	588	0.474685
9	672	0.488297
10	756	0.50122
11	840	0.528518
12	924	0.552488
-----------------------
1	0	0.267654
2	84	0.28802
-----------------------
1	0	0.126249
2	84	0.156324
3	168	0.168258
4	252	0.178843
5	336	0.194912
6	420	0.238711
7	504	0.250954
8	588	0.26249
9	672	0.289905
10	756	0.31151
11	840	0.335844
12	924	0.355833
-----------------------
1	0	0.184598
2	84	0.196673
3	168	0.204917
-----------------------
1	0	0.241071
2	84	0.253965
3	168	0.267593
-----------------------
1	0	0.139205
2	84	0.153411
3	168	0.17318
4	252	0.199791
5	336	0.225521
6	420	0.238938
7	504	0.248906
8	588	0.27528
9	672	0.291129
10	756	0.305898
11	840	0.316608
12	924	0.323045
-----------------------
1	0	0.0610812
2	0	0.0730548
3	84	0.0946764
4	168	0.117618
5	252	0.136069
6	336	0.159302
7	420	0.168186
8	504	0.181361
9	588	0.195779
10	672	0.205985
11	756	0.215883
12	840	0.224526
-----------------------
1	0	0.263616
-----------------------
1	0	0.067008
2	0	0.0748815
3	84	0.0896791
4	168	0.115291
5	252	0.124713
6	336	0.132133
7	420	0.141938
8	504	0.15156
9	588	0.187727
10	672	0.209926
11	756	0.230116
12	840	0.241224
-----------------------
1	0	0.402635
-----------------------
1	0	0.121813
2	0	0.157868
3	84	0.175682
4	168	0.196958
5	252	0.209349
6	336	0.221393
7	420	0.227791
8	504	0.235769
9	588	0.251825
10	672	0.258987
11	756	0.26598
12	840	0.275192
-----------------------
1	0	0.0898605
2	0	0.124887
3	84	0.151911
4	168	0.185692
5	252	0.203504
6	336	0.227547
7	420	0.24468
8	504	0.26305
9	588	0.297623
10	672	0.678693
11	756	0.698679
12	840	0.710813
-----------------------
1	0	0.180013
2	84	0.195531
3	168	0.21263
4	252	0.230319
5	336	0.241332
6	420	0.255657
7	504	0.271811
8	588	0.294706
9	672	0.313333
10	756	0.693319
11	840	0.713929
12	924	0.732706
-----------------------
1	0	0.0685496
2	0	0.095496
3	84	0.124567
4	168	0.137639
5	252	0.15592
6	336	0.171394
7	420	0.196813
8	504	0.22017
9	588	0.23994
10	672	0.25505
11	756	0.265469
12	840	0.275431
-----------------------
1	0	0.35544
-----------------------
1	0	0.148415
2	84	0.16674
-----------------------
1	0	0.0702253
2	0	0.0762063
3	84	0.085143
4	168	0.0964353
5	252	0.133055
6	336	0.156843
7	420	0.17357
8	504	0.20568
9	588	0.231243
10	672	0.26066
11	756	0.282248
12	840	0.301086
-----------------------
1	0	0.0876688
2	0	0.093727
3	84	0.10903
4	168	0.126618
5	252	0.144383
6	336	0.159922
7	420	0.177044
8	504	0.192098
9	588	0.205261
10	672	0.215376
11	756	0.229833
12	840	0.24598
-----------------------
1	0	0.271541
2	84	0.282158
-----------------------
1	0	0.0811289
2	0	0.0919084
3	84	0.125915
4	168	0.151534
5	252	0.170592
6	336	0.191227
7	420	0.211028
8	504	0.236255
9	588	0.252947
10	672	0.2628
11	756	0.272525
12	840	0.284372
-----------------------
1	0	0.337548
2	84	0.354848
-----------------------
1	0	0.144346
2	0	0.154026
3	84	0.189685
4	168	0.209748
5	252	0.242669
6	336	0.261441
7	420	0.288894
8	504	0.307353
9	588	0.338749
10	672	0.357826
11	756	0.38366
12	840	0.421434
-----------------------
1	0	0.188023
2	0	0.209478
3	84	0.225117
4	168	0.243022
5	252	0.275482
6	336	0.296324
7	420	0.316686
8	504	0.364214
9	588	0.379174
10	672	0.407087
11	756	0.421205
12	840	0.437192
-----------------------
1	0	0.0607866
2	0	0.102079
3	84	0.11178
4	168	0.141453
5	252	0.169073
6	336	0.184223
7	420	0.192905
8	504	0.217324
9	588	0.233637
10	672	0.275199
11	756	0.294281
12	840	0.31941
-----------------------
1	0	0.226715
2	84	0.249206
3	168	0.270497
4	252	0.285041
5	336	0.306293
-----------------------
1	0	0.065906
-----------------------
1	0	0.249614
2	84	0.260029
3	168	0.337751
4	252	0.377855
-----------------------
1	0	0.415116
-----------------------
1	0	0.108167
2	0	0.120583
3	84	0.147303
4	168	0.161917
5	252	0.179862
6	336	0.195127
7	420	0.209393
8	504	0.221099
9	588	0.235127
10	672	0.245567
11	756	0.256661
-----------------------
1	0	0.13747
2	0	0.167309
3	84	0.204676
4	168	0.241716
5	252	0.272146
6	336	0.297628
7	420	0.318561
8	504	0.341515
9	588	0.374829
10	672	0.391629
11	756	0.424073
-----------------------
1	0	0.526996
2	0	0.535913
3	84	0.561676
4	168	0.597255
5	252	0.623013
6	336	0.658271
7	420	0.676141
8	504	0.690282
9	588	0.72033
10	672	0.73603
11	756	0.74622
-----------------------
1	0	0.125567
-----------------------
1	0	0.291648
2	84	0.308139
3	168	0.318284
4	252	0.328855
-----------------------
1	0	0.278294
2	84	0.289411
3	168	0.305045
-----------------------
1	0	0.492808
2	0	0.517407
1	0	0.321413
2	84	0.346484
3	168	0.364958
4	252	0.378792
-----------------------
3	84	0.561427
4	168	0.591183
5	252	0.650659
6	336	0.672013
7	420	0.69047
8	504	0.716471
9	588	0.753477
10	672	0.784061
11	756	0.808438
12	840	0.822168
-----------------------
1	0	0.0807291
-----------------------
1	0	0.28021
2	84	0.300907
3	168	0.31109
4	252	0.32131
-----------------------
1	0	0.233817
2	84	0.265501
3	168	0.280482
-----------------------
1	0	0.494232
-----------------------
1	0	0.339065
2	84	0.362478
3	168	0.382375
-----------------------
1	0	0.702628
-----------------------
1	0	0.441342
2	84	0.455691
-----------------------
1	0	0.407278
-----------------------
1	0	0.127842
2	0	0.155782
3	84	0.170311
4	168	0.196547
5	252	0.214872
6	336	0.244593
7	420	0.26383
8	504	0.284238
9	588	0.303753
10	672	0.327382
11	756	0.352469
12	840	0.380395
-----------------------
1	0	0.42611
-----------------------
1	0	0.113203
2	0	0.136758
3	84	0.16463
4	168	0.182716
5	252	0.213342
6	336	0.226928
7	420	0.243485
8	504	0.266281
9	588	0.301816
10	672	0.325434
11	756	0.344605
-----------------------
1	0	0.341184
-----------------------
1	0	0.346469
2	84	0.365151
3	168	0.375347
-----------------------
1	0	0.420603
-----------------------
1	0	0.202801
2	0	0.217806
3	84	0.242006
4	168	0.262627
5	252	0.282828
6	336	0.303576
7	420	0.330587
8	504	0.355983
9	588	0.387632
10	672	0.399122
11	756	0.41801
12	840	0.46977
-----------------------
1	0	0.244435
2	84	0.273059
3	168	0.295117
-----------------------
1	0	0.276576
2	84	0.310386
3	168	0.332688
4	252	0.353916
5	336	0.37903
6	420	0.399665
-----------------------
1	0	1.03171
2	84	1.0457
3	168	1.05458
-----------------------
1	0	1.03849
2	84	1.05153
3	168	1.06125
-----------------------
