2.00202e-07 2.41236e-07 781056 5280 6.206e-06 0.188419 1.54581 1166.67
2.01739e-07 2.72584e-07 781056 5280 6.788e-06 0.212904 1.62284 1166.67
1.422e-07 3.19789e-07 132096 87 0.243905 0.0526192 0.324639 2081.12
1.27973e-07 2.6439e-07 129024 20 0.268164 0.0330555 0.3122 4339.03
1.27807e-07 4.50995e-07 164352 102 0.177216 0.11725 0.359827 2912.4
1.83548e-07 2.75816e-07 726528 401 3.753e-06 0.21699 0.333356 843.206
1.09034e-07 3.80439e-07 129024 23 0.288684 0.0217754 0.349227 3123.91
1.56199e-07 2.45605e-07 129024 22 0.262516 0.0199952 0.321295 832.601
1.06581e-07 4.06783e-07 178176 110 0.193929 0.0912545 0.349312 3032.47
1.72078e-07 2.42969e-07 786432 424 1.799e-06 0.182788 0.318385 850.052
1.05894e-07 3.71084e-07 129024 20 0.265438 0.0248482 0.330307 3292.13
1.82483e-07 2.44337e-07 786432 374 1.499e-06 0.197531 0.322301 951.941
2.02324e-07 2.77864e-07 786432 375 2.208e-06 0.376724 0.43279 955.556
1.03558e-07 4.5144e-07 175104 129 0.241836 0.163473 0.459397 2850.6
2.11587e-07 2.83627e-07 786432 382 1.1317e-05 0.254778 0.378178 1042.26
1.09178e-07 4.3826e-07 786432 341 0.0274895 0.272105 0.444233 2879.57
2.07995e-07 3.06953e-07 129024 22 0.245814 0.0636811 0.347212 1032.55
1.2272e-07 4.12086e-07 654336 355 0.145062 0.132633 0.416719 1103.14
2.20388e-07 3.25929e-07 129024 28 0.223256 0.0640879 0.336513 1026.97
1.34883e-07 3.88682e-07 786432 307 0.0519383 0.140016 0.362989 1033.05
1.99109e-07 3.35843e-07 622848 344 0.0602194 0.270929 0.372578 -39171.8
1.47442e-07 3.84256e-07 786432 400 0.0529076 0.267385 0.537966 1068.37
1.56409e-07 3.16754e-07 786432 303 0.0202553 0.189058 0.399775 -61001.2
1.63127e-07 3.67527e-07 786432 356 0.0573663 0.236409 0.402185 1031.56
1.62403e-07 2.99446e-07 786432 492 0.0345089 0.181045 0.409349 1069.51
1.79596e-07 3.75624e-07 786432 488 0.0330231 0.320875 0.480452 1067.01
1.86771e-07 2.94694e-07 786432 316 0.0529045 0.216809 0.506776 1093.5
2.08659e-07 3.50331e-07 786432 320 0.0192096 0.195947 0.439449 1040.69
1.97248e-07 2.7523e-07 727296 342 0.053605 0.143549 0.371755 1119.2
2.29807e-07 3.53185e-07 685056 360 0.0778619 0.24977 0.454176 1059.93
1.78835e-07 2.91317e-07 786432 377 1.707e-06 0.279708 0.414819 5891.26
2.23261e-07 3.33613e-07 297984 161 0.226453 0.0760829 0.375494 1080.06
1.55831e-07 2.66953e-07 317184 170 0.211796 0.0537609 0.346276 5528.73
1.42311e-07 2.81977e-07 607488 262 2.232e-06 0.207807 0.271811 6933.14
2.55569e-07 4.04826e-07 152832 65 0.215753 0.105405 0.41137 1104.87
2.38646e-07 3.92251e-07 129024 26 0.286691 0.0441199 0.369551 1098.08
1.40209e-07 2.74883e-07 363264 223 0.208998 0.0895463 0.33989 1184.36
1.72635e-07 3.16773e-07 129024 12 1.42e-06 0.062491 0.169242 1206.77
2.04877e-07 3.35979e-07 129024 25 0.303806 0.0143075 0.32673 1087.67
1.87115e-07 3.22233e-07 786432 474 0.0843053 0.270588 0.469655 1211.3
2.0461e-07 3.33545e-07 786432 479 0.0658336 0.254652 0.447516 1121.72
2.01314e-07 3.27354e-07 596736 295 2.015e-06 0.207568 0.290429 1247.73
2.05888e-07 3.2507e-07 786432 321 1.587e-06 0.228988 0.341869 1161.35
2.32783e-07 3.23859e-07 609024 253 2.707e-06 0.188725 0.389137 1204.58
2.10982e-07 3.19011e-07 786432 446 1.948e-06 0.231819 0.370659 1178.68
2.38777e-07 3.07859e-07 129024 29 0.260158 0.0314634 0.330069 1127.4
2.08433e-07 3.04842e-07 786432 343 1.1378e-05 0.195168 0.306228 1152.49
2.12969e-07 3.08754e-07 786432 428 1.851e-06 0.25512 0.370592 1176.61
2.41801e-07 3.12427e-07 786432 346 1.721e-06 0.260071 0.439956 1184.68
2.21212e-07 2.86862e-07 319488 100 3.848e-06 0.0636724 0.150485 1225.39
2.28496e-07 3.05495e-07 319488 186 0.188821 0.0887431 0.337115 1185.99
2.18841e-07 2.90367e-07 786432 463 1.575e-06 0.23938 0.341078 1232.9
2.02322e-07 2.856e-07 238080 107 0.183821 0.0490499 0.256982 1160.22
2.36797e-07 3.11927e-07 786432 379 1.2946e-05 0.313131 0.440323 1246.2
2.09651e-07 3.09275e-07 786432 455 1.919e-06 0.317697 0.417744 1191.65
2.30141e-07 2.9527e-07 786432 335 1.325e-06 0.17981 0.257929 1272.89
1.90527e-07 2.94745e-07 129024 18 0.268463 0.0305305 0.337363 1183.02
2.38276e-07 2.95834e-07 786432 437 8.741e-06 0.234427 0.40041 1265.64
2.06597e-07 2.96075e-07 786432 403 1.774e-06 0.237028 0.463916 1197.99
2.41706e-07 2.80057e-07 786432 246 1.735e-06 0.170618 0.359204 1296.22
1.78936e-07 2.8798e-07 129024 25 0.192276 0.0329786 0.263456 1181.73
2.24991e-07 2.81361e-07 764928 473 1.669e-06 0.219209 0.300216 1295.12
1.56285e-07 2.62072e-07 129024 26 0.258841 0.0204426 0.32374 1130.19
2.31184e-07 2.97888e-07 786432 264 1.265e-06 0.286257 0.367776 1296.21
1.905e-07 2.6974e-07 786432 450 2.388e-06 0.236254 0.508692 1135.93
2.3531e-07 2.73483e-07 786432 440 7.008e-06 0.138307 0.359195 1311.62
2.01741e-07 3.51413e-07 215808 133 0.205957 0.14634 0.432443 1153.56
2.35907e-07 2.85953e-07 786432 334 1.573e-06 0.264108 0.34676 1302.76
2.16245e-07 3.93917e-07 129024 23 0.228087 0.0727608 0.350506 1133.27
2.38334e-07 2.98118e-07 786432 498 2.237e-06 0.272719 0.413563 1312.99
2.24604e-07 4.17058e-07 129024 29 0.205135 0.0657537 0.318311 1084.45
2.5009e-07 2.98218e-07 786432 217 5.346e-06 0.234843 0.338806 1304.77
1.96343e-07 3.67894e-07 129024 25 0.28268 0.0220939 0.342347 3893.2
2.30629e-07 2.7473e-07 786432 459 2.256e-06 0.142166 0.278555 1295.23
1.73739e-07 3.34408e-07 129024 26 0.297464 0.0258646 0.362749 4124.73
2.35493e-07 2.65095e-07 786432 301 1.88e-06 0.17817 0.363013 1304.54
2.24861e-07 2.64098e-07 786432 508 1.906e-06 0.204562 0.285969 1273.38
1.47126e-07 3.09078e-07 129024 25 0.252953 0.0268056 0.288588 4531.84
1.52291e-07 4.36219e-07 129024 28 0.186565 0.1219 0.362461 5207.04
2.47899e-07 2.95535e-07 786432 262 6.105e-06 0.331311 0.439206 1303.74
1.35305e-07 4.87955e-07 129024 25 0.203803 0.0896585 0.332204 5910.62
2.38901e-07 2.95278e-07 786432 448 1.398e-06 0.231406 0.347718 1325.07
2.30054e-07 2.83574e-07 786432 334 1.462e-06 0.186196 0.271359 1330.05
1.21202e-07 4.47483e-07 129024 26 0.233056 0.0368488 0.282543 6501.17
2.33365e-07 2.9414e-07 786432 437 3.156e-06 0.264557 0.387848 1278.07
1.05993e-07 4.14348e-07 129024 25 0.218364 0.03636 0.299895 6917.12
9.52873e-08 4.1551e-07 129024 28 0.19373 0.0542103 0.289316 7160.99
2.47207e-07 2.9984e-07 786432 276 1.589e-06 0.253737 0.389599 1303.15
9.42001e-08 4.01963e-07 129024 25 0.222954 0.0448713 0.323921 7338.05
2.36028e-07 2.93888e-07 786432 492 1.8334e-05 0.212398 0.298336 1257.82
7.71585e-08 3.8523e-07 129024 26 0.254456 0.0410681 0.334457 57243.8
2.41375e-07 2.93539e-07 786432 278 1.952e-06 0.229749 0.350245 1266.24
2.25322e-07 2.72923e-07 786432 432 2.318e-06 0.149786 0.25996 1285.5
6.36468e-08 3.45607e-07 129024 25 0.202868 0.0241424 0.264173 65077.4
2.25008e-07 2.65804e-07 786432 303 2.406e-06 0.186642 0.285725 1309.74
5.17804e-08 3.75942e-07 129024 28 0.162659 0.0641611 0.241566 75838.8
4.18178e-08 3.28843e-07 129024 25 0.197113 0.0181209 0.239451 134943
2.16017e-07 2.70183e-07 786432 477 2.451e-06 0.226256 0.357496 1323.5
2.19441e-07 2.75275e-07 786432 235 2.458e-06 0.232502 0.293872 1350.12
3.38661e-08 3.19772e-07 129024 26 0.242643 0.0365768 0.292609 284545
2.27256e-07 2.83106e-07 786432 459 1.525e-06 0.247278 0.356198 819.685
2.7296e-08 3.06237e-07 129024 25 0.228914 0.0325268 0.30437 457215
2.30059e-07 2.7946e-07 786432 321 1.597e-06 0.208307 0.286377 875.486
2.47875e-07 2.57556e-07 129024 15 2.179e-06 0.0219262 0.0910648 985.22
2.26116e-08 3.55273e-07 129024 28 0.219166 0.0711462 0.310506 169211
1.82621e-08 3.13054e-07 129024 25 0.237349 0.018602 0.266566 258873
2.30927e-07 2.28763e-07 129024 15 3.691e-06 0.0146563 0.0987911 966.222
1.4786e-08 2.92118e-07 129024 28 0.124287 0.0268856 0.162938 312610
1.99343e-07 2.14343e-07 129024 15 1.672e-06 0.020213 0.113172 985.217
1.2028e-08 2.64433e-07 129024 25 0.2152 0.0198298 0.245324 315629
2.03289e-07 2.20215e-07 129024 15 2.038e-06 0.0314435 0.156668 1032.65
9.16124e-09 2.4896e-07 129024 28 0.282559 0.0241362 0.32243 -124698
1.94995e-07 2.64854e-07 129024 15 1.562e-06 0.0572109 0.171108 995.24
6.79298e-09 2.59632e-07 786432 427 1.904e-06 0.237757 0.356406 -237991
2.27694e-07 2.91302e-07 129024 17 2.916e-06 0.0512342 0.145898 919.804
4.59584e-09 2.64325e-07 786432 359 3.772e-06 0.222636 0.282703 -158406
2.24334e-07 3.09116e-07 129024 15 5.247e-06 0.0490775 0.162335 928.744
3.11792e-09 2.56513e-07 786432 339 1.648e-06 0.177156 0.288797 -270246
2.7827e-09 2.5065e-07 786432 459 1.317e-06 0.178676 0.280103 360683
3.0037e-09 2.86987e-07 560640 168 2.007e-06 0.242382 0.333872 363835
2.37637e-07 3.2789e-07 786432 531 2.045e-06 0.31692 0.402409 874.755
2.7887e-07 3.44043e-07 129024 11 6.757e-06 0.0527262 0.176924 986.77
2.79407e-09 2.91938e-07 574464 284 5.499e-06 0.179085 0.289493 368027
2.51649e-07 3.05739e-07 129024 29 0.397404 0.0196794 0.43342 993.323
-8.46451e-10 3.29814e-07 129024 22 0.341774 0.0621015 0.416208 -26068.5
2.57837e-07 2.74772e-07 129024 15 1.429e-06 0.0194702 0.116564 1107.8
2.28057e-11 3.09048e-07 786432 489 0.100885 0.177723 0.358492 112413
2.97398e-07 2.69431e-07 129024 19 1.679e-06 0.0320062 0.144412 1273
1.97246e-09 3.16648e-07 786432 277 1.467e-06 0.272929 0.451245 114258
3.06586e-07 2.67472e-07 672000 313 1.537e-06 0.174477 0.415564 1208.33
1.19258e-09 2.81119e-07 786432 422 6.288e-06 0.109315 0.34572 -380865
2.99969e-07 2.87742e-07 786432 364 1.905e-06 0.290052 0.398443 1196.03
6.54615e-10 2.83089e-07 786432 347 2.127e-06 0.228829 0.447 -650276
3.31739e-07 3.05602e-07 129024 17 1.9e-06 0.0486478 0.128482 1192.87
-4.32126e-10 2.7837e-07 786432 410 1.718e-06 0.204075 0.312183 -141019
3.29588e-07 2.96807e-07 129024 15 1.716e-06 0.0337561 0.141408 1129.09
-1.44489e-09 2.74755e-07 786432 339 2.376e-06 0.204702 0.300772 -142549
3.65518e-07 3.58795e-07 129024 15 6.256e-06 0.0782845 0.174914 1189.86
-9.76412e-09 2.86659e-07 786432 410 1.776e-06 0.262884 0.458583 -23951.9
3.4213e-07 4.3609e-07 129024 25 0.200674 0.0961578 0.330058 1242.52
-1.76309e-08 3.01198e-07 786432 331 1.379e-06 0.282609 0.42391 -24063.6
2.99962e-07 4.02658e-07 129024 28 0.154045 0.0346986 0.225411 1166.61
-2.01788e-08 3.01649e-07 786432 410 1.2555e-05 0.238646 0.354831 -21402.5
2.52777e-07 3.62249e-07 129024 25 0.278596 0.025884 0.323555 1208.37
-2.49106e-08 3.06756e-07 786432 394 5.806e-06 0.257307 0.371549 -21591.8
2.26666e-07 3.1444e-07 129024 26 0.241504 0.0158964 0.27183 1210.91
-2.56703e-08 2.93122e-07 786432 359 6.439e-06 0.187632 0.250656 -21114.4
2.28752e-07 3.7321e-07 129024 25 0.305065 0.0784839 0.425676 1251.65
-2.62102e-08 2.84938e-07 786432 331 2.848e-06 0.19834 0.288298 -28063.9
2.56144e-07 3.56454e-07 129024 28 0.259833 0.0373432 0.359722 1259.54
-2.6065e-08 2.66158e-07 786432 475 2.115e-06 0.150237 0.299821 -23344
2.45083e-07 3.30559e-07 129024 25 0.185904 0.029286 0.238282 1208.25
4.8889e-09 2.67482e-07 786432 263 1.1237e-05 0.214524 0.291368 4384.35
2.29932e-07 2.98247e-07 188928 136 0.215087 0.0319288 0.316564 1186.86
2.9326e-08 2.64755e-07 786432 439 1.973e-06 0.19963 0.367227 4283.39
2.34586e-07 4.2197e-07 129024 18 0.245918 0.118297 0.409172 1131.4
5.33542e-08 2.89561e-07 786432 394 1.836e-06 0.305756 0.399213 4073.75
2.43552e-07 4.51587e-07 162816 148 0.189408 0.0928136 0.38424 1040.4
7.60165e-08 3.00796e-07 786432 357 1.658e-06 0.271897 0.415451 3870.15
2.2926e-07 4.5555e-07 332544 213 0.157715 0.156762 0.364674 1022.45
8.38226e-08 3.08426e-07 786432 394 1.586e-06 0.266559 0.31845 3588.16
9.83022e-08 3.32644e-07 786432 366 0.0416878 0.337785 0.437603 3410.95
2.35593e-07 4.76811e-07 385536 151 0.204113 0.216615 0.508647 1000.19
2.33961e-07 4.34552e-07 129024 25 0.23645 0.0342578 0.310762 897.72
1.07457e-07 3.23764e-07 786432 401 0.0327558 0.226684 0.450639 3093.76
2.54716e-07 5.08244e-07 129024 26 0.23596 0.103608 0.384151 857.46
1.11405e-07 3.18264e-07 659712 322 0.124544 0.195448 0.419711 3293.06
1.06377e-07 2.97076e-07 129024 15 2.289e-06 0.0273953 0.13398 3213.93
2.35571e-07 4.7597e-07 129024 25 0.284767 0.0447549 0.369821 924.059
2.19624e-07 4.3721e-07 129024 28 0.188178 0.0364065 0.245555 920.929
1.03591e-07 3.25655e-07 129024 15 5.73e-06 0.0567669 0.150308 3389.29
1.8728e-07 3.92897e-07 129024 25 0.227585 0.0278234 0.280181 2703.83
1.85838e-07 3.76384e-07 129024 26 0.143752 0.0400401 0.240073 2925.3
1.11813e-07 3.16477e-07 786432 440 0.0289974 0.220015 0.44154 3524.02
9.83116e-08 3.08762e-07 140544 108 0.353409 0.0390573 0.432655 2942.39
1.57408e-07 3.4124e-07 129024 25 0.383108 0.0258905 0.417178 3037.38
1.40025e-07 3.27863e-07 129024 28 0.21386 0.0353984 0.27411 3802.46
1.08576e-07 2.96034e-07 786432 353 1.4923e-05 0.192772 0.33197 2776.44
1.3467e-07 3.02056e-07 129024 25 0.197826 0.025654 0.261341 4185.19
1.17299e-07 2.90922e-07 786432 354 1.55e-06 0.212709 0.318414 2548.01
1.11633e-07 3.26531e-07 129024 26 0.216225 0.0547615 0.329451 48723.6
1.26113e-07 3.00948e-07 786432 459 9.348e-06 0.268216 0.378661 2866.22
1.32093e-07 2.9797e-07 786432 312 1.81e-06 0.224965 0.298192 2847.85
9.08031e-08 3.39427e-07 129024 25 0.217018 0.0504498 0.308089 58556.9
7.59326e-08 3.24309e-07 129024 28 0.176502 0.034041 0.24335 47393.8
1.38193e-07 2.90721e-07 786432 432 3.15e-06 0.20583 0.392257 3027.37
6.47145e-08 3.17287e-07 129024 25 0.187971 0.037314 0.267565 38241
1.48989e-07 2.77799e-07 786432 274 1.456e-06 0.177821 0.326151 2448.28
5.26982e-08 4.09436e-07 129024 26 0.196828 0.100385 0.358597 250077
1.57437e-07 2.93094e-07 786432 439 1.916e-06 0.27861 0.408531 2549.08
4.26361e-08 4.45462e-07 129024 25 0.236867 0.076068 0.352187 335842
1.58061e-07 2.77568e-07 786432 339 6.506e-06 0.169448 0.285986 2399.97
3.34479e-08 4.04023e-07 129024 28 0.250883 0.0307421 0.354792 -456983
1.64344e-07 2.84888e-07 786432 459 5.083e-06 0.247074 0.37559 2030.09
1.87494e-07 3.22502e-07 786432 312 2.557e-06 0.37195 0.488405 2227.58
2.6378e-08 4.12206e-07 786432 440 0.0337041 0.349915 0.576716 -464400
2.10002e-07 3.50975e-07 129024 25 0.253396 0.0599787 0.381969 2302.03
1.28268e-08 3.93989e-07 786432 354 0.0411851 0.252538 0.415673 -22695.8
2.0466e-07 4.30258e-07 129024 26 0.288391 0.0964316 0.434612 2345.49
3.45329e-09 3.87845e-07 786432 401 0.1128 0.285687 0.490518 -22791.1
1.96145e-07 4.74288e-07 129024 25 0.19753 0.0839181 0.323205 2244.07
-4.46242e-09 3.58034e-07 786432 334 1.836e-06 0.187792 0.281241 -22845
1.83654e-07 4.71115e-07 129024 28 0.302691 0.0591476 0.40286 2294.91
-8.34157e-09 3.47731e-07 786432 401 1.637e-06 0.241057 0.379159 -38030.7
2.02373e-07 4.8105e-07 129024 25 0.234934 0.0671945 0.358637 2344.38
-1.56125e-08 3.41426e-07 786432 348 3.188e-06 0.248675 0.335381 -20227.8
2.4263e-07 5.06957e-07 129024 28 0.240457 0.0787802 0.375471 2191.19
-1.77174e-08 3.25225e-07 786432 446 1.609e-06 0.204805 0.374451 -29617.9
2.36359e-07 5.31907e-07 129024 25 0.295613 0.0815051 0.415745 2021.21
-2.69681e-08 3.32481e-07 786432 317 0.0874779 0.284299 0.474326 -18771.5
2.54052e-07 5.50768e-07 129024 28 0.217588 0.0807963 0.361939 1969.85
-3.10509e-08 3.1506e-07 786432 477 2.108e-06 0.192971 0.37932 -17048.7
-3.36615e-08 3.30369e-07 312576 147 1.693e-06 0.122405 0.190779 -16329.9
2.26654e-07 5.91052e-07 129024 25 0.23589 0.0970502 0.372202 2248.52
1.91127e-07 5.37175e-07 129024 28 0.175652 0.041503 0.230072 2161.9
-2.63319e-08 3.00952e-07 677376 360 0.052815 0.124152 0.232049 131038
1.82418e-07 5.20563e-07 129024 25 0.278201 0.0585915 0.367069 2352.32
-1.99146e-08 2.90398e-07 786432 361 0.0682392 0.19518 0.398246 125535
2.10893e-07 5.28606e-07 129024 26 0.205404 0.0723538 0.34957 2550.65
-2.68022e-08 3.00098e-07 786432 390 5.334e-06 0.26652 0.40686 -17094.6
2.29018e-07 5.56351e-07 129024 25 0.208721 0.0861018 0.35365 2228.55
-3.58439e-08 3.04278e-07 786432 339 2.103e-06 0.252444 0.359075 -15674.8
2.27486e-07 5.88043e-07 129024 28 0.254531 0.0922277 0.410918 2283.86
-3.6516e-08 3.05646e-07 786432 511 0.0776623 0.244673 0.444853 -15934.3
2.06108e-07 6.3165e-07 129024 25 0.191468 0.104004 0.35613 2286.88
-4.66116e-08 3.15725e-07 786432 280 2.066e-06 0.280003 0.409643 -16082.8
1.89639e-07 5.60649e-07 148992 140 0.157568 0.0412178 0.29252 2953.66
1.76465e-07 4.89745e-07 129024 18 0.164867 0.0265954 0.230773 3508.8
-4.792e-08 3.1065e-07 786432 401 2.402e-06 0.228341 0.38956 -16196.4
1.6242e-07 5.12783e-07 153600 148 0.207734 0.0929179 0.401832 3182.91
-4.94601e-08 3.16395e-07 786432 424 4.918e-06 0.266895 0.374041 -13922.4
1.60305e-07 5.00484e-07 129024 18 0.181865 0.0582272 0.287739 3238.08
-1.66334e-08 3.06071e-07 786432 269 1.412e-06 0.208227 0.292729 4502.54
1.53778e-07 4.59154e-07 160512 151 0.153885 0.0471635 0.289406 2536.94
-8.59345e-09 2.9165e-07 786432 520 2.196e-06 0.183999 0.370093 24701.7
1.79398e-07 5.48606e-07 132096 87 0.195786 0.119734 0.427508 2732.19
3.82463e-08 2.80772e-07 786432 235 2.955e-06 0.18659 0.439146 3765.3
1.73369e-07 6.30133e-07 129024 23 0.266341 0.123378 0.428573 2750.07
5.51824e-08 3.10041e-07 786432 540 6.464e-06 0.335898 0.384927 3406.61
1.62395e-07 5.48006e-07 129024 29 0.173305 0.0283201 0.238217 2989.17
8.24416e-08 3.02133e-07 786432 271 0.0541804 0.212729 0.399358 3140.05
1.68685e-07 5.82451e-07 129024 25 0.231439 0.0929271 0.370097 3226.46
9.235e-08 3.05692e-07 786432 477 3.052e-06 0.251602 0.350078 3440.55
1.58331e-07 5.51769e-07 129024 26 0.266823 0.0553567 0.362339 3144.72
1.02662e-07 2.89101e-07 602880 223 0.127765 0.134283 0.350491 3163.22
1.6816e-07 5.57928e-07 129024 25 0.275382 0.0751651 0.393407 3220.34
1.12106e-07 3.08191e-07 786432 487 1.524e-06 0.302423 0.371209 2807.25
1.91988e-07 6.07405e-07 129024 28 0.191569 0.103904 0.369665 3636.41
1.31635e-07 3.12551e-07 786432 263 1.772e-06 0.259515 0.377807 2693.83
1.75265e-07 5.4598e-07 129024 25 0.295062 0.0387433 0.371298 5289.59
1.18172e-07 3.09599e-07 160512 153 0.270798 0.0477988 0.357172 2383.25
1.40015e-07 5.56238e-07 129024 26 0.230514 0.0770623 0.376269 -1.11547e+06
1.3002e-07 3.09521e-07 786432 325 0.0710396 0.243173 0.393995 2330
1.11757e-07 5.19276e-07 786432 457 0.0241918 0.292104 0.490005 -624276
1.4567e-07 3.18009e-07 786432 348 2.492e-06 0.276793 0.433234 2520.12
1.58392e-07 4.26505e-07 129024 25 0.215532 0.111024 0.363223 2390.65
8.90257e-08 4.90551e-07 786432 332 0.0774321 0.295424 0.49638 -601290
1.52335e-07 4.39725e-07 139008 124 0.247094 0.0684764 0.407963 2277.5
7.02707e-08 4.39254e-07 786432 420 0.0537057 0.184075 0.459152 -169852
1.36796e-07 4.02078e-07 129024 18 0.170449 0.0324481 0.243242 2470.02
4.42396e-08 4.19131e-07 786432 298 0.0743811 0.266317 0.494145 -16895.9
1.24467e-07 3.79403e-07 239616 213 0.16817 0.0691779 0.28675 2101.96
2.4438e-08 4.07773e-07 786432 444 0.0322559 0.284955 0.47645 -16394.8
1.67227e-07 3.74537e-07 786432 302 0.0393619 0.27924 0.601483 1863.05
8.56473e-09 3.6917e-07 786432 401 0.040101 0.168894 0.444974 -16927.7
1.85959e-07 3.81985e-07 323328 231 0.206983 0.13314 0.462993 1852.51
-2.81892e-09 3.51886e-07 786432 366 0.0329506 0.222365 0.39933 -17076.9
1.84116e-07 3.61604e-07 198144 75 0.205757 0.0554963 0.358492 1899.1
1.87065e-07 3.52271e-07 156672 131 0.195094 0.049342 0.328343 1777.56
-5.49719e-09 3.43845e-07 786432 420 0.0296448 0.245115 0.513935 -58741.6
-7.7464e-09 3.45077e-07 786432 344 0.0646084 0.275253 0.380967 -42367.6
1.80111e-07 4.46637e-07 142848 73 0.281322 0.117721 0.437889 1807.77
1.9236e-07 4.98576e-07 135936 133 0.197823 0.0960159 0.369304 1680.43
-1.15625e-08 3.45536e-07 786432 412 2.229e-06 0.273187 0.419024 -33207.8
2.03032e-07 5.55698e-07 140544 67 0.322832 0.110212 0.493012 1550.48
-1.51502e-08 3.41113e-07 786432 344 0.12181 0.254349 0.501866 -33356.3
2.21413e-07 6.53495e-07 148992 125 0.18911 0.15565 0.452282 1495.47
-1.98199e-08 3.59877e-07 786432 347 1.693e-06 0.342045 0.415764 -26609.3
2.34758e-07 5.82314e-07 129024 20 0.241693 0.0383963 0.320973 1458.55
-2.04356e-08 3.26984e-07 786432 475 1.59e-06 0.153679 0.292137 -23559.3
-2.93333e-08 3.20423e-07 786432 310 2.27e-06 0.231352 0.312638 -14812.7
2.06529e-07 5.21205e-07 129024 29 0.210359 0.0357094 0.267813 1386.41
-3.54548e-08 3.21086e-07 786432 435 3.524e-06 0.254596 0.397878 -14869.9
2.11912e-07 5.46442e-07 130560 107 0.314185 0.0845233 0.469325 1317.62
-3.96812e-08 3.20998e-07 786432 326 1.525e-06 0.252168 0.346034 -18440.3
2.65796e-07 5.22067e-07 129024 18 0.276102 0.0547792 0.392431 1416.17
-4.10218e-08 3.00368e-07 786432 369 1.987e-06 0.17132 0.331894 -18510.6
2.48089e-07 5.48087e-07 139776 153 0.25689 0.0911575 0.431017 1233.64
-1.50742e-08 2.90561e-07 786432 432 2.431e-06 0.197658 0.324468 5819.38
2.53545e-07 5.04219e-07 129024 18 0.190324 0.0424165 0.27007 1247.66
8.66196e-09 2.8377e-07 786432 324 3.213e-06 0.201801 0.318184 5634.81
2.33469e-07 4.9979e-07 129024 29 0.212021 0.0621992 0.317317 1248.19
-4.18727e-09 2.77653e-07 786432 369 1.2277e-05 0.199115 0.27726 -13553.2
2.17932e-07 4.79513e-07 129024 24 0.25362 0.0514036 0.34822 1229.88
1.46023e-08 2.74019e-07 786432 446 1.817e-06 0.204065 0.300738 4557.51
3.04584e-08 2.65122e-07 786432 324 1.932e-06 0.180512 0.235979 4454.26
1.87161e-07 4.13988e-07 129024 29 0.248938 0.019597 0.285128 1300.11
4.57883e-08 2.68455e-07 786432 369 1.761e-06 0.221609 0.29944 4315.78
1.79221e-07 3.6044e-07 160512 126 0.200381 0.0234743 0.265626 1239.6
6.11552e-08 2.62607e-07 786432 435 2.081e-06 0.188124 0.434573 5168.16
2.01278e-07 3.42696e-07 786432 327 0.0419654 0.21369 0.467217 1197.79
7.83924e-08 2.70505e-07 786432 274 2.167e-06 0.237579 0.31534 3677.64
2.02424e-07 3.77175e-07 162048 127 0.229312 0.0834693 0.389167 1133.76
8.81878e-08 2.82144e-07 786432 422 2.163e-06 0.258501 0.427323 4209.61
1.85458e-07 3.48331e-07 129024 20 0.238446 0.0300573 0.306889 1161.37
1.03289e-07 3.20472e-07 786432 412 9.085e-06 0.372599 0.505194 3568.37
2.05858e-07 3.63837e-07 786432 537 0.0273361 0.334911 0.52458 962.396
2.05347e-07 3.69936e-07 141312 93 0.18216 0.0557237 0.285471 928.603
1.05183e-07 3.16425e-07 786432 291 1.733e-06 0.236115 0.327073 4186.44
2.05737e-07 4.03459e-07 129024 25 0.190649 0.0693571 0.296886 862.044
1.07842e-07 3.23058e-07 786432 486 4.371e-06 0.27493 0.3395 3088.8
2.22898e-07 4.02378e-07 129024 26 0.203986 0.0513581 0.3227 982.529
1.1657e-07 3.10899e-07 786432 312 2.231e-06 0.206253 0.286122 3095.17
2.29173e-07 4.02404e-07 129024 25 0.240566 0.0519337 0.332058 997.37
1.1498e-07 2.9823e-07 786432 432 2.107e-06 0.194683 0.278273 3057.16
1.21096e-07 2.95805e-07 786432 274 1.1992e-05 0.225001 0.307869 2772.7
2.29818e-07 3.7086e-07 129024 28 0.194345 0.03157 0.240339 1045.28
1.22791e-07 2.88454e-07 786432 505 2.77e-06 0.203726 0.287269 2291.2
2.06144e-07 3.64502e-07 129024 25 0.275293 0.0437478 0.331096 1170.26
2.06649e-07 4.20268e-07 129024 26 0.179825 0.0830054 0.299588 1166.05
1.49462e-07 2.88234e-07 786432 263 7.867e-06 0.225985 0.35844 2081.79
2.03932e-07 4.14131e-07 129024 25 0.223463 0.0502657 0.313353 1172.51
1.48768e-07 2.74725e-07 786432 486 2.048e-06 0.173556 0.285244 1968.62
2.24331e-07 3.6731e-07 129024 28 0.239796 0.0232279 0.321381 1275.22
1.62209e-07 2.85913e-07 786432 310 1.683e-06 0.260046 0.379772 1790.8
1.62425e-07 2.77283e-07 786432 432 2.888e-06 0.190917 0.300203 1774.36
2.32418e-07 3.75171e-07 130560 137 0.197354 0.0530872 0.336636 1489.76
1.75408e-07 2.85044e-07 786432 262 2.013e-06 0.24858 0.326904 2048.28
1.99623e-07 3.7345e-07 129024 18 0.252431 0.0472958 0.340112 1551.95
1.76897e-07 2.8836e-07 786432 457 1.929e-06 0.237208 0.370939 2236.3
1.94381e-07 3.46207e-07 135168 159 0.214402 0.0320666 0.323257 1554.58
1.9495e-07 3.60752e-07 129024 17 0.198657 0.0540521 0.289944 1529.19
1.81185e-07 2.93455e-07 786432 316 2.122e-06 0.246808 0.340391 2268.19
1.77032e-07 2.94177e-07 129024 19 2.105e-06 0.0383287 0.143185 2405.14
1.84218e-07 3.166e-07 140544 163 0.300355 0.0196756 0.371388 1301.57
1.58093e-07 3.05712e-07 129024 15 1.1772e-05 0.0453972 0.199855 2353.84
2.00802e-07 3.14876e-07 786432 311 0.0296714 0.242203 0.379468 1164.45
2.15209e-07 2.96041e-07 129024 15 1.86e-06 0.0332056 0.132108 2322.82
1.91584e-07 2.89925e-07 208128 168 0.217295 0.03957 0.304089 1096.02
1.96463e-07 2.9036e-07 129024 15 1.883e-06 0.0345315 0.153362 2269.43
1.88905e-07 2.70773e-07 786432 301 0.027002 0.152697 0.287437 1104.51
2.0153e-07 3.29571e-07 129024 17 1.161e-06 0.0627593 0.140871 2274.95
1.95844e-07 2.70542e-07 786432 491 1.95e-06 0.212036 0.336651 1144.02
1.80291e-07 2.6299e-07 210432 78 0.163064 0.0489843 0.250849 1314.98
2.00802e-07 3.22183e-07 129024 15 1.767e-06 0.0377564 0.12219 2392.74
1.69294e-07 3.12221e-07 208128 153 0.235729 0.105967 0.381137 1209.89
2.3378e-07 3.68229e-07 129024 17 1.798e-06 0.0712742 0.138693 2391.52
1.82831e-07 3.04196e-07 786432 335 0.0235951 0.213986 0.33562 1152.5
1.91627e-07 2.86053e-07 337152 242 0.104792 0.0719752 0.302193 1246.66
2.01372e-07 3.67715e-07 129024 25 0.280477 0.047179 0.347557 2305.14
1.71486e-07 2.65654e-07 322560 139 0.231703 0.0593697 0.335411 1328.91
1.84571e-07 3.83398e-07 129024 28 0.218041 0.0575614 0.298201 2199.55
1.79234e-07 2.66498e-07 786432 394 1.692e-06 0.212238 0.336942 1241.67
1.70951e-07 4.51051e-07 129024 25 0.247669 0.0931121 0.379622 2134.17
1.99371e-07 2.88438e-07 786432 426 1.605e-06 0.295853 0.395339 1207.6
1.99807e-07 2.91294e-07 171264 100 0.220428 0.0518446 0.327288 1290.49
1.56478e-07 4.08669e-07 129024 28 0.266384 0.030855 0.320758 2280.91
1.84025e-07 3.08874e-07 160512 135 0.194526 0.0608655 0.296475 1161.1
1.61138e-07 3.67989e-07 129024 25 0.164239 0.0264848 0.223609 2466.01
1.77325e-07 2.7611e-07 172800 104 0.17086 0.0250653 0.243104 1420.76
1.38894e-07 3.25637e-07 129024 28 0.172752 0.0201571 0.202317 2487.99
1.63819e-07 2.53863e-07 207360 188 0.131089 0.0341883 0.21437 1767.02
1.22945e-07 3.25596e-07 150528 124 0.168171 0.0489868 0.241321 2145.84
1.51084e-07 2.42242e-07 231936 95 0.153157 0.0454036 0.214305 1772.21
1.50507e-07 3.03421e-07 290304 289 0.166178 0.159126 0.381927 1330.14
1.37911e-07 3.38477e-07 786432 322 0.0880009 0.306707 0.450706 1950.59
1.56176e-07 3.33502e-07 786432 446 2.043e-06 0.246627 0.387369 1735.26
1.71838e-07 3.05184e-07 786432 299 0.0279995 0.245555 0.402468 1547.5
1.80942e-07 3.23176e-07 287232 170 0.211045 0.113498 0.398786 1552.77
1.74032e-07 3.02653e-07 648960 240 0.120559 0.11633 0.421683 1825.61
1.91849e-07 3.1312e-07 211200 88 0.161131 0.0576351 0.297681 1592.32
1.75939e-07 2.86354e-07 600576 338 1.442e-06 0.132824 0.29648 1851.95
1.85084e-07 3.69431e-07 192000 104 0.197833 0.114178 0.382432 1518.03
1.87646e-07 2.96098e-07 786432 334 1.514e-06 0.263514 0.358975 1807.19
1.65966e-07 3.42639e-07 147456 82 0.262848 0.0347216 0.336515 1493.78
1.78674e-07 2.69869e-07 129024 26 0.313771 0.0212826 0.374599 1724.7
1.89225e-07 3.41045e-07 139776 94 0.211144 0.0467788 0.332233 1461.56
1.76219e-07 2.69265e-07 786432 364 1.306e-06 0.20986 0.305125 1794.04
2.60777e-07 3.82086e-07 143616 58 0.230697 0.0784499 0.407887 1615.48
1.82416e-07 2.9425e-07 786432 475 1.714e-06 0.31 0.409187 1710.73
2.354e-07 3.53435e-07 132864 101 0.201863 0.0317325 0.281138 1633.83
1.79436e-07 2.84304e-07 786432 310 2.434e-06 0.192299 0.252734 1854.07
2.67716e-07 4.13573e-07 143616 53 0.27219 0.0939426 0.453105 1617.71
1.78702e-07 2.76103e-07 786432 432 1.983e-06 0.19134 0.32365 1850.9
2.76625e-07 4.46759e-07 139008 101 0.237047 0.0805557 0.439217 1843.55
1.92159e-07 2.79701e-07 786432 326 2.122e-06 0.231284 0.37183 1732.42
2.75825e-07 4.43553e-07 129024 18 0.22012 0.0555743 0.319664 1919.6
1.98746e-07 2.79133e-07 786432 432 2.621e-06 0.21773 0.385716 1795.82
2.68328e-07 4.93213e-07 139776 120 0.264599 0.0967047 0.45149 1703.95
2.08348e-07 2.86488e-07 783360 274 2.697e-06 0.247473 0.346857 1692.42
2.77786e-07 5.13944e-07 129024 18 0.252111 0.07701 0.378224 1657.51
2.03014e-07 2.8735e-07 786432 403 3.72e-06 0.228693 0.289779 1754.49
2.73594e-07 5.81416e-07 147456 126 0.118177 0.12553 0.346121 1498.01
2.02175e-07 2.98713e-07 786432 432 2.119e-06 0.27066 0.386401 1981.81
2.74633e-07 5.53187e-07 129024 20 0.192381 0.0568054 0.310199 1618.17
2.07076e-07 2.95981e-07 786432 274 1.436e-06 0.224177 0.310848 1959.98
2.71114e-07 5.27382e-07 129024 29 0.184578 0.0547274 0.29119 2001.42
1.97969e-07 2.91515e-07 786432 505 2.201e-06 0.215207 0.353385 2438.69
2.30791e-07 4.94278e-07 129024 24 0.176642 0.046689 0.266638 2102.73
1.94084e-07 2.80565e-07 402432 170 0.111035 0.095281 0.320487 2436.15
2.00493e-07 4.20839e-07 129024 29 0.237081 0.0163968 0.278539 2087.87
1.66796e-07 3.00749e-07 129024 30 0.234574 0.0492212 0.322133 2335.25
1.71057e-07 3.6645e-07 129024 25 0.173071 0.0192107 0.201433 2543.41
1.54676e-07 2.86552e-07 129024 24 0.156493 0.029645 0.202193 2314.08
1.48514e-07 3.44368e-07 147456 108 0.134202 0.0377548 0.202979 2405.76
1.69564e-07 2.7925e-07 129024 28 0.185688 0.032261 0.261878 2462.03
1.38476e-07 3.46319e-07 195072 105 0.152294 0.0690792 0.243264 2322.12
1.50499e-07 2.55851e-07 129024 25 0.292537 0.0209348 0.324278 2455.38
1.59139e-07 3.35921e-07 228864 144 0.140195 0.0673616 0.351041 2305.7
1.52435e-07 2.47504e-07 782592 393 2.046e-06 0.167567 0.305565 2499.46
1.63448e-07 3.25625e-07 247296 120 0.256125 0.0703405 0.402659 2228.55
1.51315e-07 2.56258e-07 786432 347 2.155e-06 0.229065 0.313198 2386.97
1.62646e-07 3.52756e-07 220416 185 0.207372 0.101674 0.408834 2112.84
1.57614e-07 2.57828e-07 609024 298 2.028e-06 0.160848 0.334721 2609.86
1.3699e-07 2.42978e-07 129024 19 1.637e-06 0.023686 0.144243 2413.77
1.51798e-07 3.64141e-07 165888 60 0.227564 0.0679613 0.332113 2035.73
1.46985e-07 4.38909e-07 168192 144 0.266554 0.124122 0.455098 1852.41
1.61699e-07 3.07006e-07 786432 391 2.094e-06 0.442855 0.517848 2601.42
1.52529e-07 4.11784e-07 786432 289 0.0498167 0.238511 0.419802 2139.38
1.53375e-07 2.90093e-07 129024 15 1.673e-06 0.0287004 0.145787 2874.28
1.33378e-07 3.73346e-07 185088 148 0.184 0.0406442 0.264901 1944.03
1.56234e-07 3.02518e-07 781056 505 2.657e-06 0.275099 0.477091 3455.49
1.60998e-07 3.6106e-07 786432 335 0.0286961 0.245302 0.510904 1849.78
1.4844e-07 3.36611e-07 270336 106 3.852e-06 0.127865 0.472732 4360.11
1.42579e-07 3.16213e-07 326400 154 0.148612 0.0446591 0.334987 1763.99
1.42478e-07 3.39193e-07 679680 385 0.0914498 0.237563 0.44323 4548.2
1.47653e-07 3.66035e-07 311040 186 0.186006 0.175838 0.469789 1570
1.38399e-07 3.51957e-07 136704 67 0.231619 0.0550931 0.356685 5726.11
1.63131e-07 3.42643e-07 786432 313 0.0751184 0.195882 0.403062 1337.37
1.4033e-07 3.70928e-07 129024 25 0.264942 0.0576494 0.38482 5846.92
1.73941e-07 3.36111e-07 786432 474 2.137e-06 0.243779 0.377303 1629.48
1.26028e-07 3.74781e-07 129024 26 0.285425 0.0503445 0.364478 5039.88
1.63862e-07 3.17256e-07 591360 298 0.160168 0.143013 0.355269 1770.19
1.21997e-07 3.75174e-07 129024 25 0.255812 0.0486094 0.37599 4886.12
1.80841e-07 3.22829e-07 786432 347 1.564e-06 0.271412 0.413378 1869.51
1.13788e-07 3.66671e-07 129024 28 0.285269 0.0429208 0.365021 4742.78
1.77897e-07 3.12916e-07 786432 419 2.204e-06 0.214905 0.328685 2011.37
1.13071e-07 3.46607e-07 129024 25 0.184905 0.0343654 0.275741 4668.08
1.92014e-07 3.08204e-07 786432 317 1.382e-06 0.227558 0.360858 1520.52
1.13551e-07 3.76081e-07 129024 28 0.184276 0.0637353 0.28054 4629.67
1.95891e-07 2.93669e-07 786432 379 1.383e-06 0.185227 0.331651 1488.25
1.11161e-07 4.03095e-07 129024 25 0.183966 0.0659506 0.290564 5855.5
1.98217e-07 2.99926e-07 786432 442 2.078e-06 0.255555 0.360415 1564.03
1.89747e-07 2.90526e-07 322560 97 8.843e-06 0.0815842 0.150095 1755.87
9.38879e-08 3.66481e-07 129024 28 0.300439 0.0283884 0.365133 7841.84
8.95353e-08 4.0153e-07 168192 122 0.199404 0.0911143 0.355681 4714.84
1.9554e-07 2.68048e-07 786432 398 1.701e-06 0.140091 0.342577 1705.83
2.13623e-07 3.17657e-07 779520 415 2.33e-06 0.402303 0.480421 1568.8
1.04634e-07 4.28099e-07 786432 347 0.0348233 0.420251 0.568141 4266.85
1.89621e-07 3.71142e-07 129024 18 0.301436 0.0754895 0.417285 1660.13
1.04957e-07 4.21458e-07 326400 175 0.265145 0.128893 0.460118 3698.84
1.66427e-07 3.73968e-07 129024 29 0.273492 0.0497094 0.342089 1591.68
1.04625e-07 3.74972e-07 786432 331 0.0798709 0.148655 0.364387 4127.49
1.73555e-07 3.62203e-07 786432 456 0.0228406 0.247839 0.430925 1511.2
1.08117e-07 3.60705e-07 775680 446 1.439e-06 0.235527 0.402371 3213.76
1.82386e-07 4.13312e-07 331008 134 0.151656 0.20448 0.439376 1660.81
1.36283e-07 3.60065e-07 786432 286 0.0487311 0.281152 0.466938 2253.57
1.71678e-07 3.87252e-07 129024 20 0.165065 0.0365149 0.241867 1687.51
1.35117e-07 3.34243e-07 786432 457 0.0808273 0.181633 0.389211 2293.46
1.59053e-07 3.49384e-07 129024 26 0.181424 0.0255354 0.221468 1809.7
1.43461e-07 3.16077e-07 786432 324 1.496e-06 0.191426 0.299798 1966.03
1.66114e-07 3.20514e-07 129024 24 0.233314 0.0264543 0.282517 1927.29
1.52195e-07 3.0267e-07 786432 412 1.473e-06 0.195855 0.331716 1898.56
1.52333e-07 3.24173e-07 132864 124 0.21487 0.0450159 0.304399 2063.79
1.41341e-07 3.1671e-07 129024 14 0.20633 0.0370116 0.282933 2352.61
1.56011e-07 2.90987e-07 786432 269 9.054e-06 0.19209 0.304469 2167.09
1.35869e-07 2.62495e-07 129024 24 8.628e-06 0.0191633 0.111701 2115.18
1.31239e-07 2.82271e-07 129024 29 0.358448 0.018646 0.414602 2568.1
1.87365e-07 2.92419e-07 129024 15 2.511e-06 0.053173 0.141403 2661.86
1.42835e-07 2.85429e-07 786432 309 8.304e-06 0.234405 0.300619 1858.99
1.54497e-07 2.8581e-07 786432 444 2.317e-06 0.225967 0.437666 1961.58
1.97845e-07 2.92546e-07 786432 486 1.777e-06 0.230467 0.502754 2026.63
2.56673e-07 3.66464e-07 129024 12 3.013e-06 0.0854313 0.190371 1980.54
1.7711e-07 3.02288e-07 786432 290 1.586e-06 0.289564 0.380144 1605.01
2.51195e-07 3.77383e-07 129024 24 3.26e-06 0.0543269 0.136531 2307.78
1.7551e-07 2.94161e-07 786432 501 2.417e-06 0.205772 0.332827 2023.76
1.60946e-07 2.74861e-07 134400 101 0.206621 0.0265656 0.269913 1947.32
2.53307e-07 4.0241e-07 129024 24 0.207538 0.0648367 0.304813 2362.08
1.64012e-07 2.74121e-07 786432 378 1.828e-06 0.21325 0.297254 1972.15
2.12973e-07 3.94586e-07 129024 29 0.233953 0.0468729 0.320253 2366.39
1.65668e-07 2.89683e-07 786432 369 1.839e-06 0.276771 0.347022 1943.79
1.87497e-07 3.6145e-07 129024 25 0.21824 0.0295348 0.284393 3044.95
1.72635e-07 3.02419e-07 786432 395 1.549e-06 0.277896 0.323488 1899.03
1.72636e-07 3.22223e-07 129024 26 0.229408 0.0213292 0.294235 2919.03
1.51065e-07 2.90895e-07 129024 25 0.17344 0.0213643 0.20605 3411.96
1.88761e-07 3.02138e-07 786432 335 1.424e-06 0.236725 0.377718 1559.9
1.12916e-07 3.90799e-07 129024 17 1.45e-06 0.101982 0.197173 -52106.5
1.97531e-07 3.14512e-07 786432 367 4.009e-06 0.286269 0.360222 1622.09
2.12e-07 3.45898e-07 786432 442 1.854e-06 0.370758 0.451327 1593.5
1.14634e-07 3.89466e-07 786432 445 0.0417174 0.302095 0.462311 3396.62
1.83117e-07 3.29853e-07 129024 18 0.333085 0.0342778 0.407352 1791.55
9.02684e-08 3.47936e-07 327168 146 0.24787 0.0594847 0.396259 -83990.3
1.83365e-07 3.31357e-07 786432 501 5.99e-06 0.265323 0.405961 2073.06
7.06661e-08 3.28426e-07 786432 455 0.0574834 0.196913 0.473645 -84051.9
1.80935e-07 3.5883e-07 129024 18 0.211678 0.0604763 0.311365 2073.7
5.57353e-08 3.21977e-07 321024 131 1.99e-06 0.0950801 0.186387 -185313
1.69263e-07 3.44494e-07 129024 28 0.13598 0.0370491 0.213196 2091.37
4.51027e-08 3.1816e-07 786432 388 0.0546788 0.238204 0.42988 326469
1.61298e-07 3.54455e-07 144384 138 0.0900869 0.0569307 0.206044 1686.77
3.73476e-08 3.19851e-07 135168 113 3.307e-06 0.0441481 0.149323 54558.6
1.43113e-07 3.20863e-07 129024 18 0.240566 0.0240623 0.302815 1700.06
3.29929e-08 3.15731e-07 277248 101 1.993e-06 0.0829669 0.190175 54108.7
1.45383e-07 3.16539e-07 288768 223 0.187661 0.0864119 0.350704 1851.73
5.31554e-08 3.03729e-07 532992 325 2.083e-06 0.136298 0.244904 3177.28
1.59754e-07 3.42238e-07 248064 89 0.182644 0.110397 0.360226 1927.21
8.43357e-08 3.09965e-07 626688 202 1.684e-06 0.209882 0.314774 2333.89
1.5442e-07 3.84429e-07 218112 188 0.16046 0.120658 0.368905 1623.82
1.55788e-07 3.70668e-07 181248 43 0.244296 0.0572066 0.351377 1697.24
1.02517e-07 3.02203e-07 786432 501 0.0374627 0.213245 0.424325 2221.51
1.4648e-07 4.02322e-07 180480 77 0.256138 0.0954623 0.407955 1712.26
1.18906e-07 3.01569e-07 786432 363 0.0790593 0.235171 0.408643 2311.04
1.327e-07 3.3216e-07 786432 394 2.379e-06 0.35745 0.441165 2428.45
1.6667e-07 4.12956e-07 786432 408 0.044897 0.358212 0.521487 1653.54
1.35589e-07 3.07801e-07 648960 222 0.0715392 0.13652 0.294532 2406.22
1.65826e-07 3.96327e-07 326400 182 0.172557 0.107651 0.380329 1792.61
1.27596e-07 2.95064e-07 326400 192 0.103392 0.0796792 0.223996 2289.13
1.50525e-07 3.87595e-07 157440 102 0.186268 0.0555239 0.28325 1348.71
1.23084e-07 2.95123e-07 246528 120 0.104272 0.0728137 0.213542 2240.7
1.67212e-07 3.69278e-07 786432 349 0.0381862 0.232791 0.40138 1511.23
1.11422e-07 2.96124e-07 175872 133 0.146148 0.0527846 0.256786 2116.6
1.70916e-07 3.64404e-07 302592 196 0.243214 0.104367 0.42987 1326.88
1.27939e-07 2.77273e-07 786432 309 0.0906412 0.158755 0.387405 1719.7
1.88833e-07 3.55557e-07 786432 294 0.0510853 0.251791 0.477584 1705.42
1.47567e-07 2.89155e-07 786432 459 2.12e-06 0.264779 0.43832 1231.96
1.59232e-07 2.82737e-07 786432 277 0.0855427 0.202162 0.39105 1307.73
2.05175e-07 4.17397e-07 139776 145 0.26668 0.0929167 0.446934 1656.42
2.35037e-07 4.13785e-07 129024 12 0.16814 0.0515245 0.262875 1891.91
1.63045e-07 2.84672e-07 786432 410 2.413e-06 0.229963 0.288333 1329.63
2.29756e-07 4.59522e-07 129024 28 0.211135 0.0828936 0.351027 1747.11
1.82036e-07 2.97253e-07 786432 393 2.186e-06 0.273345 0.38874 1376.99
2.49617e-07 5.05405e-07 129024 23 0.227225 0.0888898 0.390187 1803.67
2.05897e-07 3.02535e-07 786432 299 1.396e-06 0.25454 0.410222 1209.73
2.8642e-07 5.00714e-07 129024 28 0.205203 0.062183 0.341548 1627.04
2.10139e-07 2.94482e-07 786432 486 2.098e-06 0.206259 0.372586 1367.58
2.66709e-07 4.3711e-07 129024 23 0.302886 0.0235717 0.362695 1776.3
1.85594e-07 2.77942e-07 142848 95 0.221403 0.0302524 0.289202 1194.12
2.47139e-07 4.14632e-07 129024 28 0.171271 0.0418969 0.24032 2749.77
1.91851e-07 2.86437e-07 786432 377 2.292e-06 0.251986 0.311118 1144.44
2.27331e-07 4.74375e-07 129024 25 0.308908 0.0920388 0.436835 3869.62
1.94209e-07 2.83662e-07 786432 435 1.551e-06 0.214353 0.289792 1139.11
2.08763e-07 5.53963e-07 129024 25 0.229121 0.11255 0.383977 4355.85
2.12466e-07 2.97563e-07 786432 324 3.008e-06 0.277741 0.338145 1096.08
1.8415e-07 5.40549e-07 129024 24 0.251544 0.0628211 0.35522 8705.02
2.13343e-07 2.93339e-07 786432 435 1.394e-06 0.217402 0.309325 1156.53
1.74227e-07 4.82202e-07 129024 25 0.254395 0.0321026 0.329927 4852.02
1.92419e-07 2.7693e-07 233472 125 0.209592 0.0493314 0.300069 1064.71
1.73443e-07 5.09397e-07 129024 23 0.143855 0.0797598 0.270382 5521.91
1.97041e-07 2.87177e-07 786432 440 2.386e-06 0.258081 0.333551 1184.27
1.66077e-07 5.22609e-07 129024 25 0.193522 0.0742479 0.319534 5662.27
2.06633e-07 2.90136e-07 786432 335 2.493e-06 0.237478 0.333198 1155.51
1.3213e-07 4.47384e-07 129024 24 0.311807 0.0188999 0.367677 -138462
1.90785e-07 2.70502e-07 311808 152 0.256032 0.059857 0.363635 1153.29
2.11197e-07 2.79777e-07 786432 385 1.442e-06 0.249203 0.389266 1102.61
1.03224e-07 4.26888e-07 786432 427 0.0466366 0.271244 0.484005 -62606.7
2.0293e-07 3.48029e-07 209664 157 0.21533 0.130208 0.387149 1080.28
1.03924e-07 4.00741e-07 786432 307 0.0653047 0.232905 0.336305 3873.51
1.1304e-07 3.65772e-07 786432 421 0.0350991 0.177649 0.442196 3510.42
2.1684e-07 4.00002e-07 130560 65 0.311335 0.079367 0.458889 1274.71
2.12553e-07 3.54982e-07 129024 25 0.271628 0.0225665 0.333537 1181.46
1.15782e-07 3.39012e-07 786432 339 0.0376076 0.182431 0.344556 3166.55
2.15515e-07 3.48198e-07 129024 28 0.258043 0.0414248 0.344607 1314.44
1.21246e-07 3.26256e-07 786432 470 0.051557 0.216453 0.452772 3220.98
2.07042e-07 3.33255e-07 129024 25 0.238253 0.0352858 0.298296 1390.45
1.36832e-07 3.15375e-07 786432 282 1.611e-06 0.213789 0.32217 2664.22
2.07707e-07 3.02634e-07 129024 28 0.234326 0.0232439 0.301293 1478.98
1.43808e-07 3.05581e-07 786432 462 1.61e-06 0.20951 0.388955 2662.32
1.698e-07 3.17097e-07 786432 282 2.42e-06 0.285603 0.425357 2085.49
2.21979e-07 3.07221e-07 786432 405 2.003e-06 0.256038 0.527532 1433.15
1.75002e-07 3.11015e-07 786432 453 3.144e-06 0.225459 0.421178 2334.43
2.16253e-07 3.37341e-07 175872 107 0.195567 0.0805172 0.367583 1307.77
1.77015e-07 3.10293e-07 786432 282 1.873e-06 0.241754 0.341857 2461.62
2.59445e-07 3.57822e-07 129024 24 0.318692 0.0567377 0.451444 1484.35
1.69757e-07 3.08543e-07 786432 413 1.412e-06 0.237142 0.349278 2823.18
2.52524e-07 4.51192e-07 134400 109 0.289831 0.110836 0.456509 1345.37
1.73343e-07 3.04692e-07 786432 339 1.6865e-05 0.227506 0.330365 2165.55
2.39163e-07 4.93124e-07 129024 18 0.177177 0.0852657 0.300494 1367.07
1.75521e-07 2.99771e-07 786432 397 1.627e-06 0.220269 0.327947 2224.07
1.64852e-07 2.81929e-07 786432 331 1.558e-06 0.16559 0.228712 2494.08
2.0465e-07 4.76281e-07 129024 30 0.150338 0.0527591 0.240261 1318.59
2.00333e-07 4.11053e-07 129024 24 0.207925 0.0193718 0.271263 1245.28
1.58809e-07 2.87261e-07 786432 404 1.453e-06 0.242684 0.349649 2487.42
2.23158e-07 4.42e-07 129024 28 0.174458 0.0730006 0.302487 1244.49
1.63173e-07 2.97304e-07 786432 331 2.308e-06 0.265404 0.345139 2255.21
2.16646e-07 4.01537e-07 129024 25 0.189436 0.030925 0.256556 1239.41
1.57932e-07 2.91244e-07 786432 404 2.039e-06 0.20998 0.332342 2434.55
1.55844e-07 2.90822e-07 786432 331 1.759e-06 0.227386 0.293448 2798.66
2.05691e-07 4.09904e-07 167424 91 0.227029 0.0742309 0.349907 1185.08
1.55692e-07 2.87596e-07 786432 404 1.075e-06 0.216024 0.361652 2922.16
1.79629e-07 4.14144e-07 129024 23 0.249167 0.0556231 0.34388 1195.46
1.61419e-07 2.88356e-07 786432 331 2.344e-06 0.229164 0.344323 2456.39
1.65056e-07 4.07974e-07 146688 88 0.215816 0.0562241 0.312062 1246.19
1.70088e-07 2.92118e-07 786432 404 6.323e-06 0.241564 0.386791 1818.91
1.8553e-07 3.85223e-07 786432 337 0.0267596 0.231382 0.46749 1277.11
1.69931e-07 2.80277e-07 786432 319 1.567e-06 0.183171 0.310109 1822.93
1.93697e-07 3.45576e-07 157440 149 0.276898 0.0294396 0.403329 1327.78
1.75736e-07 2.8165e-07 786432 403 3.186e-06 0.225818 0.358941 1945.8
1.86639e-07 3.16958e-07 129024 18 0.165489 0.0261258 0.232638 1420.09
1.75016e-07 2.88646e-07 786432 373 1.542e-06 0.249006 0.309353 2175.07
1.73207e-07 3.12328e-07 195840 216 0.176261 0.057539 0.260117 1235.9
2.08839e-07 3.43827e-07 129024 13 0.192744 0.0606184 0.315786 1273.3
1.83139e-07 2.86133e-07 786432 366 1.398e-06 0.217119 0.390708 2046.92
2.13272e-07 3.72231e-07 139776 143 0.219336 0.0679096 0.370338 1307.78
1.92315e-07 2.7478e-07 786432 376 2.484e-06 0.180381 0.383319 2024.91
1.65637e-07 2.9066e-07 129024 15 5.283e-06 0.0456976 0.132475 2009.88
1.8328e-07 3.3756e-07 129024 18 0.231654 0.02566 0.298337 1336.57
1.99995e-07 2.843e-07 129024 15 1.0356e-05 0.0333996 0.120355 2691.1
1.68475e-07 3.99613e-07 166656 140 0.181282 0.107964 0.324988 1367.34
1.54051e-07 3.75072e-07 150528 77 0.123616 0.0416821 0.186653 1333.19
1.70274e-07 2.98093e-07 129024 17 2.091e-06 0.0455792 0.143372 2603.17
1.51443e-07 3.33031e-07 306432 111 0.276503 0.050521 0.374649 1379.38
1.78032e-07 3.03735e-07 786432 297 2.424e-06 0.256616 0.405105 2920
1.68258e-07 3.4472e-07 786432 488 0.0321715 0.307868 0.464904 1139.26
1.69935e-07 3.11917e-07 786432 421 1.973e-06 0.271042 0.369028 3669.14
1.8703e-07 3.82042e-07 594432 266 0.0754959 0.31584 0.455288 1136.75
1.43474e-07 2.95095e-07 129024 23 0.232304 0.0293925 0.301596 5508.04
1.83627e-07 3.4725e-07 318720 108 0.188425 0.0663198 0.322962 1270.37
1.3616e-07 2.77395e-07 129024 17 2.508e-06 0.0266556 0.18585 7910.11
1.77318e-07 3.2975e-07 311808 126 0.261515 0.0809929 0.398295 1308.5
1.19656e-07 2.82052e-07 129024 15 2.717e-06 0.0387948 0.149507 7836.82
1.74591e-07 3.21369e-07 786432 428 0.039803 0.226367 0.36197 1359.87
1.05258e-07 3.55886e-07 129024 15 9.618e-06 0.0840237 0.154296 32791.4
1.92207e-07 3.18614e-07 635136 265 0.0947584 0.195364 0.424446 1631.13
1.72815e-07 2.90638e-07 256512 156 0.247274 0.045848 0.337679 1770.23
9.05721e-08 3.15491e-07 129024 22 0.223249 0.0198581 0.267049 33614.9
1.81151e-07 2.89005e-07 786432 329 2.946e-06 0.222144 0.306348 1524.13
7.43355e-08 3.37114e-07 129024 29 0.240292 0.0546552 0.308597 21182.5
1.84067e-07 3.06389e-07 786432 454 1.469e-06 0.295641 0.356072 1504.73
6.13584e-08 2.94042e-07 129024 20 0.276683 0.015709 0.300858 24818.6
6.94119e-08 3.60587e-07 129024 19 2.379e-06 0.0808683 0.201664 18013.7
2.02345e-07 3.1147e-07 786432 259 1.1063e-05 0.260932 0.328564 1143.87
1.93995e-07 2.91628e-07 786432 472 1.545e-06 0.166926 0.241702 1101.39
6.25338e-08 3.76268e-07 129024 23 0.226118 0.0566403 0.361343 18302.8
2.25382e-07 2.85612e-07 786432 323 1.563e-06 0.205692 0.37811 690.627
6.05899e-08 4.02749e-07 129024 26 0.193046 0.0656307 0.319638 22199.5
2.37298e-07 2.8507e-07 786432 392 1.691e-06 0.222483 0.33768 702.926
5.82991e-08 4.29298e-07 129024 23 0.212632 0.0690916 0.332603 21795.6
2.34405e-07 2.74331e-07 786432 302 1.295e-06 0.181963 0.268671 841.545
5.24916e-08 4.59033e-07 129024 28 0.203779 0.0745726 0.338515 21429.1
2.39045e-07 2.75639e-07 786432 418 1.914e-06 0.220884 0.317088 875.8
2.2882e-07 2.68587e-07 786432 347 4.927e-06 0.189044 0.254868 1100.19
4.52097e-08 3.99765e-07 129024 23 0.270754 0.0209914 0.331838 22263.3
4.59244e-08 4.20508e-07 129024 28 0.174406 0.0649606 0.280372 19415.9
2.38143e-07 2.84255e-07 786432 380 2.159e-06 0.272833 0.367975 909.727
4.31105e-08 4.07495e-07 129024 23 0.226973 0.045861 0.315536 19411.7
2.33738e-07 2.70946e-07 786432 370 6.321e-06 0.171213 0.298414 983.217
2.22341e-07 2.76762e-07 609024 287 1.653e-06 0.182724 0.270616 1078.74
3.64016e-08 3.63509e-07 129024 28 0.266746 0.0242001 0.300395 22141.8
4.33216e-08 3.30157e-07 129024 23 0.276977 0.0253858 0.356848 20786.9
2.34467e-07 2.85514e-07 786432 437 1.998e-06 0.252067 0.426921 1439.46
4.19699e-08 4.33544e-07 129024 26 0.231652 0.109295 0.377275 20296.3
2.46448e-07 3.05994e-07 786432 314 1.587e-06 0.30507 0.391398 1080.46
3.87504e-08 4.19424e-07 129024 25 0.220707 0.0468286 0.306164 20486.5
2.4369e-07 2.98095e-07 786432 477 2.381e-06 0.209582 0.342565 1186.86
3.6063e-08 4.61814e-07 129024 26 0.158236 0.0814622 0.281886 35668.8
2.35952e-07 2.90557e-07 786432 313 9.628e-06 0.204792 0.267497 1305.38
3.02015e-08 5.26121e-07 129024 23 0.181116 0.101071 0.322609 99611.6
2.34905e-07 2.8173e-07 774144 327 2.685e-06 0.190767 0.307794 1238.08
2.5923e-08 4.54751e-07 129024 28 0.210978 0.0218402 0.286438 76000.6
2.38228e-07 2.73986e-07 786432 394 2.531e-06 0.191109 0.351274 1130.31
2.19052e-08 3.96469e-07 129024 23 0.176802 0.0210747 0.218311 119325
2.2823e-07 2.64443e-07 786432 411 1.0644e-05 0.177949 0.276255 1036.14
2.18409e-07 2.49264e-07 786432 331 1.404e-06 0.148278 0.220938 1034.7
1.62318e-08 4.07412e-07 129024 28 0.248817 0.0582137 0.332622 -56714.8
2.08818e-07 2.32997e-07 786432 370 2.122e-06 0.132067 0.219308 972.428
8.68655e-09 4.20076e-07 786432 347 0.0691175 0.370198 0.56218 -56215.8
2.3633e-07 2.85856e-07 786432 429 3.506e-06 0.391085 0.487867 897.137
2.4919e-07 2.86289e-07 786432 331 1.52e-06 0.22651 0.363205 932.52
4.56343e-09 3.9106e-07 786432 400 0.0961247 0.216267 0.470227 -56452.6
-2.7199e-09 4.40175e-07 129024 15 1.883e-06 0.082141 0.169913 -58118.3
2.5794e-07 2.83623e-07 786432 351 1.873e-06 0.214662 0.396747 844.911
2.62361e-07 2.8231e-07 786432 456 5.728e-06 0.217888 0.357935 749.611
-4.60769e-09 4.13832e-07 786432 387 0.0259747 0.242583 0.400989 -58344.8
2.69656e-07 2.91853e-07 786432 310 1.817e-06 0.259543 0.331547 668.903
-7.67996e-09 3.96083e-07 786432 394 0.0199827 0.255661 0.418902 -38900.2
2.53476e-07 2.59439e-07 184320 128 0.180998 0.023921 0.246167 597.003
-1.11729e-08 3.68973e-07 786432 376 0.0614262 0.204893 0.401217 -31625.3
2.60363e-07 2.41675e-07 786432 269 1.42e-06 0.134182 0.359644 664.398
-1.27587e-08 3.41482e-07 786432 387 0.0346902 0.182073 0.377441 -38764.9
2.5485e-07 2.28616e-07 755712 390 1.242e-06 0.133291 0.290145 638.13
-1.15623e-08 3.37135e-07 786432 387 0.0646567 0.251457 0.487317 -135591
2.80662e-07 2.62875e-07 743424 349 2.428e-06 0.297306 0.42398 613.36
-9.75582e-09 3.66872e-07 129024 15 1.485e-06 0.0626828 0.178594 -481418
2.40889e-07 2.42321e-07 129024 25 0.29346 0.020657 0.353906 603.606
-9.82997e-09 4.95373e-07 129024 23 0.179529 0.130233 0.346753 -78129.2
2.54e-07 2.63677e-07 786432 408 2.234e-06 0.274543 0.351884 572.43
-8.92732e-09 4.37605e-07 129024 28 0.261922 0.0266481 0.32833 -60140.8
2.2529e-07 2.50929e-07 155136 124 0.256098 0.031018 0.32629 474.18
2.25007e-07 2.56577e-07 786432 356 7.71e-06 0.219545 0.280799 526.672
-9.87084e-09 4.11749e-07 786432 297 0.0533386 0.242477 0.393575 -60210.1
2.58531e-07 2.88942e-07 158976 132 0.15886 0.0665158 0.295788 469.865
-1.02711e-08 3.68236e-07 786432 430 0.0577789 0.152712 0.444724 -49328.5
2.36817e-07 2.66565e-07 206592 149 0.109681 0.0365786 0.205188 361.023
-6.12085e-09 3.33275e-07 786432 339 0.0278176 0.152119 0.304191 50736.7
2.24408e-07 2.57319e-07 226560 129 0.172232 0.0499192 0.303301 327.463
-3.24466e-09 3.00306e-07 786432 397 1.845e-06 0.13246 0.221467 50562.9
2.23124e-07 2.51932e-07 129024 23 0.199893 0.0297253 0.268527 318.308
-6.79384e-10 2.72261e-07 786432 339 1.725e-06 0.125892 0.255622 62991.6
1.95015e-07 2.80912e-07 129024 29 0.212935 0.0512005 1.12679 337.125
3.44401e-09 2.5972e-07 786432 389 2.217e-06 0.164801 0.941362 18653.9
2.93861e-07 2.84136e-07 786432 417 0.0144353 0.233597 0.731202 237.333
-2.66668e-09 2.65824e-07 786432 354 1.718e-06 0.228257 0.737174 -68525.5
-3.85448e-09 2.52726e-07 786432 389 1.684e-06 0.157549 0.256336 -66116.8
2.54498e-07 2.70721e-07 129024 20 0.266875 0.0280063 0.341441 243.423
2.64173e-07 2.54097e-07 148224 145 0.0869401 0.0278065 0.166888 209.422
1.236e-09 2.42984e-07 786432 347 1.538e-06 0.160444 0.276005 29859.7
4.07931e-09 2.33379e-07 786432 404 1.488e-06 0.153324 0.231081 25388.1
2.53925e-07 2.54062e-07 157440 96 0.180209 0.0399775 0.257959 157.747
1.04363e-08 2.28308e-07 786432 339 1.506e-06 0.163594 0.24021 15301.4
2.3803e-07 2.38517e-07 175104 128 0.242318 0.0308773 0.313143 258.149
1.53286e-08 2.50167e-07 786432 397 2.168e-06 0.265503 0.357247 19859.5
2.53753e-07 2.55798e-07 786432 302 2.809e-06 0.255531 0.373549 340.241
2.13723e-08 2.52057e-07 786432 319 2.269e-06 0.204173 0.333372 16729.9
2.68757e-07 2.48903e-07 340992 232 0.12617 0.0754693 0.31687 353.341
1.90222e-08 2.41941e-07 129024 19 3.278e-06 0.0259952 0.131524 34947.2
3.13107e-07 2.2788e-07 307968 105 0.168835 0.0442825 0.344173 362.169
2.26883e-08 2.34646e-07 129024 15 1.1904e-05 0.02651 0.120493 27587.2
2.89834e-07 2.3353e-07 716544 389 9.735e-06 0.183528 0.250151 387.172
3.10363e-07 2.42963e-07 748800 295 2.231e-06 0.210182 0.354315 292.586
2.33074e-08 2.38778e-07 738048 381 2.313e-06 0.188429 0.320651 21449.2
3.21374e-08 2.32821e-07 129024 13 2.774e-06 0.0269651 0.134445 17399.8
2.83742e-07 2.65176e-07 268032 164 0.166238 0.0948914 0.300366 290.622
2.6125e-07 2.62587e-07 216576 86 0.151019 0.0546266 0.244508 381.772
2.58319e-07 2.56125e-07 273408 233 0.121441 0.0629603 0.26228 299.322
3.35642e-08 2.52863e-07 780288 424 1.72e-06 0.25986 0.395021 18778.2
4.4431e-08 2.40808e-07 129024 12 1.779e-06 0.0248486 0.106395 18944.1
2.44171e-07 2.42842e-07 271104 98 0.189482 0.0514308 0.281968 457.768
2.53509e-07 2.42889e-07 238080 161 0.125297 0.0578725 0.248454 613.994
5.05197e-08 2.93309e-07 129024 17 1.743e-06 0.0649395 0.147939 26283.3
2.44799e-07 2.44882e-07 212736 140 0.133563 0.0537904 0.227318 767.263
4.26969e-08 2.85614e-07 129024 24 0.287372 0.0328796 0.33114 25793.3
2.17263e-07 2.3204e-07 193536 78 0.292551 0.0349673 0.349086 749.165
3.84421e-08 2.92399e-07 129024 28 0.189609 0.0412283 0.250505 25355.9
2.22728e-07 2.33003e-07 786432 460 3.179e-06 0.186268 0.339798 895.008
3.29693e-08 3.53578e-07 129024 25 0.254225 0.0771944 0.369843 45358.1
2.33329e-07 2.44655e-07 774144 327 1.938e-06 0.22548 0.320039 738.073
2.81412e-08 3.27003e-07 129024 25 0.263822 0.0284755 0.328544 46813
2.17813e-07 2.53404e-07 224256 106 0.250765 0.0646758 0.354053 675.386
2.96034e-08 3.66524e-07 129024 25 0.186297 0.0676872 0.306195 32472.2
2.34951e-07 2.51402e-07 786432 366 1.733e-06 0.191412 0.367389 662.373
2.3743e-07 2.77148e-07 234240 186 0.142877 0.0890419 0.291591 561.392
2.84239e-08 3.42354e-07 388608 213 0.168796 0.0954718 0.3861 24873
2.2083e-07 2.576e-07 232704 107 0.1913 0.0417486 0.271329 550.587
2.51258e-08 3.0787e-07 221184 106 0.216229 0.0375862 0.277686 22575.1
