1.67507e-07 1.61373e-07 134400 880 0.188427 0.0216886 0.446825 1166.67
1.78182e-07 2.57004e-07 134400 880 0.212914 0.0345413 0.463144 1166.67
2.16143e-07 2.36362e-07 783360 277 3.08e-06 0.2439 0.37467 1835.42
2.3929e-07 2.98994e-07 786432 277 1.522e-06 0.268161 0.418175 1093.75
2.04156e-07 2.36218e-07 751104 295 1.852e-06 0.177209 0.247191 1530.4
1.87582e-07 2.564e-07 188928 55 0.216996 0.0323467 0.297307 1036.7
2.28645e-07 2.68932e-07 786432 319 4.056e-06 0.288678 0.467368 1529.9
2.20046e-07 2.7575e-07 786432 286 2.222e-06 0.262512 0.445369 1101.82
2.19184e-07 2.62243e-07 129024 28 0.182795 0.0268649 0.247574 1158.48
2.23735e-07 2.67751e-07 737280 347 1.371e-06 0.193923 0.314514 1374.7
2.04143e-07 3.16013e-07 129024 23 0.197534 0.0754611 0.3308 1188
2.33534e-07 2.79377e-07 786432 277 6.576e-06 0.265428 0.374787 1525.67
2.28508e-07 2.8613e-07 740352 371 1.947e-06 0.241832 0.32681 1537.81
1.8572e-07 2.95766e-07 129024 23 0.376728 0.0224868 0.435455 1207.43
2.30086e-07 2.76992e-07 129024 12 2.103e-06 0.0274856 0.123932 1511.35
1.57016e-07 2.80955e-07 129024 23 0.254792 0.0228734 0.3177 -8401.03
2.48184e-07 3.07939e-07 261120 85 4.299e-06 0.145056 0.228357 1456.4
1.21279e-07 2.84468e-07 786432 286 1.169e-06 0.245811 0.337782 -9048.92
2.80361e-07 3.17396e-07 129024 12 2.448e-06 0.0519334 0.150579 1456.98
1.11722e-07 2.84409e-07 786432 393 1.384e-06 0.223253 0.3207 24423.7
1.02689e-07 2.77262e-07 292608 97 2.405e-06 0.0602155 0.145885 45737.6
2.67914e-07 3.25817e-07 129024 15 1.894e-06 0.052904 0.148523 1515.31
8.39518e-08 2.53202e-07 129024 13 1.467e-06 0.020252 0.153664 56913.2
2.3318e-07 3.49572e-07 129024 15 1.707e-06 0.057363 0.145543 7971.28
6.96278e-08 2.56026e-07 129024 17 1.2071e-05 0.0344909 0.119248 55446.4
2.15173e-07 3.30841e-07 129024 15 2.137e-06 0.0330194 0.146325 9769.7
5.87638e-08 2.86814e-07 129024 12 1.674e-06 0.0528956 0.165736 64160.2
1.76695e-07 2.94444e-07 129024 12 1.635e-06 0.0192062 0.123996 12922.5
5.91544e-08 2.86416e-07 188160 35 1.0433e-05 0.0535924 0.16558 18541.1
2.30403e-07 3.0314e-07 230400 42 1.565e-06 0.0778575 0.159857 1534.6
4.85263e-08 2.73883e-07 129024 25 0.279711 0.0288693 0.318346 25648
2.47598e-07 3.1586e-07 617472 211 1.368e-06 0.22645 0.354688 1588.89
4.82255e-08 2.89908e-07 598272 267 2.034e-06 0.211792 0.413994 21981.1
2.36087e-07 3.09269e-07 762624 311 1.645e-06 0.21575 0.295195 1575.07
4.45526e-08 2.67233e-07 307968 67 0.207812 0.0543663 0.323367 28523.8
3.14079e-08 2.89481e-07 552192 245 4.006e-06 0.208991 0.303019 -44406.9
2.35456e-07 3.20322e-07 786432 377 2.187e-06 0.286683 0.422762 1568.9
3.83887e-08 3.0317e-07 786432 276 0.0624972 0.281486 0.459346 15220.9
2.42768e-07 3.33518e-07 786432 364 2.908e-06 0.303799 0.447218 1580.23
4.74265e-08 3.73211e-07 129024 24 1.725e-06 0.0843009 0.199596 12404.3
2.11029e-07 3.68856e-07 129024 17 1.997e-06 0.0658291 0.172588 1595.77
4.35489e-08 3.28803e-07 318720 83 0.207572 0.0481818 0.296465 16117.5
2.39327e-07 3.79425e-07 129024 20 0.228991 0.0544097 0.313843 1638.98
4.23833e-08 3.08335e-07 306432 73 0.188729 0.0693954 0.304833 15210
2.03837e-07 3.3392e-07 129024 25 0.231822 0.0195989 0.289227 1603.96
1.9006e-07 3.3207e-07 129024 18 0.195186 0.0418902 0.270867 1623.71
3.89199e-08 3.12829e-07 786432 422 1.256e-06 0.260155 0.368538 27645.8
1.60781e-07 3.18343e-07 129024 23 0.255124 0.0339894 0.328071 1514.78
3.55164e-08 3.00926e-07 129024 24 0.26008 0.0326835 0.339564 30643.3
1.93482e-07 3.10995e-07 595968 181 0.063678 0.167826 0.427723 1482.66
3.6015e-08 3.04105e-07 595968 281 1.593e-06 0.188817 0.392297 23672.4
1.91457e-07 4.01088e-07 129024 28 0.239384 0.0982468 0.389305 1442.01
4.34136e-08 2.97558e-07 677376 222 1.947e-06 0.183817 0.321996 13978.8
2.11438e-07 3.49338e-07 129024 18 0.313149 0.0183649 0.369565 1546.62
3.7828e-08 2.83686e-07 129024 25 0.317701 0.0294432 0.388735 14802.3
2.22417e-07 4.57329e-07 129024 18 0.179813 0.11474 0.337999 1596.42
4.42592e-08 2.9522e-07 786432 262 2.948e-06 0.268454 0.414349 14705.4
1.97948e-07 4.08189e-07 129024 24 0.234438 0.0273051 0.300473 1550.97
3.77218e-08 2.66728e-07 129024 29 0.237032 0.0197099 0.293371 16002.4
1.70006e-07 3.81514e-07 129024 18 0.170621 0.0354581 0.222755 1535.18
3.74697e-08 2.6228e-07 786432 354 1.546e-06 0.192272 0.266387 13537.1
1.97559e-07 4.45808e-07 150528 54 0.219213 0.105819 0.388963 1512.36
3.99265e-08 2.75649e-07 786432 377 4.466e-06 0.258833 0.387897 16147
1.61021e-07 4.21035e-07 129024 18 0.286261 0.041538 0.371848 21763.2
4.13669e-08 2.43615e-07 129024 25 0.236259 0.0148995 0.290407 16100.2
1.30573e-07 3.81733e-07 129024 29 0.138316 0.0289691 0.207369 23893.1
5.4287e-08 2.53765e-07 699648 216 1.251e-06 0.205953 0.317662 9643.27
1.05858e-07 3.44263e-07 129024 22 0.264112 0.02508 0.295387 25815.4
8.99812e-08 3.51678e-07 129024 25 0.272724 0.0492022 0.343539 30442.2
5.97061e-08 2.61016e-07 786432 319 3.371e-06 0.228081 0.374589 8731.56
6.16595e-08 2.60981e-07 786432 403 1.504e-06 0.205132 0.287872 6838.94
8.56348e-08 3.5878e-07 129024 14 0.234855 0.0499562 0.320257 23141.9
7.28121e-08 3.85326e-07 129024 29 0.142171 0.0634169 0.242521 24438.4
6.63744e-08 2.80673e-07 786432 354 1.389e-06 0.282677 0.33398 6475.53
6.87639e-08 4.4744e-07 129024 20 0.178174 0.089787 0.308829 24986.3
7.3032e-08 3.00187e-07 786432 377 1.649e-06 0.297461 0.431923 8078.61
6.00953e-08 4.7192e-07 129024 28 0.204567 0.0735228 0.332382 29046.8
7.42743e-08 3.04477e-07 786432 364 1.663e-06 0.252946 0.337623 7716.18
7.00479e-08 2.91026e-07 786432 393 2.039e-06 0.18656 0.245534 7537.82
5.00764e-08 4.12914e-07 129024 17 0.33132 0.0228235 0.400761 32547.7
4.38271e-08 3.78744e-07 129024 26 0.231409 0.0312322 0.286704 35984.1
7.23191e-08 2.84649e-07 786432 354 1.416e-06 0.203797 0.369709 7440.03
3.96053e-08 4.16569e-07 129024 18 0.186203 0.0732683 0.295704 43651
7.66557e-08 2.86987e-07 786432 377 1.715e-06 0.233049 0.398175 7853.43
3.65825e-08 4.13064e-07 129024 24 0.264563 0.0514863 0.360277 51108.9
7.63155e-08 2.85121e-07 786432 364 1.519e-06 0.218361 0.297317 7311.28
3.21929e-08 3.64588e-07 129024 18 0.25374 0.0220227 0.301217 50510.1
7.44277e-08 2.77363e-07 786432 393 1.83e-06 0.193721 0.283188 6012.06
8.25016e-08 2.7859e-07 786432 354 1.557e-06 0.222951 0.35283 5110.2
2.77484e-08 3.63814e-07 129024 26 0.212419 0.0465412 0.305772 55128.5
2.5884e-08 3.29073e-07 129024 17 0.229752 0.0245286 0.291487 55095.3
8.45606e-08 2.87581e-07 786432 377 1.415e-06 0.254449 0.366375 5910.79
2.31675e-08 3.75374e-07 129024 25 0.14979 0.072328 0.272174 60264.5
9.0234e-08 2.81656e-07 786432 364 1.209e-06 0.202865 0.383128 5754.28
2.19574e-08 4.03359e-07 129024 18 0.186648 0.0664862 0.290659 67196.1
9.01001e-08 2.6669e-07 786432 393 2.075e-06 0.162655 0.276981 5155.04
1.81722e-08 3.93924e-07 129024 25 0.22626 0.0459562 0.321688 82445.6
9.63572e-08 2.63478e-07 786432 354 2.779e-06 0.197103 0.356374 5245.89
1.78533e-08 4.48583e-07 129024 17 0.232506 0.0860869 0.367801 91781.5
9.85825e-08 2.72489e-07 786432 377 2.527e-06 0.242639 0.387386 5556.1
1.55618e-08 4.59793e-07 129024 29 0.247281 0.0651097 0.361459 136849
9.89246e-08 2.76205e-07 786432 364 1.521e-06 0.228908 0.347739 6044.55
-1.40703e-08 4.44697e-07 129024 20 0.20831 0.0495856 0.331835 -22164.3
1.00714e-07 2.767e-07 786432 393 1.456e-06 0.219163 0.404968 6579.59
-7.98791e-09 3.88308e-07 786432 375 0.0219306 0.127993 0.491664 57967.1
1.12442e-07 2.8172e-07 786432 354 1.551e-06 0.237346 0.529239 5947.51
-4.85037e-09 3.60866e-07 786432 388 0.0146619 0.197473 0.504719 123411
1.13805e-07 2.56983e-07 786432 393 1.702e-06 0.124284 0.422241 5973.07
-3.078e-09 3.61777e-07 786432 375 0.0202162 0.287379 0.470736 225261
1.13485e-07 2.60313e-07 786432 354 1.637e-06 0.215193 0.402612 5446.9
-1.96249e-09 3.6889e-07 786432 388 0.0314475 0.312482 0.44635 277961
1.14347e-07 2.80107e-07 786432 393 1.459e-06 0.282552 0.405013 4325.49
1.35869e-07 2.70398e-07 129024 25 0.237764 0.0298767 0.320182 4251.67
-4.24454e-10 3.53534e-07 786432 375 0.0572142 0.229723 0.477979 159025
1.2859e-07 3.63906e-07 129024 22 0.222646 0.0952117 0.352885 4116.64
6.96957e-10 3.39255e-07 786432 404 0.0512387 0.221885 0.376042 122111
1.1143e-07 3.20568e-07 129024 23 0.177159 0.0189945 0.233785 3803.23
7.05968e-10 3.31152e-07 786432 364 0.0490872 0.234937 0.458895 1.06903e+06
9.74928e-08 3.01878e-07 129024 26 0.178679 0.029304 0.232549 3878.43
-3.20196e-10 3.69917e-07 129024 26 0.316926 0.067735 0.423985 -108921
1.10939e-07 2.96131e-07 354816 134 0.242388 0.0969156 0.421306 3799.69
-2.99932e-09 3.43626e-07 786432 209 0.0527365 0.187534 0.379123 -85794.9
1.22742e-07 2.82304e-07 340992 161 0.179094 0.0774036 0.382883 3393.39
-6.43379e-09 3.75964e-07 786432 422 2.464e-06 0.397394 0.540836 -52700.5
1.36384e-07 3.1276e-07 786432 286 1.984e-06 0.34177 0.502892 4096.51
1.7451e-07 4.06565e-07 129024 24 1.1398e-05 0.100869 0.184955 3135.86
-7.8616e-09 3.68922e-07 786432 343 0.0194735 0.267983 0.367025 -68762.2
-7.11384e-09 3.42631e-07 786432 412 0.0320097 0.18675 0.307062 -111637
1.57897e-07 3.92592e-07 129024 20 0.272933 0.0434424 0.334376 4303.28
-5.80892e-09 3.56067e-07 243456 73 0.17448 0.0997715 0.325476 -1.64822e+06
1.4758e-07 3.76861e-07 129024 29 0.109326 0.0405056 0.176802 4085.41
-5.93279e-09 3.29538e-07 129024 25 0.290057 0.0288264 0.339026 -64654.9
1.43224e-07 3.30574e-07 129024 24 0.228833 0.0187632 0.279679 3958.82
1.39415e-07 3.2214e-07 129024 28 0.204078 0.037211 0.259984 3680.42
-7.88225e-09 3.28535e-07 786432 404 0.0486521 0.255217 0.435361 -48831.2
1.42525e-07 3.01398e-07 129024 23 0.204706 0.0281825 0.270768 3794.86
-9.90687e-09 3.12763e-07 786432 364 0.0337605 0.196351 0.383509 -43793.9
-1.06327e-08 2.88766e-07 786432 388 0.0782932 0.151609 0.325629 -39149.5
1.29476e-07 2.91901e-07 129024 28 0.262891 0.0327614 0.332655 4161.01
-1.18893e-08 2.82046e-07 786432 364 1.41e-06 0.200669 0.26011 -39369.6
1.38057e-07 3.04624e-07 129024 23 0.282612 0.0458698 0.382124 4281.19
-1.47481e-08 2.64811e-07 786432 393 3.482e-06 0.154039 0.28212 -27217
1.47839e-07 3.83339e-07 129024 28 0.238661 0.0900848 0.39325 4025.1
-1.89872e-08 2.82697e-07 786432 354 2.153e-06 0.278588 0.441348 -30522.8
1.88171e-07 4.2468e-07 129024 23 0.257319 0.0761297 0.421398 4049.65
-2.12868e-08 2.87575e-07 786432 377 1.665e-06 0.241501 0.407734 -31942.1
1.68408e-07 4.74978e-07 129024 22 0.18764 0.0872421 0.314974 3518.49
-2.10115e-08 3.07641e-07 786432 364 1.627e-06 0.305062 0.350771 -40252.5
1.55276e-07 4.41447e-07 129024 23 0.198349 0.039652 0.278147 3527.57
1.58596e-07 4.3169e-07 129024 28 0.150241 0.0506632 0.248514 4138.57
-2.15011e-08 3.12191e-07 786432 393 2.872e-06 0.259828 0.420719 -39620.1
1.48984e-07 4.26005e-07 129024 18 0.21454 0.0520305 0.303169 4165.67
-2.03245e-08 2.97029e-07 786432 354 1.754e-06 0.1859 0.294646 -45523.1
1.33918e-07 4.35353e-07 129024 29 0.199634 0.0609954 0.299427 4104.06
-2.01891e-08 2.96832e-07 726528 347 1.593e-06 0.215083 0.311095 -36641.3
-2.10502e-08 3.00005e-07 786432 252 1.678e-06 0.245915 0.32427 -44858.2
1.09536e-07 3.75511e-07 129024 23 0.30576 0.017566 0.355137 68166.9
-1.79414e-08 2.90334e-07 752640 404 1.74e-06 0.189401 0.270524 -93267.2
9.00295e-08 3.36005e-07 129024 22 0.2719 0.0229635 0.305523 28985.9
-1.55708e-08 2.86377e-07 582912 186 2.359e-06 0.157708 0.225691 -169768
7.18053e-08 2.97164e-07 129024 23 0.266562 0.0182957 0.290049 -168695
3.65824e-08 3.02342e-07 129024 13 2.949e-06 0.0416818 0.142732 -23122.7
2.53327e-08 3.06136e-07 529920 157 1.784e-06 0.204109 0.300488 3294.27
1.2254e-08 2.92644e-07 129024 15 1.393e-06 0.0327527 0.157022 -21950.3
4.69845e-08 3.0504e-07 786432 364 1.9e-06 0.236447 0.309626 3022.85
-5.78949e-09 3.31508e-07 255744 41 1.844e-06 0.124539 0.215289 -29416.4
6.8316e-08 3.04039e-07 786432 377 2.197e-06 0.235956 0.338209 2946.17
9.65692e-08 3.15649e-07 786432 364 2.468e-06 0.28476 0.446631 2615.92
-1.11991e-08 3.33419e-07 786432 375 0.0273993 0.268224 0.600185 -37550.3
1.24961e-07 3.00375e-07 786432 393 1.859e-06 0.188175 0.490367 2480.06
-1.56857e-08 3.01876e-07 786432 388 0.0567748 0.138178 0.524626 -32470.4
-1.92935e-08 2.86443e-07 129024 15 1.738e-06 0.0289929 0.116173 -33137.2
1.43139e-07 2.98176e-07 786432 354 4.968e-06 0.227578 0.437678 2532.23
1.43395e-07 2.75098e-07 786432 377 1.583e-06 0.143749 0.28326 2323.83
-2.63476e-08 3.20366e-07 774912 277 2.364e-06 0.353405 0.543859 -33551.9
1.67099e-07 3.17487e-07 786432 364 8.0022e-05 0.383026 0.542247 2174.33
-2.60364e-08 3.57026e-07 129024 23 0.192795 0.0649849 0.29772 -34704.5
1.70764e-07 3.08376e-07 786432 393 1.565e-06 0.213857 0.338804 2147.25
-2.89719e-08 3.88709e-07 129024 24 0.212712 0.0665041 0.305909 -35358.4
1.7929e-07 2.9701e-07 786432 354 1.814e-06 0.197821 0.339791 2019.44
-2.77724e-08 4.10081e-07 129024 26 0.268231 0.0639404 0.369745 -32833.9
1.83293e-07 2.92596e-07 786432 377 1.933e-06 0.216222 0.336514 1905.48
-3.09298e-08 3.88858e-07 129024 18 0.224973 0.0392191 0.303703 -32515
1.94227e-07 2.89266e-07 786432 364 1.975e-06 0.217014 0.373688 1736.51
-3.10939e-08 3.97824e-07 129024 25 0.205835 0.055956 0.301375 -29897.6
1.88581e-07 2.76298e-07 786432 393 1.409e-06 0.176496 0.266581 1514.17
-3.11749e-08 3.67548e-07 129024 18 0.177824 0.0317972 0.237711 -28969.1
1.97717e-07 2.68841e-07 786432 354 1.891e-06 0.187967 0.336875 1389.75
1.98184e-07 2.65127e-07 786432 377 1.471e-06 0.196822 0.286222 1252.51
-2.74785e-08 3.70458e-07 129024 29 0.278613 0.0492995 0.349866 -28716.3
-3.10407e-08 3.32602e-07 129024 23 0.169456 0.0233765 0.245343 -28893.9
2.16041e-07 2.7234e-07 786432 364 1.592e-06 0.236864 0.402179 1180.53
-3.01147e-08 3.18314e-07 129024 26 0.247081 0.0336961 0.316036 -27495.4
2.16559e-07 2.81672e-07 786432 393 7.643e-06 0.250873 0.338133 1051.83
2.21226e-07 2.77577e-07 129024 15 1.6e-06 0.0337007 0.147767 1082.74
-2.68834e-08 2.86223e-07 129024 18 0.371955 0.0203676 0.398449 -23081
2.775e-07 2.85897e-07 129024 13 1.861e-06 0.0411815 0.139174 1060.21
-2.97237e-08 2.9342e-07 786432 354 1.791e-06 0.253393 0.353539 -23181.4
3.37799e-07 4.03558e-07 129024 15 1.832e-06 0.112793 0.208311 988.57
-3.0656e-08 3.08076e-07 786432 377 3.269e-06 0.288385 0.365267 -24802.2
-2.97284e-08 2.96693e-07 786432 364 2.453e-06 0.197523 0.270708 -25253.1
3.50194e-07 3.9287e-07 129024 22 0.187798 0.0451738 0.268885 870.818
3.30675e-07 3.57998e-07 129024 25 0.241061 0.0281931 0.303196 930.655
-3.211e-08 3.14331e-07 786432 393 1.501e-06 0.302683 0.417832 -23205.3
-3.3289e-08 3.11208e-07 786432 354 1.3275e-05 0.234918 0.351596 -23353.9
2.87854e-07 3.41636e-07 129024 23 0.248683 0.0356346 0.302174 1021.5
2.63459e-07 3.02865e-07 129024 25 0.204808 0.0190678 0.244429 1017.54
-3.33525e-08 3.10116e-07 786432 393 1.523e-06 0.24045 0.343635 -23344.4
2.33491e-07 3.77882e-07 129024 12 2.112e-06 0.0874715 0.194887 1065.92
-3.61313e-08 3.23269e-07 786432 354 5.467e-06 0.295604 0.40738 -23416.7
-3.50325e-08 3.13949e-07 786432 393 1.598e-06 0.217583 0.321248 -23504.9
2.01948e-07 3.24582e-07 129024 25 0.192976 0.0143712 0.21771 1119.47
-3.65636e-08 3.11147e-07 786432 354 5.094e-06 0.235883 0.399178 -23070.2
2.42555e-07 3.06247e-07 602880 195 0.12241 0.140413 0.470661 1103.51
2.83984e-07 2.89362e-07 238080 42 1.597e-06 0.0528113 0.152639 1226.06
-3.73654e-08 2.93587e-07 786432 393 3.571e-06 0.175646 0.409092 -22876.7
3.22062e-07 3.37257e-07 129024 13 4.392e-06 0.0682328 0.152317 1263.08
-3.73873e-08 3.05619e-07 786432 354 2.028e-06 0.278196 0.361494 -23661.2
-3.60346e-08 2.96731e-07 786432 377 1.569e-06 0.205399 0.315668 -25330.4
2.70172e-07 3.0015e-07 129024 25 0.26653 0.0195757 0.293641 1201.55
-3.53869e-08 2.90464e-07 786432 364 2.002e-06 0.208717 0.335572 -26879.2
2.66657e-07 2.97216e-07 129024 23 0.252448 0.036834 0.317286 1171.03
3.10379e-07 3.58142e-07 129024 15 5.354e-06 0.0776527 0.174533 1027.73
-3.43889e-08 2.97101e-07 786432 393 2.425e-06 0.254527 0.370498 -27006.4
-3.27491e-08 2.86373e-07 786432 354 1.781e-06 0.191464 0.315515 -31497.3
2.85029e-07 3.61815e-07 129024 17 0.280007 0.048578 0.38288 976.012
-3.10385e-08 2.70213e-07 766464 362 1.258e-06 0.157565 0.299775 -31804.4
-2.98394e-08 2.58097e-07 786432 252 2.119e-06 0.164863 0.23724 -31372.2
2.52531e-07 3.92095e-07 129024 25 0.228348 0.0662175 0.333093 1088.05
-2.7435e-08 2.61009e-07 761856 404 1.963e-06 0.207726 0.282751 -33812.9
2.30088e-07 3.39841e-07 129024 23 0.266903 0.0168797 0.305872 1150.56
2.15433e-07 3.25416e-07 129024 18 0.20823 0.0345413 0.290941 1169.92
-3.16281e-08 2.55057e-07 786432 246 2.281e-06 0.181859 0.365838 -29859.2
2.10986e-07 3.24094e-07 129024 29 0.184003 0.0411338 0.265292 1169.98
-2.87516e-08 2.44811e-07 754944 404 2.289e-06 0.153881 0.262816 -32335.5
2.07979e-07 2.98801e-07 129024 17 0.186598 0.0254988 0.269188 1233.41
4.97481e-09 2.45834e-07 783360 246 3.642e-06 0.195781 0.347545 5557.2
2.89032e-08 2.644e-07 786432 319 2.182e-06 0.266334 0.364099 5034.24
2.04923e-07 3.0407e-07 129024 29 0.335907 0.0419514 0.407405 1380.98
2.59173e-07 3.27234e-07 129024 12 1.556e-06 0.0541763 0.184004 1499.41
4.52616e-08 2.55592e-07 786432 403 1.731e-06 0.173301 0.375818 4819.52
5.96883e-08 2.6333e-07 786432 354 1.599e-06 0.231431 0.319475 4754.89
2.24566e-07 2.87382e-07 129024 25 0.251607 0.0165115 0.281983 1635.59
2.55588e-07 3.11652e-07 312576 57 1.605e-06 0.127759 0.222816 1742.99
7.26532e-08 2.78518e-07 786432 377 5.327e-06 0.266813 0.347444 4306.04
8.78669e-08 2.92847e-07 786432 364 1.517e-06 0.275379 0.366103 4198.36
2.43371e-07 3.30781e-07 129024 28 0.302427 0.0525514 0.382985 1752.12
8.82852e-08 2.82991e-07 786432 393 1.1462e-05 0.19155 0.265892 4168.26
2.08157e-07 2.9227e-07 129024 18 0.259529 0.0178343 0.316644 1825.47
1.02333e-07 3.01429e-07 786432 354 5.266e-06 0.295055 0.435353 3986.57
2.11433e-07 3.05555e-07 754944 371 1.698e-06 0.270794 0.413268 1658.9
2.14631e-07 3.54463e-07 129024 12 6.0875e-05 0.0709752 0.159968 1741.37
1.05478e-07 2.99765e-07 786432 377 1.159e-06 0.23051 0.285944 3595.27
1.02025e-07 2.77304e-07 129024 15 3.467e-06 0.0241864 0.173151 3557.2
1.82691e-07 3.12035e-07 129024 23 0.276798 0.0183632 0.308251 1813.38
1.65586e-07 3.4186e-07 129024 12 1.993e-06 0.0774252 0.193821 3209.73
1.89237e-07 3.0444e-07 786432 364 1.96e-06 0.215528 0.397573 2511.72
2.37912e-07 3.56724e-07 129024 15 2.495e-06 0.0536975 0.170821 3120.4
1.85799e-07 3.07198e-07 776448 377 1.847e-06 0.24709 0.421328 2895.08
2.2629e-07 4.0067e-07 129024 12 2.491e-06 0.0743766 0.159342 3222.47
1.94079e-07 2.89104e-07 786432 246 3.977e-06 0.170443 0.37933 3090.62
1.7981e-07 2.81047e-07 675840 357 7.821e-06 0.16816 0.320733 3350.61
2.74078e-07 3.70524e-07 129024 19 5.698e-06 0.0322482 0.136852 3099.65
1.63224e-07 2.85833e-07 129024 12 8.48e-06 0.0393498 0.119313 3475.26
2.65392e-07 3.58561e-07 129024 15 8.716e-06 0.040089 0.149512 2997.61
1.68199e-07 2.98577e-07 592128 237 2.384e-06 0.206979 0.329407 3626.35
2.58353e-07 3.37902e-07 129024 13 6.211e-06 0.0329355 0.110648 2850.54
2.50344e-07 3.16256e-07 129024 15 5.994e-06 0.0296333 0.0969987 2892.68
1.70713e-07 2.96229e-07 717312 217 1.489e-06 0.205754 0.322769 3511.33
1.605e-07 2.88405e-07 758784 335 2.38e-06 0.19509 0.263652 3516.97
2.19422e-07 3.53149e-07 129024 12 1.541e-06 0.0646048 0.23953 2776.34
1.66777e-07 3.03547e-07 772608 248 1.59e-06 0.281318 0.329144 3576.72
1.85341e-07 3.22885e-07 129024 24 0.273194 0.0260407 0.308657 2640.83
1.59409e-07 2.9359e-07 779520 377 4.152e-06 0.197813 0.336221 4292.4
2.30531e-07 4.47115e-07 129024 12 2.09e-06 0.121803 0.229681 3360.78
1.60205e-07 3.18192e-07 774912 262 1.485e-06 0.322829 0.377343 4847.42
1.49159e-07 3.03899e-07 766464 328 2.271e-06 0.189106 0.259431 3858.2
1.97604e-07 3.86563e-07 129024 24 0.342051 0.0186253 0.373452 3374.73
1.86099e-07 4.10193e-07 129024 28 0.153685 0.0651201 0.273895 3394.25
1.57518e-07 3.04583e-07 786432 277 1.616e-06 0.241684 0.383516 3554.86
1.89169e-07 4.15526e-07 129024 18 0.231356 0.0563654 0.349775 3283.48
1.58579e-07 2.97162e-07 786432 422 2.327e-06 0.210355 0.438267 3519.53
2.00154e-07 4.57369e-07 129024 25 0.254602 0.0806066 0.400454 3312.09
1.63104e-07 3.17786e-07 784896 335 1.7e-06 0.314181 0.424563 3388.32
1.96811e-07 4.41756e-07 129024 18 0.252172 0.0489394 0.353618 3337.3
1.64397e-07 3.24445e-07 786432 269 1.852e-06 0.276098 0.351812 3850.29
1.78258e-07 4.1962e-07 129024 25 0.171325 0.0427167 0.250774 3177.75
1.57823e-07 3.25791e-07 775680 436 1.818e-06 0.256887 0.33026 3246.18
1.52881e-07 3.65794e-07 129024 25 0.197662 0.0194169 0.226731 3141.8
1.58907e-07 3.09034e-07 786432 252 2.157e-06 0.19032 0.2978 3260.07
1.33936e-07 3.62737e-07 129024 18 0.201806 0.0452241 0.261694 3154.38
1.56956e-07 3.01146e-07 786432 422 1.68e-06 0.212017 0.320115 2792.97
1.17065e-07 3.60727e-07 129024 25 0.19913 0.0455047 0.265963 3137.61
1.26548e-07 3.35752e-07 129024 25 0.20407 0.0304308 0.271677 3071.97
1.58335e-07 3.05415e-07 786432 335 1.721e-06 0.253617 0.389349 3096.2
1.21672e-07 4.16285e-07 129024 18 0.180516 0.0952732 0.323591 3177.14
1.61401e-07 3.07637e-07 786432 403 1.812e-06 0.248927 0.436606 3425.14
1.31104e-07 4.3142e-07 129024 25 0.221612 0.0634751 0.359596 3222.44
1.59995e-07 2.99193e-07 754944 328 5.375e-06 0.200372 0.343067 3564
1.22256e-07 3.8598e-07 129024 25 0.188127 0.0263489 0.253187 3350.58
1.50456e-07 3.04393e-07 129024 13 2.456e-06 0.0419581 0.146195 3555.16
1.80591e-07 4.24824e-07 129024 18 0.237582 0.0748595 0.382659 3173.94
1.48918e-07 3.04385e-07 753408 335 6.52e-06 0.229302 0.305978 3567.32
1.80673e-07 4.94065e-07 129024 29 0.258505 0.0994816 0.415949 3307.69
1.50404e-07 3.04146e-07 786432 277 4.123e-06 0.238437 0.288844 3409.83
1.3717e-07 2.85684e-07 129024 24 2.251e-06 0.0273319 0.110199 3332.98
1.58181e-07 4.3204e-07 129024 24 0.37261 0.0237325 0.435852 3631.86
1.64117e-07 3.75245e-07 129024 18 0.236119 0.0191038 0.299207 3851.38
1.41075e-07 2.75606e-07 774144 231 2.98e-06 0.18215 0.281814 2950.96
1.3999e-07 2.68968e-07 786432 354 3.072e-06 0.190645 0.291195 2984.24
1.56744e-07 3.54752e-07 129024 29 0.274943 0.0351949 0.343126 3999.77
1.41338e-07 2.67047e-07 786432 377 7.683e-06 0.203971 0.314954 2742.28
1.41933e-07 3.66109e-07 129024 18 0.206261 0.0530985 0.298602 4196.43
1.33247e-07 3.34679e-07 129024 25 0.194692 0.0269603 0.259846 4003.94
1.48356e-07 2.74816e-07 786432 364 1.714e-06 0.240563 0.457506 3007.55
1.09243e-07 3.56229e-07 129024 18 0.225015 0.0570842 0.324242 66207.5
1.43973e-07 2.69276e-07 786432 393 1.306e-06 0.194342 0.294997 2906.39
9.1207e-08 4.44955e-07 129024 29 0.203731 0.103201 0.367739 53251.3
1.47565e-07 2.85431e-07 786432 354 1.928e-06 0.275289 0.335973 2837.79
1.4443e-07 2.74074e-07 786432 377 3.947e-06 0.179817 0.275916 2627.19
7.4229e-08 4.07096e-07 129024 18 0.225996 0.0329862 0.298206 56062.1
6.13669e-08 3.59504e-07 129024 29 0.173561 0.0218227 0.242293 71020.1
1.51134e-07 2.76088e-07 786432 364 1.823e-06 0.223459 0.361455 2648.76
5.13841e-08 3.35991e-07 129024 18 0.26005 0.031216 0.346067 91679.8
1.59094e-07 2.81853e-07 786432 393 1.89e-06 0.239793 0.418029 2839.83
4.28855e-08 3.70526e-07 129024 25 0.190921 0.06563 0.283283 114329
1.57927e-07 2.7577e-07 784896 354 1.494e-06 0.197351 0.297079 2743.18
3.79574e-08 4.05917e-07 129024 18 0.248584 0.0706379 0.374375 78318.5
1.69518e-07 2.84811e-07 786432 246 1.739e-06 0.252428 0.362596 2628.4
3.52697e-08 4.4485e-07 129024 30 0.237212 0.0774895 0.385409 73110.6
1.68578e-07 2.82803e-07 780288 422 2.341e-06 0.214398 0.325862 2528.45
2.5676e-08 4.08694e-07 129024 23 0.246812 0.0340714 0.320335 -47209.1
1.74831e-07 2.76762e-07 786432 235 1.695e-06 0.198653 0.332653 2396.7
1.67174e-08 3.95557e-07 786432 412 0.0383328 0.269756 0.484967 -47326.7
1.82494e-07 2.98929e-07 774912 422 1.867e-06 0.300352 0.485449 2126.76
2.02802e-07 2.85111e-07 129024 12 7.054e-06 0.0296546 0.101836 2133.76
1.07373e-08 3.71629e-07 786432 364 0.0454113 0.216989 0.330179 -42627.6
5.16477e-09 3.54206e-07 786432 388 0.0332096 0.223749 0.453186 -49910.4
2.0953e-07 2.89527e-07 707328 266 7.624e-06 0.217285 0.388091 2192.09
1.76204e-07 2.73471e-07 129024 12 2.208e-06 0.0269978 0.101003 2099.83
3.98109e-10 3.45189e-07 786432 375 0.0345353 0.243106 0.456167 -50462.4
1.87033e-07 2.62447e-07 129024 28 0.212041 0.0281727 0.279172 2139.83
-3.04019e-09 3.37461e-07 786432 404 0.0627619 0.241078 0.49897 -51829.6
1.86968e-07 2.56213e-07 705024 207 1.958e-06 0.163056 0.308973 2391.66
1.97483e-07 2.71623e-07 707328 338 1.637e-06 0.235725 0.405272 2334.64
-4.09379e-09 3.43463e-07 786432 364 0.0377598 0.28899 0.561672 -143304
2.3834e-07 2.53865e-07 129024 13 2.144e-06 0.0235902 0.1285 2213.96
-8.40627e-09 3.17747e-07 786432 404 0.0712779 0.168991 0.454522 -33530.4
2.25748e-07 2.39332e-07 578304 245 2.251e-06 0.104787 0.244728 2359.31
-1.38222e-08 3.25526e-07 786432 354 1.998e-06 0.280473 0.391052 -29214.6
2.28957e-07 2.69622e-07 592896 200 7.135e-06 0.231694 0.327722 2390.98
1.93935e-07 2.71679e-07 129024 25 0.212242 0.0361149 0.287259 2251.84
-1.58237e-08 3.15864e-07 786432 393 2.7804e-05 0.218012 0.337775 -31638.6
1.72441e-07 2.51247e-07 129024 23 0.295869 0.0218717 0.332614 2127.14
-1.92906e-08 3.15675e-07 786432 354 2.134e-06 0.247664 0.441796 -32000
1.86788e-07 2.60236e-07 744192 231 1.991e-06 0.220424 0.345368 2329.39
-2.13058e-08 3.20282e-07 786432 393 1.966e-06 0.266373 0.47654 -31705.4
1.91611e-07 2.59722e-07 754944 311 1.504e-06 0.194523 0.371455 2328.02
-2.38749e-08 2.97993e-07 786432 354 1.911e-06 0.164235 0.455237 -31994.4
2.04943e-07 2.53788e-07 742656 241 5.543e-06 0.17085 0.397167 2350.15
-2.53952e-08 2.82325e-07 786432 393 1.168e-06 0.172743 0.449529 -32052.4
2.10272e-07 2.40055e-07 708096 282 1.941e-06 0.131085 0.366566 2399.69
-2.70478e-08 2.69829e-07 764928 328 3.803e-06 0.168165 0.403213 -33182.4
2.12942e-07 2.36857e-07 683520 201 1.737e-06 0.153152 0.305044 2298.98
-3.07656e-08 3.52268e-07 129024 12 1.789e-06 0.0879976 0.258628 -35958.8
2.05776e-07 2.42648e-07 625152 281 1.97e-06 0.166174 0.250811 2152.24
1.98691e-07 2.37515e-07 129024 12 2.274e-06 0.0279955 0.13058 2293.97
-2.6374e-08 3.08628e-07 129024 25 0.246631 0.0172981 0.286083 -31192.2
-3.91488e-08 3.37375e-07 266496 67 1.67e-06 0.120552 0.21384 -29181.6
2.04858e-07 2.57198e-07 628224 253 2.198e-06 0.211041 0.348243 2299.29
2.0246e-07 2.51517e-07 704256 237 1.705e-06 0.161128 0.280889 2147.44
-3.65015e-08 3.08568e-07 314880 115 0.132827 0.0608791 0.250243 -26488.7
1.95366e-07 2.55904e-07 723456 362 1.318e-06 0.19783 0.263133 1826.3
-3.11716e-08 2.71846e-07 129024 23 0.263517 0.0161228 0.291105 -23972.3
2.04915e-07 2.73171e-07 768000 280 3.765e-06 0.262842 0.362845 1898.68
-3.36223e-08 2.97272e-07 786432 377 1.586e-06 0.313766 0.520179 -25183.5
2.06951e-07 2.72977e-07 775680 364 1.784e-06 0.21114 0.37446 2021.79
-4.19691e-08 3.73899e-07 129024 25 0.209864 0.0877886 0.362258 -24291.2
2.08236e-07 2.78159e-07 771840 255 2.076e-06 0.230693 0.325781 2145.26
-4.16099e-08 3.7948e-07 129024 28 0.310007 0.0518426 0.438833 -24105.7
2.04833e-07 2.74113e-07 782592 403 1.821e-06 0.201854 0.370697 2322.1
-3.73433e-08 4.55974e-07 129024 18 0.192302 0.09831 0.32781 -27813
2.09772e-07 2.8982e-07 771840 248 1.572e-06 0.272187 0.340101 2340.7
-3.30301e-08 4.00501e-07 129024 25 0.191344 0.0230448 0.251876 -24388.4
2.00849e-07 2.92913e-07 776448 403 2.733e-06 0.237038 0.340098 2180.4
-3.00575e-08 3.56465e-07 129024 18 0.231287 0.0232656 0.263192 -26034.9
1.93598e-07 2.90309e-07 786432 269 1.733e-06 0.220116 0.296861 2536.22
-2.82201e-08 3.41334e-07 129024 25 0.217735 0.0362313 0.283029 -28629.5
1.8883e-07 3.0047e-07 775680 436 2.862e-06 0.264594 0.411427 3197.07
-2.95786e-08 3.92782e-07 132096 29 0.247478 0.0790695 0.378174 -36702.1
1.83169e-07 3.04489e-07 786432 269 2.114e-06 0.252105 0.338677 3198.65
-2.9492e-08 3.55056e-07 129024 29 0.228701 0.0263406 0.293133 -34485.9
1.67045e-07 2.74366e-07 768000 390 1.567e-06 0.118173 0.230587 2473.31
-2.74576e-08 3.14063e-07 129024 25 0.270664 0.0193649 0.326894 -70150.9
1.58273e-07 2.68416e-07 786432 277 2.377e-06 0.192376 0.245526 2580.09
-2.28737e-08 3.00824e-07 129024 18 0.22418 0.0319809 0.268268 -74382.9
1.52405e-07 2.61673e-07 786432 422 2.07e-06 0.184574 0.263235 2170.98
-1.95044e-08 2.74538e-07 129024 29 0.215215 0.0218562 0.253212 -85521.1
1.58901e-07 2.54259e-07 786432 335 1.419e-06 0.176637 0.342508 2148.63
-5.26587e-09 2.62913e-07 513024 99 6.082e-06 0.111025 0.209083 28312.4
1.67879e-07 2.63699e-07 786432 403 1.816e-06 0.237077 0.404978 2082.05
-3.21026e-09 2.69984e-07 786432 436 1.501e-06 0.234569 0.530438 188855
1.85001e-07 2.54972e-07 786432 354 3.143e-06 0.173065 0.426053 2078.54
1.95948e-09 2.55785e-07 786432 335 2.774e-06 0.156489 0.498391 52549.2
2.00864e-07 2.38924e-07 768000 347 1.78e-06 0.134195 0.480511 2358.41
5.75461e-09 2.5185e-07 786432 393 2.819e-06 0.185684 0.530789 53236
2.3366e-07 2.33419e-07 720384 264 3.348e-06 0.152287 0.530856 2105.72
6.66457e-09 2.75873e-07 786432 354 9.849e-06 0.292525 0.436186 95093.3
2.28291e-07 2.27572e-07 686592 298 2.023e-06 0.140192 0.361243 2146.23
7.47475e-09 4.06137e-07 132864 45 0.167573 0.123191 0.361089 99950.5
2.26135e-07 2.58721e-07 668160 237 2.026e-06 0.256117 0.325655 2018.19
1.09934e-08 4.34142e-07 129024 24 0.229069 0.0704683 0.353826 41726.5
2.20333e-07 2.66647e-07 695040 298 1.895e-06 0.207367 0.260451 1890.78
1.55046e-08 4.0288e-07 306432 84 0.160854 0.0851364 0.348995 22948.2
2.30944e-07 2.74036e-07 749568 231 2.435e-06 0.22756 0.383915 1734.22
1.87074e-08 3.72308e-07 786432 412 0.0236891 0.196623 0.489575 23491.2
2.39621e-07 2.90569e-07 747264 362 1.408e-06 0.26655 0.457876 1982.96
2.38363e-07 3.0967e-07 129024 12 2.068e-06 0.0498128 0.153308 1875.32
1.79637e-08 3.30066e-07 129024 25 0.442866 0.0207858 0.501641 23048.6
2.20047e-08 3.21362e-07 786432 327 0.0287036 0.225349 0.447062 24475.7
2.38955e-07 2.98118e-07 730368 371 9.523e-06 0.183988 0.388013 1672.09
2.23476e-07 2.82963e-07 129024 12 1.629e-06 0.0286877 0.117045 1737.02
2.01803e-08 3.1888e-07 134400 44 0.275105 0.0415233 0.355314 26681.4
1.70023e-08 3.01526e-07 645120 173 0.12787 0.149738 0.474221 219750
2.10243e-07 2.76827e-07 589056 237 1.809e-06 0.148609 0.32515 1757.34
1.82791e-08 3.1879e-07 235776 61 2.209e-06 0.0914444 0.178078 44287.7
2.14392e-07 2.83008e-07 604416 253 1.717e-06 0.185998 0.269788 1523.23
2.39026e-07 3.42842e-07 129024 13 1.715e-06 0.0751147 0.155554 1750.43
1.86904e-08 3.14515e-07 778752 319 2.923e-06 0.231614 0.326026 45210.4
1.88131e-08 3.18988e-07 786432 354 1.803e-06 0.264932 0.340204 41108.3
2.04293e-07 3.30136e-07 129024 26 0.243783 0.0360383 0.28751 2018.18
2.42839e-07 3.62946e-07 324096 70 1.792e-06 0.160164 0.278064 2085.8
2.03597e-08 3.27777e-07 786432 377 1.355e-06 0.285421 0.385144 28805.8
2.16805e-07 3.25715e-07 129024 22 0.271415 0.0228099 0.337985 2051.39
2.08639e-08 3.27276e-07 786432 364 2.707e-06 0.255806 0.351314 32298.4
2.03113e-07 3.53097e-07 129024 24 0.21491 0.0596896 0.294649 1960.93
2.15781e-08 3.34365e-07 786432 393 9.607e-06 0.285256 0.397877 31872.8
2.12433e-07 3.25013e-07 129024 18 0.227561 0.0274407 0.303525 2025.46
2.15754e-08 3.14515e-07 786432 354 1.883e-06 0.184901 0.313273 32147
1.94114e-07 3.31938e-07 129024 25 0.185231 0.0464017 0.275556 1752.67
2.25174e-08 2.98471e-07 786432 393 1.2238e-05 0.184255 0.375253 26882.9
2.23779e-08 2.8556e-07 786432 354 1.643e-06 0.183962 0.289114 27865.9
1.67991e-07 3.24824e-07 129024 25 0.255559 0.0382388 0.319404 1710.89
2.21108e-08 3.04851e-07 786432 393 1.078e-06 0.300427 0.405848 39041.5
1.85983e-07 3.37041e-07 592896 205 0.081597 0.228803 0.431424 1672.44
1.66049e-07 3.31085e-07 129024 26 0.140094 0.0396443 0.21906 1776.21
2.2518e-08 2.97249e-07 747264 328 2.661e-06 0.1994 0.281587 27259.6
2.22517e-08 2.91772e-07 129024 12 1.872e-06 0.0348194 0.139485 37390.4
1.72081e-07 2.98456e-07 135936 42 0.402307 0.0228287 0.460446 1841.43
2.07639e-07 3.15423e-07 786432 246 2.107e-06 0.301432 0.468353 1666.27
2.58138e-08 3.2344e-07 589056 253 2.326e-06 0.26514 0.434614 28972.5
2.50548e-08 3.82554e-07 129024 13 1.445e-06 0.0798674 0.206825 33474.3
2.06495e-07 3.21888e-07 786432 403 5.785e-06 0.27348 0.359367 1730.38
1.78689e-07 2.9291e-07 129024 15 1.702e-06 0.0228371 0.17595 1719.24
2.22134e-08 3.38624e-07 139776 59 0.235531 0.0227698 0.283678 20902.4
2.80025e-08 3.46431e-07 129024 12 2.086e-06 0.0487272 0.161219 24220.2
1.82881e-07 2.86224e-07 584448 246 1.421e-06 0.151653 0.226088 1724.58
1.8615e-07 2.70957e-07 786432 309 1.784e-06 0.165062 0.282075 1837.07
2.69573e-08 4.02426e-07 129024 15 3.874e-06 0.0808214 0.222868 38440.1
1.81766e-07 2.62902e-07 786432 390 5.958e-06 0.181416 0.273601 1672.25
2.97439e-08 4.70485e-07 129024 18 0.191429 0.095829 0.361374 59649.7
1.84492e-07 2.69655e-07 786432 353 1.539e-06 0.23331 0.314825 1903.5
1.78066e-07 2.70636e-07 782592 413 1.563e-06 0.214867 0.284788 1928.03
2.46403e-08 5.35617e-07 129024 24 0.195858 0.102721 0.338827 80365.5
1.94195e-08 5.06391e-07 129024 18 0.192105 0.0502534 0.280871 -689172
1.87718e-07 2.6898e-07 786432 217 2.014e-06 0.206326 0.29584 1662.32
2.11242e-07 3.06341e-07 786432 447 1.525e-06 0.358444 0.505556 1606.65
1.51129e-08 4.96488e-07 786432 440 0.0191753 0.3593 0.51641 -379189
2.18659e-07 3.39076e-07 129024 23 0.234417 0.0606431 0.334874 1653.88
1.35586e-08 4.41692e-07 786432 343 0.0531778 0.174987 0.32647 90890.9
1.86313e-07 3.1717e-07 129024 28 0.225972 0.0296169 0.292854 1740.86
7.49776e-09 3.9353e-07 129024 29 0.23047 0.0259188 0.296265 -21211.4
2.28172e-07 3.30521e-07 129024 20 0.289568 0.0495356 0.393425 1677.99
1.16564e-08 3.89351e-07 786432 258 0.0854365 0.293052 0.433448 34337.3
2.03237e-07 2.92622e-07 129024 29 0.205776 0.0181955 0.261277 1707.16
1.39784e-08 3.67712e-07 786432 440 0.0543317 0.221112 0.472197 32328.6
2.27972e-07 2.87004e-07 781056 246 4.726e-06 0.206615 0.465851 1509.25
1.42161e-08 3.46948e-07 786432 335 1.983e-06 0.207531 0.323304 50816.8
2.4669e-07 3.78369e-07 129024 22 0.213255 0.0959719 0.365138 1361.16
1.39158e-08 3.37054e-07 786432 403 3.486e-06 0.233945 0.315058 48312.2
2.25798e-07 3.84998e-07 129024 22 0.276774 0.0530951 0.36824 1505.35
1.64494e-08 3.25141e-07 786432 354 9.586e-06 0.218228 0.358509 32214.3
2.20169e-07 4.29827e-07 129024 23 0.277901 0.0785941 0.396585 1669.51
1.71897e-08 3.18452e-07 786432 377 1.77e-06 0.229398 0.341375 32630.5
1.97872e-07 3.9858e-07 129024 18 0.236729 0.0352998 0.312038 1669.74
1.798e-08 2.98869e-07 786432 364 1.804e-06 0.173437 0.28337 26728.2
2.23116e-07 3.91322e-07 129024 24 0.286275 0.0467442 0.400917 1465.11
1.88739e-08 2.81684e-07 786432 404 0.101986 0.167466 0.41529 28662.3
2.15987e-08 2.90008e-07 129024 15 1.588e-06 0.0417143 0.133438 31787.6
2.08749e-07 3.34722e-07 129024 25 0.370762 0.0139759 0.421964 1527.01
2.32028e-07 3.52484e-07 786432 263 1.693e-06 0.333082 0.467093 1557.24
2.74571e-08 3.16273e-07 588288 195 2.426e-06 0.247865 0.353231 23279.9
2.93798e-08 3.42119e-07 129024 15 1.473e-06 0.0574803 0.152761 21714
1.97434e-07 3.15771e-07 129024 29 0.265331 0.0217947 0.32473 1402
2.06338e-07 3.06449e-07 786432 257 1.894e-06 0.211674 0.32494 1437.14
3.53519e-08 3.15138e-07 594432 204 0.0950881 0.123175 0.364053 15740
5.35117e-08 3.36861e-07 129024 15 2.143e-06 0.0546742 0.138193 13757.8
2.17242e-07 2.79739e-07 786432 393 3.402e-06 0.135975 0.384674 1556.2
1.98752e-07 2.47157e-07 771072 328 1.642e-06 0.0900835 0.200958 1720.51
2.09303e-07 2.58904e-07 786432 274 1.613e-06 0.240563 0.370003 1818.37
5.76869e-08 3.36872e-07 780288 302 0.0441561 0.262891 0.478075 11112.2
2.1836e-07 2.67009e-07 626688 314 7.88e-06 0.187647 0.405926 2014.95
5.28927e-08 3.22267e-07 638208 238 0.0829708 0.168389 0.400375 24884.5
2.17665e-07 2.68338e-07 667392 212 2.175e-06 0.182636 0.283605 2134.38
4.80675e-08 3.04162e-07 382464 210 0.136302 0.0886341 0.26296 12067.5
2.09599e-07 2.6069e-07 697344 334 1.87e-06 0.160457 0.299127 2163.17
5.57879e-08 2.78018e-07 288768 57 0.209889 0.0500836 0.320811 8944.17
5.30636e-08 2.80478e-07 129024 25 2.3e-06 0.0374583 0.156 8213.76
2.10413e-07 2.75098e-07 734208 244 1.435e-06 0.244293 0.337212 1906.82
9.82707e-08 3.46925e-07 129024 13 3.102e-06 0.0790548 0.170864 7465.11
2.08317e-07 2.89777e-07 734976 377 1.453e-06 0.256135 0.316464 1654.6
2.21814e-07 3.01411e-07 129024 15 1.747e-06 0.0448935 0.154314 1887.25
8.22662e-08 2.99911e-07 129024 23 0.357454 0.0144318 0.38021 7614.79
9.34147e-08 2.93615e-07 266496 69 1.874e-06 0.071536 0.145111 6854.09
2.15686e-07 2.99714e-07 589056 236 2.376e-06 0.17255 0.24077 1785.19
9.77972e-08 2.69993e-07 589056 341 6.887e-06 0.103382 0.341179 6186.12
2.26491e-07 2.88913e-07 758016 266 1.2835e-05 0.186253 0.42307 1931.89
1.04314e-07 2.47169e-07 668928 229 2.578e-06 0.104268 0.263764 5156.55
2.1984e-07 2.90316e-07 129024 15 2.432e-06 0.0381814 0.122276 1991.67
1.03451e-07 2.37255e-07 739584 328 3.654e-06 0.146142 0.274459 4972.47
1.67403e-07 3.30302e-07 129024 12 1.909e-06 0.0906376 0.201112 5267.19
2.28996e-07 3.1162e-07 612864 287 1.792e-06 0.243206 0.34383 2027.46
1.95599e-07 3.28474e-07 129024 12 2.598e-06 0.0510797 0.139092 2052.56
1.40168e-07 2.87085e-07 129024 26 0.264782 0.0147368 0.289071 5311.68
1.87563e-07 3.62243e-07 129024 12 7.789e-06 0.0855268 0.227445 4543.69
1.99994e-07 3.31538e-07 775680 429 1.693e-06 0.266671 0.378428 1847.84
1.9543e-07 3.07989e-07 786432 211 1.832e-06 0.168136 0.233694 1807.31
1.57547e-07 3.17094e-07 129024 28 0.229966 0.0176117 0.281663 4663.41
1.93841e-07 3.00084e-07 786432 404 1.693e-06 0.211128 0.362118 1684.96
1.43337e-07 3.46253e-07 129024 23 0.273349 0.0597238 0.373962 4804.04
1.93083e-07 2.97851e-07 786432 332 7.061e-06 0.227214 0.328445 1616.34
1.21394e-07 3.13318e-07 129024 22 0.254543 0.0234277 0.314235 4877.39
1.93252e-07 2.90465e-07 786432 424 1.509e-06 0.205196 0.290458 1383.19
1.05784e-07 2.76344e-07 129024 29 0.206267 0.0165729 0.233063 4931.62
2.03383e-07 3.09397e-07 786432 316 3.321e-06 0.302877 0.3969 1330.53
1.27498e-07 2.78387e-07 772608 231 1.668e-06 0.2214 0.486588 4241.62
2.08509e-07 2.91074e-07 786432 393 2.056e-06 0.171268 0.315482 1164.58
1.47013e-07 3.53361e-07 129024 25 0.25199 0.0842857 0.381359 4320.79
2.22951e-07 3.11417e-07 786432 367 3.009e-06 0.308903 0.379312 1211.22
1.4378e-07 3.35215e-07 129024 25 0.214356 0.0338856 0.30851 4500.38
2.27005e-07 3.07401e-07 786432 385 1.332e-06 0.229118 0.341111 1252.09
1.28104e-07 3.0526e-07 129024 18 0.277746 0.0239263 0.33894 4915
2.30979e-07 3.09891e-07 786432 359 1.752e-06 0.25154 0.36776 1287.77
1.21751e-07 2.844e-07 129024 25 0.217409 0.0259284 0.282364 5179.89
1.20984e-07 2.88982e-07 681984 216 2.072e-06 0.209583 0.324412 5899.69
2.36287e-07 3.12608e-07 786432 401 1.798e-06 0.254391 0.39841 1200.28
2.28428e-07 2.86669e-07 786432 355 1.853e-06 0.143851 0.24874 1167.01
1.05148e-07 3.06431e-07 129024 25 0.258085 0.0485417 0.346309 5989.04
2.1738e-07 2.7855e-07 786432 381 1.724e-06 0.193518 0.263123 1095.15
1.3327e-07 2.80113e-07 129024 18 0.237483 0.0225586 0.30649 5155.91
2.36119e-07 3.02135e-07 786432 373 1.899e-06 0.311804 0.436119 1037.44
1.32441e-07 3.08916e-07 603648 253 1.936e-06 0.256024 0.374577 5290.94
2.16455e-07 3.13994e-07 129024 15 2.468e-06 0.0466327 0.15088 1108.57
1.13251e-07 2.74436e-07 129024 23 0.249207 0.0176141 0.302902 5232.46
2.75302e-07 3.52418e-07 129024 13 1.912e-06 0.0653011 0.168762 1143.57
1.14153e-07 2.80564e-07 705792 266 2.289e-06 0.215321 0.28219 5172.64
2.57928e-07 3.36329e-07 129024 17 2.472e-06 0.0350913 0.119167 1168.95
1.2287e-07 3.03782e-07 784896 277 2.27e-06 0.31133 0.388034 4465.58
2.21059e-07 3.27345e-07 129024 15 1.606e-06 0.0375984 0.138595 1219.28
1.20999e-07 3.121e-07 786432 364 1.0218e-05 0.271611 0.354166 4511.54
2.48359e-07 3.41788e-07 129024 17 2.092e-06 0.0515528 0.166065 1306.39
1.19713e-07 3.15302e-07 786432 393 2.001e-06 0.258039 0.370781 4592.63
2.38535e-07 3.51307e-07 129024 18 0.213792 0.05024 0.29291 1379.38
1.20975e-07 3.12831e-07 786432 354 3.697e-06 0.238248 0.384113 4549.44
2.64325e-07 3.58719e-07 129024 29 0.209514 0.0501087 0.346804 1499.89
1.26276e-07 3.09856e-07 786432 393 1.557e-06 0.234322 0.424303 4587.26
2.39563e-07 3.49244e-07 129024 18 0.285607 0.0401707 0.333008 1570.43
1.09006e-07 2.87445e-07 129024 25 0.256042 0.0255209 0.322153 5543.27
2.11296e-07 3.18813e-07 129024 28 0.225463 0.025429 0.289431 1551.9
1.11105e-07 2.82839e-07 739584 280 2.32e-06 0.195558 0.365011 5326.29
2.50996e-07 4.68176e-07 129024 18 0.241757 0.137492 0.404435 1661.13
1.16147e-07 3.07318e-07 786432 335 1.728e-06 0.318687 0.42277 5157.42
2.16045e-07 4.30538e-07 129024 29 0.237145 0.0361248 0.312937 1713.36
1.12484e-07 3.20068e-07 781056 403 2.388e-06 0.289827 0.36089 5093.38
1.81528e-07 3.93625e-07 129024 23 0.227527 0.0317363 0.267556 1610.18
1.68643e-07 3.76159e-07 129024 26 0.220273 0.0395195 0.298014 2287.23
1.16309e-07 3.01112e-07 786432 262 1.223e-06 0.177174 0.302124 4539.01
1.57906e-07 3.46447e-07 129024 23 0.165594 0.0293655 0.234651 2090.13
1.12964e-07 2.79122e-07 786432 436 2.65e-06 0.150333 0.296167 3985.73
1.69539e-07 3.59206e-07 129024 28 0.242688 0.0529314 0.335909 2194.93
1.14217e-07 2.76174e-07 786432 335 1.455e-06 0.207919 0.297784 4421.46
1.57186e-07 3.69398e-07 129024 23 0.265408 0.0529209 0.355252 2092.24
1.17105e-07 2.65305e-07 786432 393 1.413e-06 0.174455 0.382842 4398.37
1.78983e-07 3.81818e-07 129024 28 0.209984 0.0556739 0.309911 1959.51
1.23613e-07 2.60419e-07 786432 354 1.915e-06 0.189432 0.40093 4518.43
1.93823e-07 4.25596e-07 129024 23 0.22739 0.0775055 0.350898 1953.45
1.2141e-07 2.69034e-07 748032 347 2.686e-06 0.227024 0.307804 4663.23
1.72352e-07 4.43776e-07 129024 28 0.216027 0.0666405 0.320735 2000.24
1.25332e-07 2.78593e-07 786432 303 1.535e-06 0.249164 0.341127 4363.24
1.43868e-07 5.38791e-07 129024 23 0.229169 0.118554 0.375429 16500.3
1.21483e-07 2.79019e-07 768768 390 2.077e-06 0.215809 0.3361 3958.86
1.25433e-07 2.64687e-07 129024 13 3.889e-06 0.0267543 0.116613 4220.42
1.18281e-07 4.62549e-07 129024 28 0.241573 0.0203316 0.301024 16551.7
1.1209e-07 5.06302e-07 129024 23 0.183174 0.0879059 0.391527 20447.2
1.32933e-07 2.84807e-07 758016 362 1.58e-06 0.276895 0.410915 4157.71
9.17402e-08 4.71726e-07 129024 29 0.225823 0.0430192 0.337222 90604.5
1.43705e-07 2.6993e-07 786432 252 1.444e-06 0.165483 0.34908 3826.48
7.48041e-08 5.35398e-07 129024 25 0.24901 0.10194 0.389701 96659.8
1.38787e-07 2.64931e-07 719616 404 1.366e-06 0.176258 0.295724 3534.98
6.09427e-08 4.91996e-07 129024 25 0.217122 0.0410798 0.295614 148865
1.48627e-07 2.60961e-07 786432 209 1.489e-06 0.192741 0.318372 2887.73
4.87029e-08 4.46407e-07 129024 25 0.180387 0.0340686 0.242415 -3.05363e+06
1.51322e-07 2.65318e-07 775680 436 1.4919e-05 0.219317 0.340273 2477.39
1.65384e-07 2.71165e-07 786432 262 1.759e-06 0.231649 0.382681 2725.34
3.88629e-08 4.09019e-07 786432 388 0.045706 0.204056 0.485046 -1.78173e+06
1.71218e-07 2.65349e-07 748800 390 1.177e-06 0.181273 0.4281 2949.76
3.09901e-08 3.74102e-07 786432 364 0.0334176 0.184366 0.481537 -1.9175e+06
1.66581e-07 2.446e-07 764928 255 1.465e-06 0.123613 0.273281 3250.09
1.78257e-07 2.86477e-07 609024 281 9.508e-06 0.276488 0.428502 3478.58
2.72805e-08 3.90091e-07 786432 449 0.0455832 0.357075 0.527547 76752.4
1.52627e-07 2.79019e-07 129024 15 1.067e-05 0.032151 0.196013 3471.97
2.24625e-08 3.56272e-07 129024 20 0.256621 0.0285142 0.322312 114481
1.55354e-07 2.70247e-07 321024 67 1.37e-06 0.0754928 0.154963 3744.56
1.78957e-08 3.11851e-07 129024 29 0.271052 0.0173108 0.297814 -677786
1.38761e-08 3.08557e-07 786432 324 7.262e-06 0.232294 0.346558 -399346
1.58261e-07 2.79349e-07 596736 253 2.032e-06 0.188422 0.356397 4171.59
8.26572e-09 3.26712e-07 786432 423 0.0266608 0.314048 0.528634 -65771.1
1.5979e-07 3.10121e-07 603648 295 1.533e-06 0.261506 0.448158 3875.8
1.36656e-07 3.09787e-07 129024 15 3.281e-06 0.0397977 0.184487 3918.12
3.03327e-09 3.40006e-07 786432 351 0.0387991 0.309212 0.50592 -61549.7
1.42516e-07 3.15433e-07 280320 68 2.966e-06 0.0947529 0.188762 3762.08
6.79465e-10 3.10408e-07 786432 429 0.0840359 0.151008 0.406969 -72111.5
1.49905e-07 3.27392e-07 658944 304 1.3547e-05 0.247254 0.351975 3550.49
-2.20879e-09 3.051e-07 786432 301 1.584e-06 0.223243 0.366858 -62419.5
1.70585e-07 3.06751e-07 129024 18 0.22215 0.0289255 0.31684 3391.76
-5.55872e-09 3.05189e-07 786432 445 1.653e-06 0.240289 0.367341 -40475.4
1.9005e-07 3.6334e-07 129024 25 0.295647 0.0760849 0.447503 3426.09
-1.03051e-08 3.14513e-07 786432 289 1.575e-06 0.276675 0.397909 -40904.1
1.69885e-07 4.67296e-07 129024 18 0.260945 0.113944 0.413684 3468.49
-1.71629e-08 3.33101e-07 786432 422 0.0808758 0.320433 0.475815 -18259.1
1.43828e-07 4.5307e-07 129024 28 0.166932 0.0511149 0.260128 3281.4
-2.42551e-08 3.23984e-07 786432 338 3.17e-06 0.226113 0.331874 -17984
1.24721e-07 3.94395e-07 129024 18 0.205695 0.0206047 0.264845 3197.76
-2.65312e-08 3.0828e-07 786432 397 1.611e-06 0.193041 0.295303 -19622.3
1.34825e-07 4.09459e-07 129024 23 0.222486 0.0606044 0.333778 3293.33
-2.96835e-08 3.00697e-07 786432 332 2.192e-06 0.212624 0.290754 -19749.4
1.36778e-07 3.5612e-07 129024 22 0.181966 0.0184196 0.2373 3043.71
-3.12812e-08 2.9238e-07 786432 414 2.709e-06 0.203775 0.312237 -19819
1.17875e-07 3.44695e-07 129024 29 0.220888 0.0385779 0.295968 2968.04
1.19694e-07 3.37071e-07 129024 23 0.18905 0.0395554 0.26644 2899.77
-3.40569e-08 3.02759e-07 786432 332 1.687e-06 0.270748 0.38031 -19790.4
-3.2985e-08 2.8656e-07 786432 414 1.844e-06 0.174403 0.283676 -21662.9
1.18619e-07 3.34537e-07 129024 25 0.272837 0.0418558 0.353452 2756.01
1.2351e-07 3.63534e-07 129024 25 0.171222 0.0618694 0.299889 2346.31
-3.66053e-08 2.86969e-07 786432 333 1.228e-06 0.226969 0.377958 -21816.2
1.4878e-07 3.91444e-07 306432 82 0.18273 0.154161 0.401992 2496.71
-3.71834e-08 2.9741e-07 786432 410 3.723e-06 0.266736 0.403993 -22765.7
1.69644e-07 4.3089e-07 129024 29 0.252072 0.0759528 0.379332 2837.4
-3.8923e-08 3.08365e-07 786432 337 5.478e-06 0.276969 0.371842 -22808.1
1.58506e-07 3.75258e-07 129024 22 0.305073 0.0197061 0.351743 2820.7
-3.86647e-08 3.05603e-07 786432 385 2.533e-06 0.231648 0.373432 -22269.4
-3.91356e-08 3.00609e-07 786432 355 5.489e-06 0.220699 0.313319 -21206.3
1.48073e-07 3.42887e-07 129024 28 0.209587 0.0275339 0.27907 2811.43
-3.71453e-08 2.80725e-07 786432 400 6.883e-06 0.158223 0.272513 -21449.1
1.46018e-07 3.31028e-07 129024 18 0.204803 0.0365901 0.280364 2752.02
1.54327e-07 3.35871e-07 141312 47 0.190771 0.0502003 0.300773 3479.48
-3.96933e-08 2.70639e-07 786432 329 1.977e-06 0.181109 0.381842 -20110.6
1.49694e-07 3.72787e-07 129024 26 0.191117 0.0671507 0.302094 4411.58
-3.89719e-08 2.70163e-07 786432 415 7.052e-06 0.210969 0.316999 -19790.8
1.72781e-07 3.48698e-07 129024 24 0.177962 0.0325583 0.277491 4511.19
2.44922e-09 2.61092e-07 786432 334 2.531e-06 0.176796 0.382354 3794.95
1.46426e-07 4.2876e-07 129024 18 0.148281 0.0966401 0.28446 4588.94
2.77669e-08 2.7215e-07 786432 406 1.868e-06 0.248813 0.348794 3656
1.26192e-07 3.86284e-07 129024 25 0.13207 0.0279183 0.193226 4661.48
5.64457e-08 3.24852e-07 129024 15 2.327e-06 0.0691127 0.167607 3567.87
1.10277e-07 3.36935e-07 129024 25 0.39109 0.0180036 0.446136 4617.08
9.09314e-08 4.08878e-07 129024 15 1.978e-06 0.0961211 0.163336 3786.94
9.54748e-08 3.22718e-07 129024 18 0.226513 0.0343011 0.27167 6106.54
9.04788e-08 3.6407e-07 129024 24 0.214667 0.0683154 0.326132 6347.97
9.36449e-08 3.75074e-07 786432 368 0.0821446 0.18863 0.338887 3526.3
9.5118e-08 3.40317e-07 129024 15 1.693e-06 0.0259711 0.119673 3821.5
8.46371e-08 3.17807e-07 129024 26 0.217896 0.0171286 0.261998 6576.2
1.01961e-07 3.0322e-07 129024 15 3.064e-06 0.0199768 0.110376 3721.58
7.24361e-08 2.83492e-07 129024 18 0.259547 0.0188672 0.293962 9210.96
1.15594e-07 3.37787e-07 129024 15 1.592e-06 0.061423 0.145498 3859.42
6.80778e-08 2.76304e-07 731136 328 1.238e-06 0.180995 0.29998 13417.7
5.74625e-08 2.54473e-07 129024 18 0.134185 0.0215665 0.192137 11015.4
1.06787e-07 3.23998e-07 129024 15 1.675e-06 0.0346869 0.138606 3888.76
5.05499e-08 2.5392e-07 159744 57 0.133294 0.0402086 0.198431 11213.4
9.38169e-08 3.59418e-07 129024 15 1.549e-06 0.0646533 0.164961 3991.71
4.3717e-08 2.49598e-07 172032 48 0.29731 0.0399644 0.362346 12351.5
4.46156e-08 2.74308e-07 786432 354 1.401e-06 0.293457 0.378365 14901.5
1.04496e-07 3.5394e-07 786432 403 0.0626861 0.261118 0.45329 2900.78
1.07949e-07 3.28807e-07 786432 329 1.639e-06 0.179525 0.238376 2678.13
3.76058e-08 2.46633e-07 129024 28 0.274547 0.0175387 0.339607 15946.8
1.2261e-07 3.29655e-07 786432 432 1.888e-06 0.261919 0.424296 2753.18
4.05353e-08 2.64671e-07 760320 295 2.677e-06 0.256094 0.428825 16065.6
1.08132e-07 3.46398e-07 129024 13 2.137e-06 0.0533348 0.139263 2868.81
3.54549e-08 2.35773e-07 129024 20 0.219554 0.0155058 0.272795 16051.9
1.27576e-07 3.66656e-07 129024 19 1.1723e-05 0.0577624 0.136346 2815.52
3.24855e-08 2.30617e-07 756480 295 3.513e-06 0.158855 0.224335 27306.4
3.00335e-08 2.15438e-07 708864 222 1.698e-06 0.109677 0.165208 27360.3
2.36622e-07 3.36439e-07 129024 15 1.871e-06 0.027814 0.123827 2700.29
3.03582e-08 2.22352e-07 688896 266 1.571e-06 0.172229 0.288227 14900.2
2.07591e-07 3.60609e-07 129024 26 0.132463 0.0590012 0.231795 2637.42
3.07895e-08 2.28716e-07 786432 319 1.367e-06 0.199889 0.244832 16356.7
1.90284e-07 3.31668e-07 129024 23 0.125895 0.0278569 0.192389 2713.27
1.59238e-07 2.95503e-07 129024 26 0.164804 0.0194621 0.923033 2593.44
3.41184e-08 2.37124e-07 786432 422 1.247e-06 0.212932 1.12499 10562.2
5.28364e-08 2.12071e-07 129024 15 1.277e-06 0.0144324 0.129364 9194.77
1.36941e-07 2.74587e-07 129024 24 0.22826 0.0246339 0.291972 2534.28
1.20445e-07 3.08696e-07 129024 26 0.157553 0.0574324 0.24673 2515.37
5.70218e-08 2.37526e-07 786432 277 1.314e-06 0.266873 0.333326 9310.7
1.15794e-07 3.01114e-07 129024 24 0.160446 0.0349381 0.233097 2513.74
5.10781e-08 2.12683e-07 767232 404 1.384e-06 0.0869372 0.172416 11046.3
1.15084e-07 3.40764e-07 129024 28 0.153328 0.0644301 0.244621 2430.7
5.48794e-08 2.17693e-07 758016 231 2.332e-06 0.180205 0.261783 11203
1.53207e-07 3.72275e-07 129024 23 0.163597 0.064295 0.291732 2537.23
5.94824e-08 2.39613e-07 740352 328 1.978e-06 0.242313 0.322396 8955.52
1.31906e-07 3.26222e-07 129024 26 0.265508 0.0183229 0.323519 2722.81
5.14948e-08 2.2138e-07 129024 18 0.255536 0.019153 0.312272 16602.9
1.05139e-07 3.04873e-07 129024 23 0.204176 0.0283175 0.264429 -205993
4.81333e-08 2.21029e-07 574464 245 2.313e-06 0.126167 0.200946 16540.8
4.88511e-08 2.32406e-07 607488 195 2.533e-06 0.168829 0.287827 15825.6
8.35403e-08 2.95744e-07 786432 426 0.0260001 0.203867 0.371072 -207357
4.86851e-08 2.37467e-07 198912 63 0.18354 0.0512622 0.288947 15368.1
1.0327e-07 2.81738e-07 786432 343 0.0265258 0.177509 0.384655 2616.96
4.24738e-08 2.2993e-07 166656 46 0.210186 0.0332948 0.28098 18028.1
9.35844e-08 2.51661e-07 177408 71 0.188433 0.0233032 0.23013 2643.97
4.26794e-08 2.35296e-07 647424 338 1.878e-06 0.166231 0.32155 16854.9
1.08918e-07 2.42438e-07 786432 328 0.0269694 0.161646 0.483242 4065.51
4.74491e-08 2.31453e-07 698880 222 3.559e-06 0.151014 0.330143 16863.2
4.29806e-08 2.2299e-07 642048 302 1.399e-06 0.121437 0.183371 18623.7
8.50346e-08 2.54896e-07 135168 67 0.259869 0.0411895 0.341052 -42512.6
4.6839e-08 2.37204e-07 644352 205 1.856e-06 0.189478 0.297344 14587
6.33423e-08 2.59404e-07 786432 304 0.024852 0.218184 0.444004 -42665.1
4.93843e-08 2.26757e-07 677376 357 2.704e-06 0.125293 0.376428 13925.3
8.87566e-08 2.44312e-07 786432 413 0.0649431 0.144659 0.47506 2761.7
5.16715e-08 2.19418e-07 702720 251 1.617e-06 0.133559 0.287527 13148.8
1.205e-07 2.68529e-07 786432 343 1.452e-06 0.287361 0.466612 1948.17
5.41786e-08 2.56581e-07 721920 280 1.608e-06 0.292548 0.381178 13920.5
4.75435e-08 2.41224e-07 129024 25 0.186275 0.0231979 0.247002 15689.7
9.61696e-08 2.63042e-07 786432 393 2.704e-06 0.189605 0.29526 -596284
1.04089e-07 2.75084e-07 786432 371 9.094e-06 0.254214 0.293587 2574.85
4.52885e-08 2.37019e-07 141312 40 0.225484 0.0311171 0.285154 14065.8
8.01449e-08 2.8716e-07 786432 385 1.5e-06 0.263819 0.438084 -60188.1
5.01154e-08 2.62174e-07 691200 266 1.85e-06 0.250761 0.425868 13774.3
4.49824e-08 2.43736e-07 129024 25 0.191416 0.0219323 0.251542 15126.4
6.93109e-08 2.77103e-07 786432 371 7.562e-06 0.186288 0.29861 24082.3
1.07554e-07 2.85759e-07 526848 236 1.493e-06 0.168792 0.33822 2542.63
4.45561e-08 2.36935e-07 681216 304 2.11e-06 0.142872 1.05195 17948
4.8082e-08 2.45584e-07 682752 201 5.266e-06 0.191292 0.496706 15531.4
1.10984e-07 2.90896e-07 694272 261 1.574e-06 0.216226 0.49397 3819.12
4.77729e-08 2.42028e-07 696576 282 1.573e-06 0.158682 0.275538 16010.6
