1.78603e+07		23577.8		13493.6
3.67094e+07		22781.2		13458.3
1.34403e+07		20870		11281
8.81148e+06		32984.2		10659.8
1.04591e+07		22052.3		9903.35
2.59308e+07		22226.7		14853.7
9.15349e+06		32085.7		12181.7
7.68693e+06		34834.3		12347.8
2.97656e+07		21868.3		16885.5
7.90989e+06		34159.2		13160.3
9.76e+06		22398.2		8920.2
9.2035e+06		32009.6		11302.4
9.31383e+06		31528.3		10791.5
9.47389e+06		22492.1		9936.02
2.86176e+07		21963.9		16546.5
8.14483e+06		33539.7		13413.5
3.06935e+07		21795.1		16293
8.40966e+06		32895.5		12077.8
9.42754e+06		30941.1		10673
9.85814e+06		21862		9172.54
9.77109e+06		21827.9		8962.88
8.25694e+06		33259.4		11673.9
9.54356e+06		30281.9		10695.8
2.64906e+07		22161.5		16004
9.82846e+06		21439.4		9334.44
-1.32183e+07		1822.57		11509.5
8.78819e+06		32085.9		11437.5
2.64613e+07		22164.5		15697.5
9.82652e+06		21451.3		9843.1
-1.52937e+07		1986.15		11339.2
8.84965e+06		31931.3		11715.1
1.07854e+07		27025		15319
9.87037e+06		21223.6		9950.84
6.80843e+07		3697.81		11325.5
8.84965e+06		31931.3		11802.3
9.78012e+06		28103.8		14276.4
1.23058e+08		3518.86		11429.5
9.9423e+06		20778.8		9589.18
-1.03617e+08		3434.86		11506
1.51467e+08		3487.62		11233.8
9.79458e+06		28086.5		13610.3
-1.63755e+08		3508.54		11429.1
2.63791e+07		5012.62		9738.52
1.47854e+08		3493.58		11265.4
9.31395e+06		28717.7		13169.6
9.01749e+06		31519.3		11510.5
3.05358e+07		4740.94		9173.17
1.67636e+08		3469.69		10579.3
9.46395e+06		28532.4		12870.5
9.01814e+06		31527.5		11168.5
3.95217e+07		4536.12		9387.85
5.27197e+07		3869.61		10721.7
9.04491e+06		29174.4		12379.1
9.16532e+06		31235.9		11099
9.89179e+06		21018.8		9296.95
7.18345e+07		3701.91		11506
9.00404e+06		29235		11974.3
2.31878e+07		6147.78		10940
1.01687e+07		20360.3		9333.82
9.09138e+06		29108.5		11841.8
2.22927e+07		6327.19		11116.2
6.27815e+07		3826.18		11265.9
1.00449e+07		20411.1		9275.56
2.64612e+07		5882.81		10866.7
9.12536e+06		29053.8		11539.7
7.93215e+07		3720.28		11013.2
-1.11019e+08		3241.93		10924.5
9.16039e+06		28988		11713
9.69735e+06		30445.1		11200
1.00936e+07		20747		9325.28
9.71846e+06		30388		10957.1
9.19169e+06		28928.8		11938.3
4.46735e+07		4012.83		10927.3
1.03387e+07		21121		9478.75
3.77227e+07		4177.02		11182.7
1.03946e+07		20838.6		9475.77
9.77516e+06		30346.1		10993.5
9.52669e+06		28523.1		12093.9
9.94342e+06		30112.2		10837.3
4.6965e+07		3979.08		10885.3
1.04187e+07		20723		9169.66
9.77699e+06		28170.6		12006.8
4.46958e+07		4019.71		10925.8
1.04756e+07		20463.2		9592.75
9.73828e+06		30444.1		11007.4
9.95412e+06		27977.7		12096.5
1.05425e+07		20117.9		9586.94
9.77027e+06		30383.8		12124.3
9.68516e+06		28336.9		11946.7
7.48258e+07		3619.16		10734.1
1.06196e+07		19721.4		10877.3
9.67004e+06		28353.4		11573.2
8.33696e+07		3578.83		11345.8
9.97647e+06		30065.5		11697.7
9.69422e+06		28312.7		10978.9
1.03096e+07		20819.4		10440.5
1.0031e+07		30002.6		11778.2
6.61894e+07		3734.46		11127.1
9.54377e+06		28474.1		10631
1.00573e+07		29963.4		12197.1
1.03551e+07		20619		11018.3
4.06879e+07		4030.57		10475.9
1.03952e+07		20414.7		10020.3
9.56158e+06		28452		10505.6
4.33046e+07		3975.11		11080.1
1.03062e+07		29707.4		12200.7
9.69168e+06		28268.9		10420.6
1.04567e+07		20097.4		9717.03
1.03214e+07		29673.7		12358.2
4.27952e+07		3983.95		10797.2
1.05138e+07		19821.8		10302.1
9.45546e+06		28537		10120.3
4.67517e+07		3913.58		11525.4
1.02911e+07		29707.7		12084.7
1.05966e+07		19346.6		10731.1
9.35772e+06		28713.1		9643.98
1.03141e+07		29664.9		12366.4
4.1199e+07		4117.45		11667.2
9.28429e+06		28785.1		9545.97
1.06013e+07		19327.5		10999
1.03435e+07		29613.1		13245.6
4.74843e+07		3935.42		11635
9.37045e+06		28637.4		9670.26
6.52056e+07		4075.27		11314.8
4.77884e+07		3927.12		12155.5
1.01203e+07		29825.2		12704.2
7.17159e+07		4021.76		11832.2
9.24105e+06		28783.1		9329.1
3.03473e+07		4368.49		11254.7
7.84555e+07		3971		12950.1
1.01482e+07		29806.9		12480.9
9.16626e+06		28904.8		9299.81
9.15646e+07		3914.44		12986.6
1.01717e+07		29752.4		12853
2.7527e+07		4427.52		10948.2
9.17528e+06		28896.7		9217.03
2.30232e+07		4871.82		10895.2
1.01905e+07		29707.9		13744.3
6.98162e+07		4037.4		11935.3
9.04021e+06		29187.4		9085.25
7.41136e+07		4007.45		12467.7
2.20497e+07		5059.61		10412.9
1.94957e+07		7717.52		14261.4
9.11341e+06		29110.2		9278.95
7.49659e+07		4001.55		11990.5
2.03533e+07		7475.34		14517.3
8.98135e+06		29367.9		8992.86
2.54049e+07		4627.33		9814.76
9.05435e+06		29341.3		9384.74
8.68588e+07		3941.05		12395.5
2.16253e+07		7176.11		14242.9
2.44926e+07		4732.86		9638.29
2.42715e+07		4753.6		9980.53
9.66519e+07		3911.78		12328.5
2.3524e+07		6825.73		13360.8
8.92608e+06		29667.9		8900.53
1.0744e+08		3877.49		12983.3
2.6047e+07		6481.77		13766.1
2.36497e+07		4708.22		9784.88
8.94979e+06		29639.6		8747.58
8.98422e+06		29564.7		8755.1
1.30131e+08		3851.18		13196.3
2.80597e+07		6271.96		13840.6
2.43534e+07		4559.64		9693.43
1.52979e+08		3846.49		13492.8
8.88464e+06		29664.5		9079.24
2.31773e+07		4757.38		9501.15
2.94796e+07		6142.92		13917.5
1.50594e+08		3860.7		13091.4
2.03928e+07		5188.14		9797.67
3.05198e+07		6056.19		14385.7
8.88764e+06		29662.2		8856.43
3.1312e+07		5998.95		14780.4
1.83634e+07		5645.59		9886.06
8.92787e+06		29662		9330.6
1.64128e+08		3852.26		13106.1
1.66563e+08		3859.39		13953
2.19483e+08		5242.58		14272.3
1.99702e+07		5253.01		9468.48
8.97072e+06		29550.5		9318.62
9.02445e+06		29503.1		9212.17
2.50483e+08		5222.58		14634.7
1.84686e+08		3843.76		15118.1
1.92639e+07		5290.59		9116.38
9.09504e+06		29328.6		9098.43
2.05028e+08		3849.59		14711.7
2.91944e+08		5198.23		14837
1.80075e+07		5599.47		9286.38
2.51518e+08		3834.69		14922.1
5.17758e+08		5162.23		14944.2
9.10549e+06		29310.6		8990.02
1.80097e+07		5548.68		9004.24
9.022e+06		29565.8		8633.71
2.79183e+08		3825.48		14848.9
1.07405e+09		5119.06		14372.1
1.84456e+07		5437.32		8525.02
7.6351e+06		-158971		8799.11
4.12109e+08		3775.09		14886.4
1.69346e+09		5103.5		13505.3
1.94982e+07		5268.06		8320.72
7.77593e+06		-399066		8688.47
-5.14192e+07		2748.81		14868.3
7.8407e+06		-4.30376e+06		7943.63
6.34785e+08		5149.37		13818.7
2.07432e+07		5126.46		8188.21
1.8103e+08		4024.25		13944.2
9.74643e+08		5122.98		14202.6
7.84254e+06		-3.24768e+06		8096.47
1.90158e+07		5347.47		7951.49
1.1807e+09		5115.21		14436.1
3.83831e+08		4006.31		13904.6
7.95801e+06		264343		8332.01
1.89531e+07		5313.46		7877.2
1.1807e+09		5115.21		13922.2
7.0343e+08		4031.17		13857
1.78715e+07		5604.84		7913.58
7.93767e+06		347528		7860.58
-4.56424e+08		4946.11		14079
8.64828e+08		4025.6		13699.4
1.54445e+07		6405.03		8068.41
8.0529e+06		150643		8550.7
1.52311e+07		6487.32		8000.16
-8.6285e+08		4981.46		13320
4.95457e+08		4104.56		12930.8
8.00829e+06		155238		9223.83
-5.6473e+08		4903.12		13063.8
1.52242e+07		6489.88		8597.38
3.83527e+08		4173.2		12696.2
1.4718e+07		6632.92		9289.85
8.04269e+06		159697		9156.25
-9.63074e+08		4940.76		12786.2
3.2866e+09		4097.19		12315.4
1.52192e+07		6430.28		10068.2
1.2877e+09		5009.01		12428.7
1.28468e+09		5009.68		11962.1
7.88562e+06		1.63304e+06		9064.71
-3.31771e+08		3986.45		12911.3
1.51976e+07		6447.88		10534.1
7.96536e+06		272366		8318.7
1.29126e+09		5009.6		11709.9
-2.57469e+08		3957.8		12413.4
1.40955e+07		7033.8		10144.9
8.08144e+06		168732		8547.91
-7.98637e+07		4102.84		12095.1
-1.51835e+08		3810.05		11816.7
1.59771e+07		6288.65		10268.7
8.22575e+06		92383.8		8074.25
1.33106e+07		7673.51		9499.21
-1.9806e+08		3826.33		11650.7
4.0964e+08		5239.6		11966.9
8.52129e+06		59019.2		7550.2
-3.31104e+08		3959.15		11822.1
1.63626e+07		6160.51		9933.39
4.08348e+08		5240		11240.2
-4.97834e+09		4056.32		11827.5
1.59294e+07		6308.5		10208.8
8.41204e+06		63417.9		7820.17
-1.34809e+09		5134.69		11393.7
-1.89847e+08		3889.77		11979
8.43278e+06		59433.7		7999.67
1.5828e+07		6323.94		10871.3
-2.26956e+09		5132.14		10908.7
8.49352e+06		54007.2		8201.51
1.51672e+07		6562.32		11077.6
-1.38486e+08		3781.11		11346.2
-4.84836e+08		5111.62		10501.3
8.51728e+06		51956.2		8824.71
1.56044e+07		6384.48		11552.4
-4.85519e+08		5111.61		10207.4
-1.21401e+08		3705.47		11005
8.53386e+06		50656.5		8355.08
-1.07303e+08		3650.06		11003.2
1.65754e+07		6074.92		11570.8
-6.71496e+07		3954.44		9632.57
-1.07718e+08		3647.81		10946.9
8.87634e+06		31914.1		9204.15
1.70351e+07		5967.07		11943.2
-6.72474e+07		3955.68		9520.48
8.70838e+06		34706.9		9510.08
-7.12589e+07		3466.81		10695.7
-5.77319e+07		3802.87		9279.59
1.648e+07		6089.43		12496.4
8.91958e+06		27798.4		10050.2
-7.95207e+07		3504.62		10152.6
-5.77175e+07		3802.67		8999.08
1.63811e+07		6112.74		11958.6
9.09509e+06		25805.8		10594.6
-8.33427e+07		3521.86		10068.4
-5.66371e+07		3827.46		8966.14
1.51885e+07		6640.79		12335.1
-1.05548e+08		3543.01		10088.8
9.21017e+06		23725		10666.8
1.50776e+07		6687.04		11845.9
-7.74006e+07		3944.39		9169.67
1.66616e+07		6026.39		12128.1
9.20851e+06		23678.3		10576.7
-6.36201e+07		3856.66		9290.58
-1.01867e+08		3483.14		9819.22
9.05466e+06		28014		10230.9
1.70338e+07		6731.81		9187.58
1.66616e+07		6026.39		11893.5
-1.16697e+08		3513.57		9479.88
1.66616e+07		6026.39		12440.6
-9.25374e+07		3456.88		9373.51
8.96685e+06		29431.7		10164.3
1.66801e+07		6888.01		8959.16
-1.13774e+08		3508.29		9154.46
1.86224e+08		3519.5		12207.7
8.86607e+06		30028.1		10603.5
1.58732e+07		7123.69		8600.93
-2.44086e+08		3661.49		9174.68
8.30703e+07		3714.53		12544.1
8.81371e+06		33898.9		11293.8
1.50367e+07		7133.84		8532.22
-4.48872e+08		3725.27		9109.68
-4.46089e+08		3280.07		13644
8.9102e+06		33353.3		11796.9
1.44816e+07		7559.99		8658.18
-5.643e+07		3035.51		12449.5
1.38003e+07		8171.46		8596.03
1.39207e+07		7812.15		8545.4
8.90863e+06		35859.8		11850.4
-5.34305e+07		3016.49		12609.2
1.32346e+07		8645.12		8870.51
8.68305e+06		42419.6		12529.2
1.31175e+07		8554.4		8406.75
-7.33479e+07		3116.93		12465.1
1.30443e+07		9002.51		8712.38
8.7121e+06		47966.2		12891
1.35714e+07		8284.36		8200.95
1.36101e+07		8252.37		8698.27
9.03388e+06		38134.3		13146.7
1.19841e+07		9990.03		8461.53
-9.9432e+07		3389.88		12098.8
9.10957e+06		36905.3		13513.8
1.3803e+07		8118.27		8172.03
1.16026e+07		10521.8		8423.92
-8.41661e+07		3322.46		11791.3
1.57305e+07		10423.7		13166.7
-8.59616e+07		3315.02		11928.8
1.15721e+07		10560.8		8055.9
1.62591e+07		9928.7		12626.2
1.39266e+07		7921.63		7886.11
1.12422e+07		11347.8		8432.83
1.3037e+07		8602.67		9136.43
1.67471e+07		9653.95		12856.3
-8.63239e+07		3316.88		11469.7
1.09524e+07		11993.9		8684.42
1.95671e+07		8118.36		14054.4
-9.25876e+07		3383.56		12613.2
1.24432e+07		9068.51		8860.77
1.09135e+07		11825.8		8913.33
2.10119e+07		7765.6		14202.8
-9.48779e+07		3386.77		12918.9
1.1816e+07		9652.66		8925.27
1.05468e+07		12764.2		8839.4
1.89718e+08		5436.8		13719.4
-8.67965e+07		3346.26		12587.2
1.03076e+07		13434.1		9056.07
1.24701e+07		8693.35		8709.52
1.2411e+07		8769.2		8663.48
2.26201e+08		5393.84		13610.2
-8.52832e+07		3323.65		12440.1
9.83584e+06		15029		9090
-7.77904e+07		3280.17		12583
1.83027e+08		5444.35		13285.9
9.37304e+06		18405.8		9327.07
1.26971e+07		8339.99		8437
1.5e+08		5505.06		13644.8
-7.57138e+07		3271.02		13004.2
8.9434e+06		21957.4		9103.24
1.12495e+07		9888.88		8582.86
8.7257e+06		26261		9481.99
8.97355e+08		4881.14		13547.9
-7.52199e+07		3260.88		13315.6
1.13631e+07		9606.98		8316.76
1.21259e+09		4871.23		13951.7
-7.61818e+07		3268.66		13635.2
8.42313e+06		31948.7		9186.73
1.10711e+07		10025.2		8544.93
-7.24418e+07		3255.55		13815.1
8.10378e+06		49444.9		9126.58
-1.57137e+09		4680.01		12962.7
1.01788e+07		12295.8		8466.42
8.1247e+06		47705		8904.46
-5.94964e+07		3139.87		14397.8
1.07191e+07		11149.8		8465.6
-1.58189e+09		4680.27		12514
7.89136e+06		76925.2		8240.56
-5.9333e+07		3137.14		13900.7
1.06738e+07		11247.6		7888.78
-5.8228e+07		3247.1		12223.8
7.67925e+06		197397		8086.25
-6.4044e+07		3192.89		13500.3
1.06334e+07		11339.4		7553.52
-5.82126e+07		3246.96		11971.1
-6.49227e+07		3204.47		13002.7
1.05629e+07		11510.6		7963.54
7.57526e+06		781862		8796.9
-5.75277e+07		3210.88		11672.5
7.56064e+06		1.43041e+06		8170.4
1.0688e+07		11230.2		7957.1
-5.81501e+07		3136.28		12467.3
-1.11113e+08		3937.13		11327.7
-5.77303e+07		3126.11		11813.7
1.0682e+07		11243.2		7661.27
7.76534e+06		111190		8159.72
-4.90183e+07		3100.42		11096.3
7.90201e+06		66035.5		8800.82
-5.77303e+07		3126.11		11836.7
1.06555e+07		11301.1		8535.98
-8.28878e+07		3798.82		10628.6
8.11517e+06		46259.4		9113.13
-5.68926e+07		3111.43		11086.7
1.04651e+07		11750.2		9256.47
-4.37595e+07		3033.49		10068.8
-5.68926e+07		3111.43		10899.2
1.04346e+07		11831.1		9591.66
8.40634e+06		30841.2		9926
-3.87101e+07		2962.46		9721.75
-3.65271e+07		2929.65		9458.57
1.0928e+07		10517.2		9035.51
-5.51308e+07		3098.34		10448.3
8.30767e+06		36527		9482.88
1.08983e+07		10369.3		9810.5
8.47034e+06		30054.1		8970.74
-5.39953e+07		3074.77		10157.2
4.74304e+08		5715.67		9870.02
8.67349e+06		26177.5		9308.87
-5.54769e+07		3068.02		9944.15
1.14439e+07		9649.34		9811.74
4.58984e+08		5723.1		10123.9
-5.96594e+07		3125.3		9558.88
1.19144e+07		8980.43		9734.4
8.67614e+06		26121.6		9979.35
-3.919e+07		2997.38		9749.08
-6.33697e+07		3134.34		9513.07
1.10467e+07		10138.5		9698.83
8.53216e+06		29242.2		9703.89
-3.49263e+07		2908.92		9521.3
8.2831e+06		38609.7		10185.8
-6.33966e+07		3134.16		9352.21
1.12293e+07		9866.63		9800.75
-3.57704e+07		2921.38		9694.09
-7.41836e+07		3160.39		9244.72
1.12492e+07		9831.29		9844.82
8.31505e+06		35247.4		11234.9
-3.57704e+07		2921.38		9319.05
1.26821e+07		7960.25		9321.68
-7.4206e+07		3160.29		8915.02
1.44886e+07		6932.05		10212.6
-7.28831e+07		3151.79		8836.61
8.75615e+06		23291.7		12296
-3.57704e+07		2921.38		9051.16
-7.84129e+07		3166.83		8662.29
8.80732e+06		22490.9		11604.3
1.3907e+07		7126.71		11292.5
-2.96474e+07		2794.38		8949.56
1.41121e+07		6984.31		11590.7
8.86573e+06		21683.3		11649.4
1.7672e+07		7215.74		8606.02
-6.8093e+07		3129.93		8402.64
8.98823e+06		20531.3		12275.6
-7.39209e+07		3152.35		8318.78
1.2512e+07		8279.23		12198.8
7.01492e+07		4185.29		8834
9.25206e+06		19013.1		12389
1.91642e+07		5905.66		8288.48
1.29202e+07		8013.72		11536.6
1.5346e+07		7783.48		8555.58
1.76332e+07		6167.53		8106.49
1.31106e+07		7948.91		11911
1.43409e+07		8460.98		8378.34
9.48593e+06		16980		11535.5
1.35867e+07		7690.56		11113.8
9.82166e+06		15097.1		11570.6
1.72598e+07		6242.8		8399.95
1.35884e+07		8980.89		8351.7
1.70016e+07		6341.45		8198.04
1.43281e+07		7114.52		11816.6
1.00883e+07		13926.5		11071.6
1.43377e+07		8152.04		8525.33
1.03194e+07		13543.8		10518.5
1.5971e+07		6813.56		8139.96
1.45448e+07		7233.07		12827.8
1.36709e+07		8570.11		8718.51
1.5623e+07		7008.07		7934.18
1.43951e+07		7108.68		12042.7
1.2689e+07		9765.62		8415.06
1.03449e+07		13932		10246.6
1.57114e+07		6914.18		8287.01
1.58073e+07		6674.57		12465.1
1.06518e+07		12958.5		10614.8
1.24113e+07		10083.7		8483.45
2.02289e+07		5527.71		12410.1
1.17797e+07		11069.6		8930.11
1.53791e+07		7160.89		8363.18
1.0271e+07		15232.8		10431.5
1.04293e+07		13881.6		10534.1
1.4647e+07		7587.84		8797.21
-3.07032e+09		3500.11		12886.1
1.15076e+07		11508.1		8652.1
1.47034e+07		7576.97		9094.9
1.07339e+07		12807.1		11006.2
-1.6956e+09		3461.86		12608.6
1.19587e+07		10805.8		8460.8
1.38894e+07		8068.6		9332.24
1.19357e+07		10844.9		9252.02
1.24989e+07		9310.76		10689.2
-1.61064e+09		3460.99		11850
1.32861e+07		8498.38		8533.03
1.1651e+07		11393.2		9284.73
1.33251e+07		8279.92		10363.8
-4.51826e+08		3484.58		11242.9
1.21962e+07		10370		9425.69
1.32781e+07		8514.55		7984.35
1.36248e+07		8066.84		9720.7
-4.10981e+07		3115.81		11090.6
1.1159e+07		12355.6		9308.42
1.44402e+07		7537.14		10064.8
1.3264e+07		8528.04		8589.04
1.46377e+07		7339.73		9884.07
-3.95183e+07		3107.56		10744.5
1.31805e+07		8611.56		8984.3
1.03714e+07		14384.7		9081.35
-4.03489e+07		3097.94		10337.3
1.46749e+07		7085.87		9435.11
1.282e+07		8940.33		9049.95
1.02075e+07		15046.4		8693.8
-4.03386e+07		3097.85		9946.99
1.30483e+07		8796.3		9258.75
1.43159e+07		7365.92		9131.23
1.01611e+07		15282.6		8232.77
1.45027e+07		7438.49		9253.44
9.9879e+06		16188.4		8605.98
-1.45081e+08		3301.78		9801.76
1.29215e+07		9141.19		9481.58
1.45108e+07		7454.63		8901.35
-1.03556e+08		3262.3		9746.98
9.96049e+06		16433.3		8288.96
1.28965e+07		9170.08		10447.1
1.58809e+07		6370.32		8825.43
9.87535e+06		16852.4		9023.22
-7.83171e+07		3133.14		9537.55
1.46142e+07		7917.21		9646.92
1.71062e+07		5951.54		8669.35
9.77487e+06		17488.8		9858.08
-7.82933e+07		3133.04		9357.68
1.52915e+07		7256.65		8733.24
1.45658e+07		7957.66		9431.83
9.61054e+06		18584.6		9823.22
-6.21087e+07		3085.55		9584.08
1.4639e+07		7914.77		9477.04
9.62508e+06		18481.6		10263.9
-5.43796e+07		3058.79		9406.39
1.43037e+07		7527.9		8643.95
-3.08335e+07		2711.39		8961.14
9.60077e+06		18647.5		11015.7
1.46084e+07		7930.47		10134.7
1.41606e+07		7740.66		8378.33
-3.08335e+07		2711.39		8814.62
1.45838e+07		7947.46		9873.45
1.37429e+07		8060.22		8164.32
9.46268e+06		19830.9		11259
-4.14493e+07		3058.25		8481.55
1.46237e+07		7921.26		9806.94
1.42991e+07		6905.06		8035.52
9.49544e+06		19515		10214.5
1.44493e+07		8039.03		10467.8
-4.17266e+07		3067.52		8502.06
1.31762e+07		8337.29		7909.91
1.4565e+07		7957.92		11105.2
9.20634e+06		22459.4		11176.4
2.17178e+07		6437.31		8880.22
9.22576e+06		22228.4		11080.4
1.26965e+07		7939.11		7644.59
1.46608e+07		7899.42		11291
2.13148e+07		6547.45		8958.14
9.21848e+06		22309.1		11040.4
1.19883e+07		9471.52		7849.56
1.46562e+07		7901.67		11425.3
-2.89814e+07		2794.94		9102.4
9.21707e+06		22281		11292.6
1.45887e+07		7944.15		11807.3
1.24037e+07		8157.4		7872.02
1.78729e+07		6881.2		9118.11
1.74914e+07		6968.63		8996.46
9.49412e+06		18711.4		11976.7
1.50398e+07		7841.39		11944.6
1.29058e+07		7335.45		7747.68
1.69976e+07		7220.34		8664.98
1.52206e+07		7744.72		12107.3
9.27807e+06		20402.1		11821.6
1.31788e+07		7217.48		7582.6
1.54569e+07		7661.05		11595.8
1.34291e+07		7059.2		8124.98
1.92283e+07		6445.58		8800.15
9.1028e+06		21216.7		11841.1
1.48359e+07		7479.45		8757.49
1.51593e+07		7939.51		11987.6
1.34533e+07		7089.61		8057.24
8.92606e+06		22974.4		11977.5
1.56713e+07		7818.76		12023.7
1.60737e+07		6710.86		8858.73
1.29033e+07		7370.63		7776.85
9.07716e+06		22352.2		12018.4
1.2898e+07		7375.06		8142.05
1.64791e+07		7323.42		11926.9
1.4679e+07		7399.44		9263.75
8.5364e+06		35102.8		11869.1
1.70472e+07		7181.75		11536.3
1.1994e+07		8065.95		8192.73
8.51608e+06		37354.5		12155
1.649e+07		6809.5		9343.77
1.19648e+07		7888.87		8152.73
8.36105e+06		41312.1		12674.8
1.34772e+07		8159.16		9378.65
1.76084e+07		6926.35		12081
1.14947e+07		8644.94		8137.1
8.65794e+06		28545.3		12746.8
1.34772e+07		8159.16		9337.27
1.8369e+07		6799.82		12286.7
8.6905e+06		27332.7		12791.1
1.79348e+07		7112.74		12098.2
1.35032e+07		8293.78		9449.03
1.19237e+07		7907.2		7951.22
1.26512e+07		8987.28		9268.21
2.18316e+08		4509.96		12265.1
8.78656e+06		23848.1		12981.8
1.18777e+07		8011.89		8341.79
1.14693e+07		10818.7		9316.6
1.78169e+08		4543.66		12691.2
9.07833e+06		21681.8		12079.4
1.17131e+07		8131.19		8382.82
1.1303e+07		8830.54		8390.03
1.87827e+08		4535.63		12820.4
9.15646e+06		20993.6		12545
1.08161e+07		12416		8934.1
2.35002e+08		4450.05		12904.2
9.23184e+06		20250.3		12882.5
1.05367e+07		13303.8		8955.13
1.13051e+07		8743.58		8338.33
9.39423e+06		18467		12255.8
3.03715e+08		4461.92		12863
9.94635e+06		14968.2		8831.02
1.16899e+07		8161.54		8305.3
3.73382e+08		4471.02		12116.1
9.86841e+06		15384		8710.82
1.14862e+07		8507.23		8245.64
9.99139e+06		15624.6		11750.5
1.05296e+07		12784.4		8598.09
2.58703e+08		4517.48		12289
1.02645e+07		15298.5		11650.9
1.11309e+07		8948.42		8039.68
1.10016e+07		11476.3		8610.76
2.42913e+08		4515.69		12574.8
1.03992e+07		16309.4		11340.9
1.10214e+07		9110.48		8357.79
-1.25898e+08		3393.88		12448.6
1.02595e+07		16632.5		11245.1
1.10861e+07		11350.7		8583.91
1.06525e+07		9697.75		8205.32
1.16536e+07		10305.1		9145.21
9.83866e+06		23030.2		11252.3
-1.25906e+08		3393.91		12308.8
1.00245e+07		11477.8		7998.02
1.00694e+07		11346.7		8079.2
1.17145e+07		10239.4		9683.23
-1.10821e+08		3300.53		12244.2
9.14494e+06		28099		10899.9
1.15014e+07		10550.3		9330.46
9.36106e+06		34331.1		11369.4
-1.31931e+08		3387.97		12027
1.01945e+07		11133.4		7986.73
1.01925e+07		11128.4		8609.08
1.14661e+07		10601.7		9652.46
9.32561e+06		34748.4		11153.3
-1.31938e+08		3388		11453.5
1.01808e+07		11161.1		8292.85
1.14838e+07		10570.2		9662.33
9.33665e+06		33023.8		10840.2
1.00423e+07		24891.1		11016.9
-1.34586e+08		3398.69		11004.4
1.08308e+07		9837.21		8391.72
1.15132e+07		10519.8		8867.83
9.62217e+06		28912.2		10970.6
1.0676e+07		10232.8		8267.51
-4.05614e+08		3860.56		10607.6
1.06779e+07		10227.1		9127.3
1.15293e+07		10491.5		8919.41
9.23153e+06		32752.4		10603.1
-8.0101e+07		3080.18		10644.5
1.10404e+07		9478.7		9242.36
9.41886e+06		26718		10534.1
1.15368e+07		10478.7		9580.67
-6.70125e+07		2923.47		10649.9
1.10851e+07		9451.02		9100.55
9.87611e+06		23421.2		10885.9
1.15248e+07		10498.2		10460.3
1.10877e+07		9446.39		10284.5
-7.39244e+07		2988.3		10712.6
9.42567e+06		25931.4		10733.1
1.10776e+07		9676.63		11276.5
1.15295e+07		10490.7		11137.9
9.09415e+06		26068.3		10590.1
-7.39158e+07		2988.2		10175.5
9.2388e+06		23723.1		10253.4
1.20893e+07		9549.45		11911.2
1.15645e+07		8928.82		11181.9
-7.34776e+07		2988.59		10320.9
9.02797e+06		26688.5		10971.9
1.15883e+07		8858.38		11362.9
1.27156e+07		9073.38		11944.1
-7.35326e+07		2989.1		9944.71
9.61743e+06		19447		10383.6
1.15434e+07		8857.41		11026.3
1.28269e+07		8978.93		12107.3
1.08466e+07		15007.2		10387
-7.35982e+07		2989.74		9898.23
1.15791e+07		8902.22		10536.1
1.19273e+07		9921.24		12639.6
1.1085e+07		14483.3		11009.7
-7.588e+07		2969.01		9951.38
1.12952e+07		9383.77		10312.7
-8.30072e+07		2988.9		10139
1.10169e+07		10005.9		10480.3
9.80776e+06		20963.4		11374.1
1.14558e+07		11341.9		12180
1.12188e+07		9459.8		10125
-7.23198e+07		2956.26		10747.5
1.09444e+07		13085.4		12175.7
1.05625e+07		17207.4		11312.9
-6.63769e+07		2931.18		10154.7
1.10864e+07		9755.98		9533.22
1.05209e+07		17256		11155.9
1.11711e+07		12877.7		11659.2
1.06968e+07		10810.4		9237.76
-6.04398e+07		2916.88		10478.5
1.05895e+07		17234.4		10828.9
1.12131e+07		12824.8		11469.7
1.00284e+07		12955.2		9530.64
-5.55817e+07		2896.07		11627.4
1.04893e+07		17721		11326.1
1.09388e+07		13297.4		11110.3
1.05484e+07		17553.5		11814.3
1.00167e+07		12674.8		9037.15
1.08952e+07		13869.8		11600.9
-5.84542e+07		2914.9		11394.7
1.02708e+07		19156.1		11098.7
1.03188e+07		11947.3		8910.14
1.10895e+07		13529.6		11381
-5.64041e+07		2906		11554.3
1.05202e+07		11451.3		8577.01
1.0709e+07		17842.4		10547.7
1.08224e+07		14881.4		11004.1
-5.61213e+07		2905.22		11720.5
1.07163e+07		17847.9		10370
1.08527e+07		10683.4		8308.25
1.11294e+07		13888.4		10572
-6.60705e+07		2956.81		12083.7
1.08056e+07		10797.4		8064.2
1.05647e+07		18691.3		10037.9
-5.71542e+07		2908.79		12058.8
1.12298e+07		14361.3		10505.5
1.05214e+07		11747.1		8189.46
-6.07311e+07		2928.64		11463.2
1.11157e+07		15358.7		9926.49
1.07405e+07		15967		10134.8
1.12451e+07		10256.5		7810.04
1.11366e+07		15299.2		9345.31
-6.79395e+07		2965.69		11875.5
1.07542e+07		15437.5		9783.8
1.25063e+07		8176.09		7500.25
1.06253e+07		17465.1		9698.36
1.02926e+07		17224.3		9400.9
-8.82145e+07		3044.41		11417.6
1.24896e+07		8318.47		7358.79
1.06387e+07		17386.2		10174.6
1.04277e+07		16267.5		9364.93
-8.34268e+07		3032.44		11961.6
1.12059e+07		10712.7		7851.35
1.0094e+07		20533.4		10029.6
-1.75466e+08		3236.34		11012.4
1.09956e+07		13865.5		9249.44
1.15704e+07		10159.7		8028.19
1.06652e+07		17328.9		10636.4
-1.87027e+08		3234.43		11294.5
1.08343e+07		14403.5		8970.4
1.0802e+07		12328.6		8342.54
1.21076e+07		14547.4		10356
-2.18691e+08		3277.05		11640.5
1.19458e+07		10904		8894
1.23532e+07		13550.8		10371.2
1.07686e+07		12620		8313.38
8.0054e+07		3772.74		11285.7
1.19108e+07		10953		8831.23
1.23013e+07		13662.5		10359
1.07018e+07		13256.7		8395.15
1.19578e+07		10719.4		9803.72
1.35017e+07		10510.1		10726.2
4.89687e+08		3384.42		11087.4
1.06466e+07		13279		8338.6
1.17814e+07		11304.7		9262.76
1.33475e+07		10707		11515
1.39883e+08		3550.6		10635.8
1.12236e+07		11725.4		8009.91
1.2373e+07		10489.3		9647.88
1.31101e+07		10978.8		11622.4
1.39883e+08		3550.6		10108
1.08156e+07		13054.8		8467.96
1.22637e+07		10947.4		9185.27
2.42666e+08		3434.25		9932.04
1.28101e+07		11134.7		11088.8
1.08979e+07		12658.9		8478.54
1.23512e+07		10600.1		9257
2.55022e+08		3429.31		9967.63
1.07164e+07		13673.8		8680.9
1.24833e+07		11473.9		10944.8
1.19811e+07		11143.4		9133.3
1.09647e+08		3575.22		9915.78
1.0493e+07		14902.8		8842.2
1.22375e+07		11885.1		11297.6
1.24441e+07		10403.7		8802.22
6.27424e+07		3786.29		9838.42
1.20784e+07		10770.7		9345.97
1.2091e+07		12190.2		11582.8
1.00371e+07		17878.6		8558.04
6.36654e+07		3763.6		9682.75
1.14988e+07		13768.2		11304
1.0469e+07		14602.8		8269
1.03914e+07		15411.5		8651.85
6.39933e+07		3761.13		10605.1
1.2367e+07		10052.4		9019.22
1.26154e+07		12158.5		11449.8
1.32731e+07		9084.37		9392.3
6.74475e+07		3769.99		10242.6
1.21766e+07		13336		11810.9
9.954e+06		19106.4		8647.25
1.0073e+07		18157.3		8520.19
7.33211e+07		3735.52		10395.2
1.46222e+07		7845.5		9186.4
1.16308e+07		14374.1		11176.8
1.69717e+07		6883.71		8957.85
5.65374e+08		3433.24		10265.7
1.04296e+07		16416		9295.57
1.15884e+07		14975.5		11703.4
1.17944e+08		3616.54		10102.1
9.90672e+06		20781.5		9466.39
1.7417e+07		6756.94		8838.62
1.11264e+07		16759.5		12279.2
1.04183e+07		17006.1		9156.46
1.20504e+08		3624.94		10069.4
2.05259e+07		6072.22		8750.03
1.02009e+07		20938.2		11998.4
1.08512e+08		3614.44		9787.67
1.12297e+07		12893.8		9788.45
2.09388e+07		5983.95		8918.61
1.07742e+07		15479.8		11542.2
1.11817e+07		13061.8		9092.72
1.90599e+07		6341.15		9370.06
7.7879e+07		3749.26		9693.73
1.13848e+07		14572.5		11512.2
1.12774e+07		12693.8		9697.07
8.65039e+07		3716.52		9587.16
1.87527e+07		6479.41		9414.37
1.15423e+07		13994.5		11048
1.12043e+07		12933.9		10235.4
1.90777e+07		6403.32		10818.5
1.19121e+07		12567.6		11200.5
8.49371e+07		3714.67		9429.68
1.12431e+07		12801.2		9800.71
1.90367e+07		6413.79		11198.2
8.51934e+07		3717.56		9229.56
1.03156e+07		18277.9		10788.8
1.90626e+07		6410.95		11509.6
1.0702e+07		14598.1		10496.8
9.97122e+06		18973.2		10357.4
7.16926e+07		3852.83		8663.66
7.41618e+07		3848.83		8626.29
2.29343e+07		5712.96		12457.1
1.0824e+07		14122.5		11460.6
1.01341e+07		18021.1		10117.1
1.08333e+07		15433.4		10279
2.8812e+07		5190.86		12574.4
1.00089e+08		3680.13		8450.4
1.06171e+07		14998.5		11007.1
1.08199e+07		13760.5		10930.3
7.25151e+07		3858.72		8564.36
1.99907e+07		6249.06		13187.8
1.06589e+07		16896.1		9915.47
9.80715e+07		3713.26		8932.43
1.07784e+07		13887		10118
1.03319e+07		19950.5		9831.3
1.8643e+07		6577.67		13013.7
1.06368e+07		18705		9745.38
1.02738e+07		16157.7		9970.47
7.77217e+07		3852.72		8832.7
1.69459e+07		7189.54		12629.1
9.01162e+07		3837.6		9018.93
1.07854e+07		20330.6		10163.6
1.04007e+07		15148		9964.59
1.81736e+07		6898.88		12170.8
1.03367e+07		15337.1		9889.1
6.02433e+07		4072.77		9858.7
1.06721e+07		22321.3		10330.3
1.56587e+07		8068.48		12300.3
6.85641e+07		4005.26		9654.61
1.03357e+07		15711.8		9688.94
1.10551e+07		20193.7		9929.49
1.27019e+07		10594		12044.3
1.12996e+07		18479.9		10500.8
1.04856e+07		14718.3		9323.36
1.04323e+08		3799.59		9497.94
1.26616e+07		10581.4		11543.2
1.15221e+07		17449.7		10024.5
1.01289e+07		16976.9		9416.72
1.15869e+07		12242.3		11364.6
1.54861e+08		3648.46		9001.47
1.16487e+07		16736.1		9460.72
1.06986e+07		14144.7		9326.33
1.07243e+07		13762.3		9335.43
1.12537e+07		13241.7		10731.1
1.25609e+07		13650		10983.9
2.08819e+08		3602.99		9318.82
1.36266e+07		12048.4		11154.6
-1.75389e+09		3501.81		9313.31
9.95608e+06		17587.7		9082.02
1.19306e+07		11574.4		10499.4
1.19381e+07		11493.8		11089.5
1.43895e+07		11345.8		11070.3
9.86985e+06		17832.7		9371.43
-9.71651e+08		3487.36		9661.62
1.31108e+07		9464.02		10270.6
1.17997e+07		14900.9		11057.5
1.01166e+07		16327.3		9781.5
2.40258e+08		3630.12		9724.66
1.04734e+07		14148		10467.3
-4.96408e+07		2988.72		10786.9
1.19922e+07		13435.1		11218.4
1.15556e+07		12303.6		10626.6
1.14528e+07		12844		10518.3
1.06053e+07		17569		10590.8
1.04429e+07		14340		10995.5
9.55902e+07		3798.57		10421.3
1.05402e+07		13987.5		11053
1.22367e+07		11503.7		9836.04
1.16418e+07		12930.2		10363
1.16998e+07		12789.7		11331.2
9.0211e+07		3809.61		10430.6
9.93419e+06		16685.5		10870.5
1.22438e+07		11488.2		9445.11
1.38392e+08		3673.62		10528.1
1.16123e+07		12650.1		11015.5
9.67436e+06		19611.3		11147.4
1.32846e+08		3735.6		10419.3
1.25678e+07		11074.6		10204.8
1.13627e+07		13095.3		10559.1
1.00584e+07		16959.1		11026
1.42128e+07		8900.63		9814.75
8.97816e+07		3848.66		10103.5
1.12147e+07		13912.3		10261.1
1.05444e+07		13971.8		11526.2
1.40794e+07		8950.24		10460.6
9.11716e+07		3841.77		10245.4
1.05308e+07		13920.7		11531.1
1.57404e+07		7650.87		11619.7
1.00937e+07		18020.5		10095.9
7.57515e+07		3930.3		10161.9
-1.56475e+08		4147.11		10884.8
1.0104e+07		17345.8		9719.3
9.89091e+06		18411.1		10659.7
8.07933e+07		3888.56		10246.3
8.86362e+07		3852.52		10095
1.00159e+07		17533.5		10479.4
9.91089e+06		18347.9		9409.1
1.5842e+07		8235.91		10754.3
1.04716e+07		15299		9458.72
9.8666e+06		17034.7		10088.2
6.64053e+07		3966.93		10153.5
-2.54123e+08		4228.8		10634.2
6.29427e+07		3995.18		10562
9.57533e+06		18713		10755.1
1.12758e+07		12295.2		9754.29
-2.54123e+08		4228.8		10606.8
1.14186e+07		11981.8		10188.8
-5.75562e+08		4383.23		10657.9
9.45933e+06		17925.2		10401.4
4.65677e+07		4183.96		10101.6
1.12886e+07		12260.8		9642.88
4.10691e+07		4297.38		9775.94
9.66758e+06		15469.1		10381.4
9.66713e+08		4160.89		10269.4
1.00516e+07		13613.8		10234.1
1.0478e+07		14719.6		10747.4
1.74806e+08		4600.8		10553.4
1.05272e+07		14532.5		10789.7
1.04243e+07		12669.2		10470.7
3.43616e+07		4483.19		9966.56
1.74806e+08		4600.8		10848.1
1.08366e+07		13414.9		10380.7
1.06966e+07		11452.7		9895.35
6.99265e+07		3919.54		9927.12
1.09168e+07		11079.7		9500.37
1.57656e+07		9281.97		10661.3
1.10891e+07		12770.7		10472.3
3.75426e+07		4457.26		10300.6
1.09781e+07		10835.7		9545.92
1.30508e+07		11958.9		10502.9
2.92014e+07		4818.42		10126
1.02832e+07		15756.9		10588
2.70503e+07		5021.42		9569.33
1.02141e+07		12568.2		9335.38
1.05804e+07		14629.7		10862.5
1.25995e+07		13013.7		10052.7
2.52925e+07		5171.62		9824.3
9.7115e+06		15346		9504.61
1.0778e+07		13989.8		11443.7
1.27346e+07		13019.3		9553.97
1.00535e+07		13813.5		8671.01
2.64984e+07		5066.16		11113.5
1.33675e+07		12700.8		9715.02
1.0803e+07		14496.3		11893.5
2.42132e+07		5272.91		10703.9
9.94365e+06		15532.6		8684.36
1.34173e+07		12721.9		9927.23
1.11373e+07		13397.8		11585.3
1.2961e+07		13530.2		9736.24
2.22692e+07		5546.62		10256.6
9.79258e+06		19035.3		11737.9
1.03119e+07		14281.8		8523.21
1.26944e+07		14197.1		9427.39
1.94931e+07		6081.71		9989.55
1.06317e+07		12921.5		9095.56
1.01547e+07		16538.4		11318
1.2704e+07		14934.7		10035
1.88707e+07		6226.94		9717.27
1.92989e+07		6121.59		9126.56
1.05993e+07		12473.3		9000
9.75397e+06		19315.8		11867.5
1.12769e+07		19822.2		9799.17
1.06709e+07		11889.7		9238.4
1.9769e+07		6016.59		9757.92
1.08971e+07		14017.1		11742.5
1.00999e+07		39888.2		10319.2
1.76353e+07		6521.08		9587.87
1.02506e+07		14157		9121.61
1.02823e+07		35496		10099.9
1.06065e+07		14894		11232.2
1.00463e+07		15052.8		8813.26
1.14437e+07		12646.2		11594.3
1.82124e+07		6329.69		10196.6
1.027e+07		35963.8		9836.52
1.11529e+07		13901.1		11804.5
9.78132e+06		17054.3		8800.73
1.8553e+07		6236.32		10143.5
1.02392e+07		35420		9411.79
9.59248e+06		18239.1		8797.09
1.12926e+07		13127.6		11969.4
1.90671e+07		6153.57		10718.8
9.52748e+06		64032.3		8980.28
9.04834e+06		26756.5		8658.57
1.08448e+07		14394.3		12413.6
1.94991e+07		6066.52		11353.9
9.96441e+06		35982.3		9136.21
1.11841e+07		13776.9		11595.7
8.87194e+06		29538		8612.09
9.77426e+06		41981.1		10167.8
1.73216e+07		6626.66		10641.9
1.45165e+07		9363.24		12103.2
8.59796e+06		42461.8		8936.7
9.61283e+06		47039.4		10225.5
1.76715e+07		6526.68		10954.2
8.60702e+06		36830.1		8804.9
1.84528e+07		7700.43		12524.8
9.4896e+06		53800.6		9856.96
1.79756e+07		6480.48		10411.2
8.62042e+06		34032.3		8630.87
2.0082e+07		7165.22		12929.9
9.21489e+06		75125.9		9466.46
1.91874e+07		6078.02		10913.4
3.38762e+07		5520.27		13190
8.61531e+06		30801.6		8546.36
1.99391e+07		5846.9		11267
9.28842e+06		58134.7		9318.65
2.15378e+07		6770.95		12888.3
9.15663e+06		72408.6		9759.22
2.19601e+07		5604.43		11083.5
8.43237e+06		38830.5		8577.12
8.3994e+06		41593.1		8703.42
2.29925e+07		6346.8		12106.3
9.43029e+06		44381		9704.13
2.24935e+07		5555.96		11591.6
8.37228e+06		45864.3		9174.02
2.3609e+07		6258.38		12492.3
2.00863e+07		5960.06		11248.1
9.16586e+06		55723.1		9248.93
-4.28976e+08		4076.99		12904.1
8.25613e+06		63279.4		9103
9.20119e+06		53564.3		9374.49
2.04162e+07		5967.74		10918.7
8.25584e+06		63315.2		8440
2.03783e+07		5976.67		11179.5
9.01013e+06		74880.3		9172.66
-1.89874e+08		3997.6		12566.2
8.36437e+06		51744.8		8518.33
2.01206e+07		6002.27		11052.5
9.15633e+06		53023.3		10088.5
1.75114e+07		7204.97		12135
8.62437e+06		38844.5		9107.75
1.79633e+07		6440.3		10715.5
1.61198e+07		7542.14		11739.6
9.72549e+06		33539.3		9876.28
8.86627e+06		29211.5		9681.85
9.60978e+06		39244.3		10260.4
1.50857e+07		8012.62		11750.7
1.78311e+07		6353.5		10457.9
8.99594e+06		26735.2		9275.09
1.02256e+07		28173.7		10747
1.78093e+07		6307.97		10065.5
1.51468e+07		7879.91		11662.3
1.03393e+07		27115.3		10245.7
9.16905e+06		23730.8		9233.61
1.33037e+07		8923.81		11337.6
1.74553e+07		6397.05		9586.65
9.72327e+06		18375		10016.4
1.05088e+07		25196.7		9896.12
1.31319e+07		8964.54		10966.6
1.72776e+07		6414.07		9124.44
9.94886e+06		16864.1		10146.8
1.12753e+07		11062		10575.2
1.98666e+07		5704.73		9640.29
1.03452e+07		26740.2		9887.7
9.92731e+06		17129.8		10209.4
1.20333e+07		10535.6		10092.7
1.90672e+07		5778.5		9408.46
1.00958e+07		30693.8		10313.8
1.23669e+07		10181.4		9917.51
9.97813e+06		16827.6		9341.37
1.85827e+07		5782.65		9559.57
1.05039e+07		24113.4		10015.7
1.03298e+07		15110.7		10031.4
1.3434e+07		9220.29		9833.34
1.85439e+07		5779.28		9839.23
1.03866e+07		14865.5		11395.5
1.03179e+07		26117.7		10857.4
1.15127e+07		11566.3		9838.42
1.24843e+07		10340		11561.2
1.03518e+07		25651.6		10743.8
1.70751e+07		6195.06		9577.94
1.15292e+07		11370		9527.8
1.24806e+07		10280.1		9750.27
1.03395e+07		25818.9		11261.5
1.21819e+07		10676.9		12834.1
1.56766e+07		6686.48		9551.93
1.03639e+07		25519.3		12350.4
1.25801e+07		10174		13125.7
1.25479e+07		10256		9927.5
1.66273e+07		6379.85		9159.91
1.03646e+07		25521.8		12362.6
1.17278e+07		10953.2		9901.08
1.25162e+07		10251.5		14364.5
1.64521e+07		6535.1		8746.99
1.03416e+07		25841.9		12322.7
1.21429e+07		10747.8		14635.1
1.23903e+07		10633		9761.69
1.64968e+07		6394.62		8509.49
1.36117e+07		9614.1		9843.22
1.21429e+07		10747.8		14742.8
1.68934e+07		6122.66		8872.28
1.01438e+07		28619		12212.1
1.22812e+07		10531.6		14723.7
1.36257e+07		9288.87		9362.96
1.60986e+07		6342.53		8820.96
1.01366e+07		28671.2		12040
1.20888e+07		10737		9085.9
6.06491e+07		4936.69		14389.2
1.03726e+07		24368.7		12641.3
1.51135e+07		6822.65		8667.62
1.59636e+07		6516.23		9015.87
6.06451e+07		4936.4		14214.6
1.05032e+07		16401.9		8912.03
1.03006e+07		25127.8		11878.3
1.04687e+07		16874.9		8705.33
7.24058e+07		4808.46		13435.4
1.03621e+07		24137.7		11532.9
1.56729e+07		6606.8		8778.08
3.00711e+08		4374.99		13749.6
1.06446e+07		15033.2		8600.03
1.05649e+07		21972.5		11247.9
1.46665e+07		6986.2		8491.91
1.11849e+07		12792.3		8598.98
3.20154e+08		4358.97		13792.2
1.01173e+07		28297.3		11518.3
1.41108e+07		7328.18		8767.58
4.85859e+08		4320.61		13342.9
1.01899e+07		27306.3		11320.5
1.23447e+07		8557.53		8542.04
1.07781e+07		13422.4		8664.56
-9.80164e+09		4248.3		13131.1
1.13892e+07		9894.9		8586.74
1.02215e+07		27567.2		10908.7
1.06618e+07		13812.3		8509.04
1.07597e+07		13459.6		8888.91
1.04094e+07		25164.7		11278.7
1.20402e+07		9005.63		8672.18
-5.70802e+09		4246.39		13046.2
1.22734e+07		10141.2		8288.01
1.06714e+07		22913.3		11836
1.25315e+07		8368.62		8628.65
1.06456e+07		23334.9		12138.9
-6.07122e+09		4246.68		12444.5
1.33985e+07		7766.34		8786.59
1.22809e+07		10137.6		8824.07
1.06363e+07		22521.4		11725.6
1.40695e+07		7313.22		9049.36
2.49303e+08		4449.69		12028.8
1.40981e+07		7302.78		9145.93
3.65558e+08		4406.64		11595.9
1.32933e+07		9086.88		9123.22
9.86102e+06		35240.6		11473.8
1.45581e+07		7070.3		8637.24
-2.14502e+09		4293.17		12040.6
1.52144e+07		7453.48		9346.11
9.87294e+06		35618.6		11485.9
2.04749e+07		5953.38		9896.78
-1.24716e+09		4288.5		11491.3
1.03118e+07		27176.5		11574.1
1.53353e+07		6671.98		8187
2.71964e+07		5149.61		10345.4
-1.99571e+08		4165.72		11172.1
1.04224e+07		25721.8		11538.1
1.46262e+07		7069.64		8094.46
2.71964e+07		5149.61		10642.1
1.49336e+07		6887.23		8534.42
1.06011e+07		23902.4		11568.8
-1.83537e+08		4151.28		10586
1.43143e+07		7175.84		8099.51
9.63293e+07		4039.71		10768.1
1.13916e+07		19979.7		10736.9
-2.14013e+08		4204.57		10089.5
1.19309e+07		16384.3		11449.6
1.39852e+07		7456.66		8349.64
9.63293e+07		4039.71		9860.46
-1.83976e+08		4178.06		10006.6
1.08629e+07		20231.5		11003.7
1.35521e+07		7737.97		8261.6
6.35573e+07		4200.42		10503
-1.14401e+08		3981.27		9744.04
1.07687e+07		20650.3		10952.1
7.41175e+07		4127.84		10799.3
1.35682e+07		7731.05		8119.46
-1.1415e+08		3980.34		9336.82
5.48312e+07		4280.09		10538.5
9.38117e+06		40050.4		10313.1
1.35989e+07		7709.17		7978.2
-4.02738e+07		2927.25		8948.04
9.52602e+06		49991.2		10458.5
1.3571e+07		7729.81		8894.83
-3.96561e+07		2952.95		8706.67
5.44753e+07		4283.97		9750.74
1.36126e+07		7700.34		9519.58
8.19998e+06		-76545.7		10278.9
-4.42934e+07		3043.96		8734.51
6.69302e+07		4176.67		10839.4
1.4077e+07		7431.87		10060.9
8.13193e+06		-81798.9		10135.3
-4.43834e+07		3035.94		8651.63
6.6488e+07		4179.89		11290.4
1.35796e+07		7736.79		10539
8.5119e+06		-234239		9695.93
-4.44043e+07		3036.24		8548.76
6.63998e+07		4180.5		11972.8
1.35588e+07		7752.1		11122.9
8.55999e+06		4.20506e+06		9796.69
9.35707e+06		73293.8		9621.43
1.35396e+07		7766.38		11708.4
7.02024e+07		4153.3		13096.3
-4.43842e+07		3035.96		8583.52
6.20903e+07		4196.76		13436.3
-4.98381e+07		3126.64		8708.34
1.34127e+07		7855.97		12790
8.7846e+06		1.03353e+06		9747.36
6.21449e+07		4196.14		13504.8
9.01987e+06		191795		9634.68
1.22217e+07		8791.99		12781.3
-4.98239e+07		3126.42		8473.71
9.53735e+06		108102		9628.66
7.01171e+07		4127.08		13609
1.24814e+07		8540.71		12055.6
-5.22508e+07		3155.21		8420.05
1.32131e+07		7951.71		11238.2
6.56589e+07		4163.62		13086.8
1.05309e+07		35270.6		9230.49
-5.1608e+07		3133.42		8142.7
1.30601e+07		7941.53		11104
-4.97487e+07		3093.7		8038.55
6.49583e+07		4169.93		13766.7
9.11192e+06		160200		8901.97
6.52251e+07		4167.6		13487.5
-4.71956e+07		3063.85		8134.01
1.30318e+07		7964.73		11088.7
9.17168e+06		61279.3		8842.8
-4.79767e+07		3077.19		8189.94
1.09801e+08		3929.32		14213.7
9.36821e+06		46159.3		8497.8
1.29996e+07		7941.82		11657.1
2.98606e+08		3804.72		14132.7
1.51087e+07		6908.04		11690.8
9.05307e+06		62380.6		8283.12
-4.45373e+07		3043.23		8133.64
1.81237e+07		6162.86		12322.4
2.31379e+08		3853.41		14501.6
-4.3895e+07		3037.51		8220.37
8.6977e+06		93701.5		8383.46
3.60398e+08		3813.37		14522.7
8.52914e+06		234141		8531.57
1.81291e+07		6211.33		11384.1
1.40313e+07		6834.09		8055.53
8.59198e+06		202307		8659.27
1.84729e+07		6131.28		11721
-1.62247e+08		3548.28		14764.3
1.36633e+07		6962.32		8067.88
1.88438e+07		6049.38		12185
8.64542e+06		266821		9196.99
1.37073e+07		6937.92		8609.28
1.87732e+07		6065.44		12334.9
-1.60769e+08		3547.07		14760.9
8.61541e+06		726933		9731.79
1.40663e+07		6752.86		8255.21
2.3211e+07		5464.3		12487.2
8.74415e+06		217406		9799.57
-1.60882e+08		3547.79		14486.8
-1.64252e+08		3555.93		13771.3
2.3896e+07		5392.08		12470
8.30962e+06		-227958		9428.13
1.36439e+07		7116.8		8478.91
1.41077e+07		6870.4		7979.06
2.4707e+07		5378.39		12462.9
8.13535e+06		-93380.2		9722.77
-1.64462e+08		3556.44		13590.3
1.41832e+07		6833.06		8617.24
3.27252e+07		4928.91		12726
7.81338e+06		-50213.6		9476.44
-1.07345e+08		3501.1		13027.5
7.64737e+06		-39303.1		9660.93
1.46308e+07		6625.81		8860.33
4.4935e+07		4618.7		12181.6
3.75833e+07		4622.73		13025.8
-8.52469e+07		3431.52		12567.7
7.92463e+06		-56852		9859.1
1.48917e+07		6515.19		9289.52
3.85974e+07		4620.91		13492.5
-1.07754e+08		3547.87		12838.1
7.87234e+06		-49662.8		9881.86
1.52956e+07		6359.41		9641.07
4.26406e+07		4568.41		14130.4
-3.97448e+08		3892.97		11865.1
7.86951e+06		-47079.6		10082.5
-1.38426e+09		3891.66		11010.9
7.93904e+06		-53638.6		10562.6
5.33933e+07		4833.82		13847.8
1.27166e+07		7904.05		9843.19
1.22969e+07		8276.83		10312.6
-2.24756e+08		3722.79		12658.1
5.76307e+07		4772.27		14889.4
7.77505e+06		-48072.7		10590.3
-1.74605e+08		3685.91		13673.3
7.70042e+06		-42877.2		11778.5
1.23551e+07		8146.42		9991.51
5.76307e+07		4772.27		14445.7
1.27337e+07		7824.94		10256.8
5.76307e+07		4772.27		14495.7
7.89428e+06		-52145.5		11642.4
-1.73311e+08		3694.83		13027.3
1.27925e+07		7778.25		10925.6
9.78273e+07		4755.56		14524.7
7.7512e+06		-41472.1		11802.1
9.78273e+07		4755.56		14409.3
-1.39318e+08		3599.95		13108
7.55097e+06		-32363.4		12704.8
1.25518e+07		7961.25		11170.1
5.69263e+07		5195.76		14433.9
1.6373e+08		4269.65		13215.5
7.5372e+06		-31494.8		13298.3
1.6373e+08		4269.65		13403.5
1.24963e+07		8008.78		11602
6.08585e+07		5075.32		13940.4
7.54551e+06		-31897.1		13598.8
1.24897e+07		8007.58		10827.3
2.01443e+08		4283.12		12621.9
1.2517e+07		7985.63		12199.8
4.16985e+07		5616.44		13288.8
7.64301e+06		-36102.9		13926.1
6.89661e+07		5171.88		12965.9
3.72106e+07		5818.38		13292.3
1.24438e+07		8051.38		12585.6
7.3762e+06		-25066.6		13875.6
-2.37108e+08		4716.92		12986.4
1.24517e+07		8044.89		12868.8
-2.26228e+08		4669.73		12802.2
3.7195e+07		5819.83		12739.6
7.40401e+06		-25945.3		14001.7
1.25161e+07		7989.73		13213.6
7.34352e+06		-24405.8		14390.2
4.36077e+07		5607.55		13336.9
1.05816e+08		4982.12		12274.9
9.20294e+07		5130.92		12349.9
1.24799e+07		8021.54		14264.3
7.24177e+06		-22203.3		14965.3
4.37664e+07		5600.34		12917.8
5.77373e+07		5421.36		12412.8
1.27178e+07		7950.3		13564.6
7.50805e+06		-29893.9		14741.7
3.6196e+07		5976.82		12483.7
1.32671e+07		7548.96		13743.4
7.15037e+07		5176.39		11826.4
6.13024e+07		5209.26		12679.1
7.73539e+06		-38879.3		14346.1
-5.59284e+08		3434.36		12963.2
6.12368e+07		5220.11		12731.5
6.07527e+07		5328.44		11401.8
7.7506e+06		-41819.1		14388.2
1.2064e+08		4906.89		11643.3
5.81313e+07		5168.65		12696
-5.59284e+08		3434.36		12566.1
7.59488e+06		-34788.2		13083.6
9.69354e+07		5005.87		11788.6
7.64513e+06		-37999.8		12993.9
5.63198e+07		5203.2		12394.2
1.25123e+07		7890.51		12133.5
6.51851e+07		5070.45		12602.9
1.27273e+07		7798.22		12577.6
7.23438e+06		-25498.9		12553.2
7.66447e+07		5211.79		11366.2
6.3018e+07		5382.41		11072
7.26099e+06		-26285.4		12809.2
6.14346e+07		5173.57		12335.8
1.64122e+07		5999.48		12340.8
7.60003e+06		-35960.1		12813.7
6.01669e+07		5162.14		11553.2
6.48663e+07		4972.08		11629.9
-1.10703e+08		3248.67		13122.7
7.42336e+06		-28631.5		13289.3
6.74203e+07		5300.82		11126.6
6.65809e+07		5311.99		10387
7.92812e+06		-52446.2		13019.7
5.19731e+07		5138.93		11618.2
-1.10703e+08		3248.67		12889.6
8.31409e+06		-201218		12687.2
8.78304e+07		5101.93		9685.61
4.92793e+07		5198.32		11085.2
1.29825e+07		7505.52		12580.1
8.85182e+06		121210		12750.5
4.58742e+07		5207.58		10570.9
8.78304e+07		5101.93		10238.8
8.90866e+06		121618		13180.2
1.0922e+07		10435.3		12115
4.77198e+07		5115.79		10390.7
8.70802e+07		5101.5		10508.9
5.27176e+07		5016.75		10174.4
-1.60972e+09		3494.49		11867.8
9.20792e+06		51500.1		12856.4
1.28847e+07		8649.84		11872.6
1.50857e+08		4838.65		10638.1
4.8115e+07		5126.15		10281.8
8.6426e+06		170018		12575.8
1.57799e+08		4830.93		11152.9
8.39695e+06		1.09982e+06		12575
-1.57744e+08		3399.2		11445.7
4.76079e+07		5177.85		10395.3
5.20378e+07		5064.46		10726.7
7.42032e+07		4239.83		11275.7
1.12234e+08		4967		11364
8.31434e+06		-645158		12312.8
1.25071e+07		9148.77		10639.3
8.00928e+06		-99237.7		12473.6
8.76494e+07		5133.82		11237
6.02587e+07		4849.09		10914.2
7.96465e+06		-97288.8		12593.3
8.19759e+07		5195.99		12058.2
5.25224e+07		4934.37		10746.8
1.65267e+07		7139.31		10986.8
5.42938e+07		4889.04		11068.3
