2	436845		4311.43		701.403	3.11662e+06
2	392374		4754.06		876.422	2.86846e+06
3	351765		7234.83		656.811	3.04257e+06
3	306372		25219.1		920.457	2.85327e+06
4	295700		140414		831.752	3.03624e+06
4	324058		9847.2		747.143	2.91734e+06
5	333829		8473.22		677.093	2.82794e+06
5	286258		-58133.7		866.222	2.95005e+06
6	322086		10261.4		657.049	2.91664e+06
6	277579		-24449.5		889.243	3.06422e+06
7	281456		-38253.9		837.5	3.00008e+06
7	313082		11728		701.587	2.8643e+06
8	301130		16613.6		666.421	2.85007e+06
8	295352		-440837		851.99	2.9879e+06
9	278562		135569		653.532	2.88578e+06
9	280680		-29940.4		868.777	2.87478e+06
10	275093		-695213		640.252	2.88754e+06
10	301580		198094		878.802	2.91083e+06
11	308406		55577.9		862.108	2.85761e+06
11	301991		16004.4		627.282	2.97767e+06
12	316780		33703.9		890.929	2.89637e+06
12	331061		8306.29		620.764	3.12065e+06
13	318698		124303		893.22	2.86256e+06
13	343619		7633.78		646.43	3.22286e+06
14	349531		7016.88		679.495	3.42318e+06
14	353890		7605.51		868.705	2.88669e+06
15	348776		7156.34		682.9	3.36458e+06
15	336468		11366.8		843.888	2.94251e+06
16	343715		7211.24		685.006	3.31315e+06
16	333656		12983.4		814.976	2.95785e+06
17	341224		6941.77		700.817	3.24879e+06
17	323033		20078.7		804.454	3.01664e+06
18	320560		25300.8		801.512	3.06902e+06
18	339519		7265.09		698.242	3.22502e+06
19	338649		7408.12		689.667	3.19361e+06
19	320003		26705		793.536	3.14604e+06
20	319136		44686.7		783.553	3.09112e+06
20	337510		7561.08		699.629	3.19756e+06
21	339475		7530.06		723.193	3.16795e+06
21	312362		-470940		769.373	3.12755e+06
22	345751		7120.93		732.607	2.85124e+06
22	311561		-204917		740.143	2.81484e+06
23	349582		7639.48		754.014	2.56621e+06
23	309537		-144650		713.182	2.5334e+06
24	355359		7492.33		756.933	2.30967e+06
24	304865		-31380.9		681.988	2.2801e+06
25	359735		7764.32		768.111	2.07879e+06
25	301111		-22618.6		677.806	2.05216e+06
26	303223		-31349.6		658.285	1.84699e+06
26	366174		7463.32		769.897	1.87099e+06
27	370575		7731.87		780.247	1.68398e+06
27	303938		-32531.1		647.689	1.66234e+06
28	305380		-44449.5		626.532	1.49615e+06
28	375822		7714.91		784.964	1.51566e+06
29	307367		-56446.8		608.829	1.34658e+06
29	378933		8272.92		795.324	1.36418e+06
30	381660		8902.67		803.907	1.22785e+06
30	306236		-48751.6		595.6	1.21197e+06
31	386884		8993.33		806.933	1.10515e+06
31	307933		-78521.1		576.134	1.09082e+06
32	390975		9331.24		808.628	994719
32	309526		-177486		569.36	981784
33	311341		-1.41929e+06		567.19	883661
33	393537		10475.9		814.305	895334
34	394843		10991.5		852.719	805920
34	309632		-238988		562.7	795347
35	311224		196039		560.132	715866
35	397848		11892.1		848.609	725409
36	397077		14967.1		886.761	652991
36	310094		154302		562.833	644338
37	311274		73261.2		560.706	579958
37	262222		-776.726		879.069	587773
38	312916		46958.6		561.558	522019
38	258277		-737.995		877.815	529082
39	259443		-749.59		912.724	476297
39	311833		42823.3		565.408	469877
40	256803		-721		901.086	428747
40	310953		50400.8		559.851	422941
41	253369		-689.491		897.486	385959
41	311630		43784.3		562.96	380706
42	313766		31200.4		558.559	342687
42	253872		-682.373		885.798	347441
43	314028		30066.9		561.465	308477
43	251021		-657.317		882.491	312782
44	314965		25257.6		559.631	277684
44	248455		-634.682		877.579	281587
45	315978		23003.2		558.271	249970
45	246364		-617.484		873.481	253512
46	243958		-599.186		874.823	228250
46	316905		20980.5		555.469	225026
47	241529		-582.007		876.312	205514
47	317322		20529		561.652	202585
48	240878		-576.656		905.138	185079
48	318624		18240		557.538	182379
49	239075		-565.236		900.321	166656
49	318598		18204.2		557.432	164196
50	240237		-564.038		888.262	150069
50	319609		16674.2		543.007	147818
50	315863		104020		550.204	133098
50	244169		-588.622		894.325	135157
50	224010		-497.857		892.881	121729
50	316031		33485.3		552.253	119845
50	236395		-545.351		899.662	109652
50	306815		-10425.2		549.649	107913
50	244568		-567.774		891.714	98769.1
50	308080		-11621.4		550.157	97177.3
50	300977		-4923.09		553.278	87517.7
50	245455		-566.835		887.734	88977.3
50	295248		-3219.64		553.386	78821.4
50	1.33195e+06		2028.61		880.78	80161.4
50	1.28782e+06		2144.03		880.073	72232.7
50	296073		-3248.97		554.964	70996.1
50	307725		-7678.63		554.191	63951.2
50	1.2794e+06		2169.47		879.693	65097
50	1.28047e+06		2166.88		916.851	58712.4
50	307407		-7533.92		561.38	57618.7
50	1.26043e+06		2211.88		902.855	52918.9
50	321775		14400.6		543.841	51895.4
50	1.28575e+06		2148.35		904.707	47719.1
50	335369		3795.54		546.822	46763.3
50	356678		1952.01		547.1	42141.9
50	1.27639e+06		2168.05		893.897	43026.9
50	1.3134e+06		2086.68		902.203	38821.9
50	383827		1245.94		556.021	37991.3
50	1.33329e+06		2039.54		898.382	35026.1
50	370364		1444.01		553.954	34245.7
50	363843		1625.13		556.052	30878.7
50	1.39814e+06		1924.49		902.533	31617.5
50	1.39822e+06		1924.39		894.65	28538.1
50	364314		1607.83		552.497	27842.8
50	1.44888e+06		1862.64		890.451	25769.6
50	357379		1873.95		551.923	25113.2
50	358186		1819.36		542.072	22647.3
50	1.44548e+06		1873.61		887.686	23278.9
50	1.46616e+06		1846.65		890.46	21042.5
50	358229		1790.57		539.895	20434.6
50	1.51787e+06		1792.26		880.218	19017.1
50	379421		1266.73		546.975	18452.2
50	1.51886e+06		1791.47		917.122	17240.3
50	382342		1238.53		538.779	16653.5
50	1.47085e+06		1841.02		913.181	15604
50	375902		1325.18		535.288	15038.5
50	1.57328e+06		1736.95		909.31	14131.1
50	374874		1333.58		527.458	13580.3
50	390072		1137		527.706	12275.3
50	1.60384e+06		1712.98		892.321	12791.9
50	1.60384e+06		1712.98		925.001	11634.6
50	386103		1199.22		526.625	11099.5
50	383602		1240.93		539.966	10055.5
50	1.8773e+06		1541.52		894.149	10532.8
50	372963		1414.96		547.291	9111.29
50	2.09478e+06		1441.06		875.255	9550.06
50	357969		1819.91		583.802	8291.4
50	2.27424e+06		1383.96		848.732	8656.05
50	348952		2189.27		587.138	7523.98
50	2.27424e+06		1383.96		812.109	7838.7
50	350253		2136.53		581.008	6824.16
50	2.81984e+06		1252.68		780.177	7104.11
50	252902		-591.115		771.805	6463.34
50	343238		2554.14		587.617	6206.46
50	325091		5717.69		584.816	5641.77
50	241676		-551.435		784.733	5907.11
50	324007		5893.14		587.249	5138.51
50	243487		-560.297		785.857	5396
50	323359		6671.16		654.347	4750.48
50	245248		-565.58		766.688	4915.82
50	246055		-576.931		751.238	4485.46
50	318363		9257.2		642.404	4328.92
50	318152		12628.1		636.51	3954.38
50	243679		-567.223		736.956	4097.75
50	315931		19531.1		633.788	3619.87
50	248907		-602.09		764.634	3789.35
50	249208		-602.924		765.116	3487.36
50	315880		12495.5		634.704	3322.18
50	319072		10943.9		643.653	3062.38
50	246633		-593.947		731.434	3181.45
50	248191		-605.582		748.135	2953.15
50	323655		6643.91		632.328	2809.18
50	248432		-607.656		761.438	2745.95
50	322668		6998.57		624.656	2583.82
50	247636		-604.596		767.029	2553.09
50	319634		8207.16		628.147	2391.4
50	248389		-610.976		811.792	2419.25
50	319947		7946.31		618.35	2205.28
50	317006		9739.74		601.661	2029.89
50	249145		-613.412		812.362	2259.07
50	249415		-615.421		821.367	2123.41
50	315920		10410.5		585.942	1871.35
50	314512		11694.3		570.342	1727.21
50	250855		-621.581		817.179	1989.02
50	252751		-636.528		860.013	1914.67
50	314576		11566		566.03	1607.21
50	310856		19103		550.117	1487.18
50	253336		-638.919		892.298	1841.49
50	253996		-643.537		896.881	1751.15
50	311297		17505		543.869	1387.23
50	308215		34790.5		534.843	1293.86
50	251983		-634.578		891.153	1659.99
50	252520		-637.479		901.582	1593.54
50	309624		16423.8		527.492	1210.61
50	252335		-636.514		890.481	1513.24
50	310923		13601		528.127	1142.93
50	252695		-638.585		921.061	1481.55
50	311172		12624.7		529.741	1083.07
50	312893		10291.5		528.88	1026.87
50	252701		-638.589		911.763	1416.2
50	253424		-643.702		911.035	1365.03
50	314813		8431.37		525.549	973.743
50	253332		-643.951		899.456	1308.05
50	312515		10123.3		543.555	946.93
50	313981		8536.78		542.007	905.045
50	253810		-645.888		887.018	1254.75
50	310763		14228.3		536.906	863.64
50	253832		-646.954		889.271	1220.23
50	251642		-628.108		879.177	1177.04
50	308754		29515.9		545.288	839.348
50	251887		-628.412		873.303	1141.38
50	303762		-39317.1		543.272	807.926
50	302499		-16481.9		547.296	785.485
50	255788		-657.52		881.142	1122.41
50	258517		-684.405		838.091	1055.23
50	304391		-27563.4		557.141	771.511
50	259136		-694.561		813.096	1008.52
50	306809		-29741.7		563.865	756.798
50	259932		-700.247		815.143	991.029
50	311118		-308813		569.72	743.36
50	311843		66539.9		563.553	719.829
50	260651		-706.893		828.178	986.476
50	310144		-80930.5		566.952	707.6
50	262116		-709.892		795.583	938.051
50	264448		-734.462		777.182	905.404
50	308922		-33979.5		582.517	709.1
50	310735		-55517.2		580.805	694.73
50	272599		-789.502		762.784	878.183
50	278897		-822.619		743.688	847.548
50	305863		-10694		601.474	704.007
50	308570		-12740.8		620.809	713.088
50	270644		-781.906		724.574	818.047
50	308048		-9456.39		626.05	709.101
50	274052		-797.825		726.818	810.944
50	308506		-8797.79		626.099	700.845
50	267965		-782.785		724.399	800.113
50	270089		-806.334		714.337	782.479
50	308429		-7002.15		636.331	703.603
50	312871		-9004.06		628.106	688.65
50	270680		-809.347		757.575	818.903
50	270493		-815.967		771.063	826.258
50	314973		-9058.12		645.469	699.959
50	272013		-825.513		790.498	840.173
50	312091		-7726.71		635.353	684.394
50	271404		-817.831		801.978	846.686
50	304837		-4853.59		629.336	673.473
50	265877		-784.871		808.68	848.917
50	307121		-6548.26		622.963	662.686
50	277934		-846.662		799.483	835.697
50	302653		-4868		611.258	647.009
50	293683		-969.919		840.009	872.601
50	298763		-3971.28		605.657	637.833
50	314799		-1139.04		876.267	905.6
50	297225		-3672.85		597.923	626.881
50	334770		-1296.62		874.17	900.57
50	301024		-4316.91		588.15	614.213
50	374061		-1810.32		877.779	901.539
50	298612		-3823.72		597.69	621.146
50	414633		-2568.89		911.196	932.58
50	294650		-3223.56		590.62	611.73
50	414989		-2386.49		900.71	919.955
50	301769		-4379.35		578.401	597.401
50	297521		-3746		570.26	587.36
50	430945		-2725.75		899.086	916.407
50	474520		-3751.85		932.895	948.484
50	294631		-3422.2		564.672	580.062
50	474520		-3751.85		923.595	937.625
50	288742		-2536.85		572.673	586.524
50	284197		-2169.85		570.152	582.617
50	453961		-2890.81		914.616	927.243
50	426592		-2192.89		914.952	926.316
50	272768		-1480.16		572.568	583.787
50	425228		-2162.7		907.257	917.484
50	274732		-1537.44		570.073	580.17
50	419505		-2053.92		902.34	911.545
50	276968		-1606.18		569.324	578.412
50	415487		-1966.69		895.564	903.848
50	279209		-1701.53		566.526	574.705
50	407692		-1854.34		889.78	897.236
50	278579		-1653.35		563.842	571.203
50	424331		-2121.47		878.049	884.76
50	278671		-1654.38		552.432	559.057
50	282083		-1859.41		564.224	570.186
50	424331		-2121.47		880.694	886.733
50	426143		-2162.5		869.238	874.673
50	280902		-1804.77		553.369	558.735
50	440698		-2444.16		862.218	867.11
50	281878		-1829.71		539.655	544.484
50	439706		-2450.35		895.181	899.584
50	281859		-1822.13		541.131	545.477
50	272899		-1395.57		603.997	607.909
50	410878		-2106.74		862.387	866.35
50	267809		-1204.58		618.481	622.001
50	348248		-1270.28		831.203	834.769
50	259401		-991.784		644.277	647.446
50	328718		-1115.12		803.855	807.065
50	293178		-870.944		761.128	764.016
50	258936		-962.003		658.318	661.17
50	279465		-811.98		741.846	744.446
50	262091		-1034.02		715.673	718.24
50	260876		-1012.5		714.14	716.45
50	273901		-786.656		709.956	712.296
50	257429		-931.128		762.474	764.553
50	270949		-774.948		688.834	690.94
50	261377		-740.365		692.872	694.767
50	252936		-863.801		777.976	779.847
50	251066		-835.609		769.479	771.162
50	260486		-742.157		672.065	673.771
50	248222		-787.55		772.622	774.138
50	253042		-712.036		668.257	669.792
50	248872		-702.154		655.489	656.871
50	244605		-733.062		784.545	785.909
50	248015		-691.305		635.986	637.229
50	243060		-709.648		823.822	825.049
50	237305		-654.397		828.414	829.519
50	248990		-681.06		622.268	623.387
50	231575		-608.061		828.351	829.345
50	246580		-657.629		608.377	609.384
50	228948		-583.427		829.931	830.826
50	243625		-654.097		600.758	601.665
50	239045		-631.324		612.364	613.18
50	227592		-564.706		828.094	828.899
50	226599		-551.733		813.345	814.07
50	238939		-633.249		600.135	600.87
50	235644		-618.475		612.042	612.703
50	228155		-558.919		822.289	822.941
50	228445		-554.505		813.882	814.469
50	230465		-594.885		610.788	611.383
50	225886		-533.89		821.809	822.337
50	226188		-586.514		622.194	622.729
50	229720		-596.559		612.288	612.769
50	226403		-539.696		821.81	822.286
50	225769		-534.442		810.637	811.065
50	226745		-581.025		600.677	601.111
50	228734		-579.564		597.718	598.108
50	227767		-547.832		816.521	816.906
50	226588		-542.427		771.842	772.189
50	227164		-575.353		588.158	588.509
50	225181		-545.043		750.965	751.277
50	231702		-621.187		578.961	579.277
50	225961		-550.482		726.275	726.556
50	230219		-610.275		572.055	572.34
50	233822		-645.917		614.431	614.687
50	226496		-554.227		705.407	705.659
50	234854		-659.079		613.085	613.315
50	225869		-551.677		709.31	709.538
50	234124		-665.581		634.135	634.343
50	225869		-551.677		721.618	721.823
50	229221		-576.485		697.973	698.157
50	235071		-691.127		643.954	644.141
50	234102		-688.021		623.646	623.814
50	226914		-546.424		717.289	717.455
50	235446		-702.174		610.908	611.06
50	226871		-539.001		726.739	726.888
50	225359		-530.433		736.599	736.734
50	237190		-723.999		603.492	603.628
50	238517		-752.58		607.948	608.07
50	225062		-522.828		745.197	745.317
50	227142		-526.807		786.993	787.101
50	241443		-784.963		594.056	594.166
50	243759		-826.322		588.747	588.847
50	229579		-550.393		797.303	797.401
50	230581		-553.197		833.677	833.765
50	244783		-845.014		583.656	583.745
50	235961		-579.126		818.805	818.884
50	245678		-868.785		586.855	586.936
50	252547		-1019.77		602.239	602.311
50	237493		-582.098		821.998	822.07
50	241149		-602.379		805.704	805.768
50	258640		-1162.92		590.467	590.533
50	272726		-1735.35		608.469	608.527
50	240209		-591.362		808.511	808.569
50	279702		-2253.03		597.005	597.058
50	239559		-585.528		838.884	838.936
50	293390		-4508.99		586.357	586.405
50	240202		-591.735		870.721	870.767
50	238693		-582.96		899.003	899.046
50	322956		4226.23		579.289	579.332
50	386776		1025.01		584.547	584.586
50	241054		-587.273		894.213	894.251
50	243887		-597.781		922.118	922.152
50	382872		1052.52		577.031	577.066
50	254685		-642.804		905.825	905.856
50	385661		1026.77		577.737	577.768
50	391818		961.948		594.207	594.235
50	265202		-697.099		900.591	900.619
50	273956		-749.435		929.933	929.958
50	392115		951.987		585.803	585.828
50	1.19317e+06		1490.18		905.461	905.483
50	392909		944.744		590.491	590.514
50	1.33889e+06		1321.39		936.436	936.456
50	389629		975.602		587.959	587.98
50	1.32235e+06		1336.54		919.212	919.23
50	390537		966.452		576.573	576.591
50	1.40864e+06		1267.67		902.557	902.573
50	389565		980.877		577.58	577.596
50	1.3451e+06		1306.81		878.022	878.037
50	385258		998.436		582.717	582.732
50	1.21526e+06		1459.18		864.522	864.535
50	390947		937.406		584.005	584.018
50	1.17393e+06		1507.78		850.284	850.296
50	383570		984.99		583.504	583.517
50	1.21229e+06		1480.42		843.172	843.183
50	384019		980.512		586.753	586.764
50	1.21002e+06		1482.07		842.523	842.533
50	385678		965.995		589.439	589.449
50	1.19873e+06		1491.57		829.418	829.427
50	387987		953.792		581.324	581.333
50	1.16066e+06		1538.7		821.161	821.169
50	392497		919.996		584.122	584.13
50	1.21536e+06		1461.42		813.504	813.511
50	396748		904.905		575.78	575.787
50	1.21536e+06		1461.42		811.878	811.884
50	391546		948.162		571.35	571.357
50	280912		-727.804		801.291	801.297
50	387947		967.303		566.588	566.594
50	385391		981.302		581.762	581.767
50	280912		-727.804		803.447	803.452
50	1.28396e+06		1403.94		806.321	806.325
50	385937		975.83		577.54	577.545
50	391015		951.272		576.815	576.82
50	1.26695e+06		1391.57		796.779	796.783
50	1.27473e+06		1391.27		794.335	794.339
50	389609		948.196		582.053	582.056
50	1.27473e+06		1391.27		796.177	796.18
50	387945		966.234		579.535	579.538
50	403113		875.408		634.433	634.436
50	1.0962e+06		1534.49		785.53	785.532
50	1.24034e+06		1313.32		792.968	792.971
50	399211		905.982		630.936	630.939
50	1.12285e+06		1460.53		775.173	775.175
50	397387		909.692		613.824	613.826
50	251067		-576.657		767.477	767.479
50	396372		918.089		595.825	595.827
50	240453		-528.736		755.752	755.754
50	397361		895.733		619.903	619.905
50	245114		-553.695		735.184	735.185
50	395861		910.475		631.505	631.507
50	421630		773.441		656.563	656.565
50	246136		-563.578		716.967	716.968
50	422575		770.701		657.18	657.182
50	254334		-599.323		687.705	687.707
50	443839		692.86		681.785	681.787
50	249076		-580.872		674.884	674.885
50	258651		-623.925		670.573	670.575
50	452163		666.091		688.84	688.841
50	310675		6408.54		738.731	738.732
50	234255		-519.58		666.992	666.993
50	253384		-597.643		650.206	650.207
50	296189		-15789.9		741.405	741.406
50	272201		-2189.78		757.95	757.95
50	244058		-574.808		643.634	643.635
50	244804		-579.571		631.337	631.337
50	268881		-1880.92		754.601	754.601
50	259044		-1411.3		802.117	802.118
50	239373		-564.103		625.609	625.609
50	257110		-1293.89		811.183	811.184
50	236376		-551.644		611.438	611.438
50	234478		-555.594		609.085	609.085
50	245525		-1014.05		824.976	824.976
50	228115		-512.99		594.707	594.707
50	242992		-960.678		822.297	822.297
50	239651		-896.786		820.577	820.577
50	232860		-535.743		578.418	578.419
50	229160		-523.35		565.024	565.025
50	244733		-984.913		840.534	840.534
50	241212		-898.924		873.435	873.436
50	240177		-584.783		546.377	546.377
50	235328		-809.226		906.113	906.113
50	234938		-559.471		539.26	539.26
50	235317		-576.064		536.557	536.557
50	231061		-741.755		934.003	934.004
50	231388		-735.309		914.304	914.304
50	231940		-561.624		545.26	545.26
50	231122		-555.766		550.65	550.65
50	237439		-823.497		912.646	912.646
50	238241		-830.072		867.527	867.527
50	233390		-580.692		552.59	552.59
50	238887		-630.324		572.033	572.034
50	240890		-850.783		821.028	821.028
50	239932		-841.182		813.441	813.441
50	241330		-655.853		587.953	587.953
50	239103		-651.593		578.431	578.432
50	237669		-807.029		852.215	852.215
50	239396		-671.281		572.161	572.161
50	238322		-800.935		823.28	823.28
50	239678		-814.643		858.81	858.81
50	238228		-668.302		562.52	562.52
50	235870		-670.828		547.777	547.777
50	241430		-843.025		852.532	852.532
50	241817		-840.623		811.545	811.545
50	234637		-666.491		564.627	564.627
50	242715		-850.479		780.734	780.734
50	233092		-651.837		578.842	578.842
50	234249		-664.958		642.59	642.59
50	250600		-904.456		753.549	753.549
50	231526		-642.202		671.285	671.285
50	253711		-932.743		733.243	733.243
50	253461		-916.847		733.082	733.083
50	238755		-724.964		669.005	669.005
50	257383		-953.788		753.188	753.188
50	246420		-800.229		661.689	661.689
50	249265		-847.359		718.83	718.83
50	266357		-1044.58		745.857	745.857
50	252678		-901.43		765.042	765.042
50	261696		-982.867		728.348	728.348
50	252295		-906.311		758.964	758.964
50	269875		-1086.9		728.257	728.257
50	272190		-1083.93		753.331	753.331
50	256860		-965.657		744.15	744.15
50	266424		-1129.01		725.286	725.286
50	274902		-1111.16		752.315	752.315
50	273802		-1055.16		767.305	767.305
50	270899		-1320.67		711.781	711.781
50	273722		-1037.42		767.637	767.637
50	264657		-1235.89		691.375	691.375
50	275832		-1022.24		808.109	808.109
50	282673		-1833.93		669.363	669.363
50	280313		-1047.99		818.801	818.801
50	291020		-2551.76		656.262	656.262
50	289604		-2503.26		656.658	656.658
50	286153		-1096.67		808.219	808.219
50	293002		-1101.51		808.147	808.147
50	293312		-2942.87		642.285	642.285
50	290975		-3048.94		640.895	640.895
50	282574		-983.904		808.589	808.589
50	278481		-935.948		850.107	850.107
50	294588		-4338.98		635.912	635.912
50	274015		-902.083		845.087	845.087
50	296597		-5267.03		637.45	637.45
50	288179		-996.633		883.527	883.527
50	299803		-6278.98		621.749	621.749
50	300574		-1079.12		879.384	879.384
50	300521		-5864.5		610.728	610.728
50	326542		-1289.51		878.563	878.563
50	304526		-7043.67		599.848	599.848
50	323923		-1267.87		907.463	907.463
50	308457		-8400.09		592.359	592.359
50	327326		-1320.7		939.152	939.152
50	309977		-11730.8		588.186	588.186
50	323616		-1265.34		959.506	959.506
50	305576		-7337.41		580.009	580.009
50	325332		-1296.44		982.373	982.373
50	305534		-7266.04		577.078	577.078
50	326477		-1320.07		998.408	998.408
50	304927		-6887.2		564.389	564.389
50	325850		-1299.07		987.308	987.308
50	307999		-7381.74		563.44	563.44
50	324356		-1294.44		1007.68	1007.68
50	308088		-8524.74		563.658	563.658
50	305223		-5877.32		561.466	561.466
50	325246		-1305.48		1026.85	1026.85
50	301554		-4354.66		626.255	626.255
50	279356		-899.735		972.164	972.164
50	300218		-3910.21		683.305	683.305
50	269526		-844.971		931.726	931.726
50	249064		-726.969		881.405	881.405
50	291279		-2547.98		682.993	682.993
50	286383		-2102.15		732.819	732.819
50	230451		-618.244		839.929	839.929
50	288198		-2219.94		715.339	715.339
50	236318		-652.74		801.181	801.181
50	289950		-2552.12		690.614	690.614
50	235409		-647.713		808.075	808.075
50	226312		-570.994		803.582	803.582
50	287328		-2395.79		686.529	686.529
50	270438		-1549.11		670.675	670.675
50	226294		-567.934		804.733	804.733
50	231935		-596.87		794.956	794.956
50	268919		-1508.76		655.504	655.504
50	269567		-1538.68		648.46	648.46
50	226433		-549.343		803.378	803.378
50	224756		-540.839		799.179	799.179
50	277818		-1855.01		631.365	631.365
50	279316		-2057.99		626.561	626.561
50	215969		-484.821		800.111	800.111
50	220516		-502.222		841.068	841.068
50	279249		-1936.11		613.561	613.561
50	215331		-479.856		836.14	836.14
50	271427		-1557.92		608.659	608.659
50	271614		-1577.33		600.682	600.682
50	215331		-479.856		831.948	831.948
50	215331		-479.856		865.7	865.7
50	282860		-2089.19		587.287	587.287
50	215331		-479.856		899.705	899.705
50	280206		-1887.33		581.489	581.489
50	285267		-2201.27		587.274	587.274
50	649583		7062.95		902.683	902.683
50	662730		6853.67		926.839	926.839
50	281201		-1880.74		575.671	575.671
50	687938		5389.35		904.923	904.923
50	283969		-1995.13		577.037	577.037
50	682188		5941.57		898.79	898.79
50	296070		-3314.78		573.555	573.555
50	300593		-4678.31		584.479	584.479
50	859720		2503.28		892.985	892.985
50	857593		2484.25		923.575	923.575
50	303269		-6912.34		574.023	574.023
50	868574		2445.25		908.834	908.834
50	303929		-7496.07		572.184	572.184
50	851133		2658.66		901.325	901.325
50	299137		-5444.4		571.855	571.855
50	315143		20806.6		565.226	565.226
50	927770		2242.41		892.885	892.885
50	922266		2230		920.859	920.859
50	317973		10419.9		555.36	555.36
50	922855		2239.31		907.593	907.593
50	335638		3003.1		550.156	550.156
50	342344		2442.84		549.902	549.902
50	900712		2421.18		895.19	895.19
50	977350		2057.41		925.679	925.679
50	344965		2269.19		550.073	550.073
50	1.08375e+06		1766.94		915.492	915.492
50	338474		2725.84		534.46	534.46
50	350755		2046.48		523.165	523.165
50	1.11511e+06		1708.54		904.611	904.611
50	1.11778e+06		1731		907.539	907.539
50	349031		2043.19		529.436	529.436
50	345818		2250.03		544.206	544.206
50	1.1642e+06		1640.64		870.218	870.218
50	697346		5915.9		843.453	843.453
50	352556		1968.51		555.353	555.353
50	629460		17948.2		848.039	848.039
50	372647		1430.68		553.17	553.17
50	346919		2349.72		569.648	569.648
50	610323		41774.7		807.669	807.669
50	576419		-21212.4		787.553	787.553
50	346962		2250.36		563.478	563.478
50	348128		2157.08		585.44	585.44
50	564514		-14529.2		789.475	789.475
50	352553		1911.18		647.124	647.124
50	556534		-10697.4		782.414	782.414
50	352970		1828.3		631.064	631.064
50	613671		20316.2		781.375	781.375
50	348764		1980.85		618.632	618.632
50	622219		13033.8		822.211	822.211
50	680892		5210.37		827.337	827.337
50	338690		2451.17		600.12	600.12
50	639110		9658.41		829.045	829.045
50	321829		4497.74		598.874	598.874
50	701452		4494.13		867.121	867.121
50	334791		2711.22		593.068	593.068
50	795932		2925.96		861.97	861.97
50	327799		3666.9		587.688	587.688
50	328975		3464.8		577.652	577.652
50	810911		2849.18		859.929	859.929
50	783141		3213.81		861.468	861.468
50	324071		3853.82		581.532	581.532
50	1.15784e+06		1657.48		860.713	860.713
50	314065		7332.43		578.439	578.439
50	783706		3246.91		890.103	890.103
50	308435		14021		568.28	568.28
50	1.13721e+06		1690.01		879.785	879.785
50	325735		3284.62		569.453	569.453
50	1.16074e+06		1663.44		872.597	872.597
50	313977		5772.59		572.777	572.777
50	1.16466e+06		1660.83		866.127	866.127
50	332069		2515.39		563.642	563.642
50	1.20442e+06		1610.9		853.595	853.595
50	341574		1986.87		568.335	568.335
50	1.1507e+06		1711.06		855.25	855.25
50	351820		1610.74		571.421	571.421
50	1.18485e+06		1665.98		848.417	848.417
50	353121		1597.16		563.523	563.523
50	1.2065e+06		1606.14		885.41	885.41
50	356006		1563.02		554.283	554.283
50	1.147e+06		1700.53		878.418	878.418
50	347921		1752.91		546.579	546.579
50	1.05967e+06		1844.98		912.264	912.264
50	349195		1713.71		541.556	541.556
50	1.08465e+06		1762.71		941.851	941.851
50	347862		1757.23		537.221	537.221
50	1.01271e+06		1920.8		930.904	930.904
50	341277		1977.76		529.646	529.646
50	1.00513e+06		1944.61		920.219	920.219
50	341902		1931.55		532.954	532.954
50	999158		1954.03		944.435	944.435
50	333999		2273.18		525.264	525.264
50	999158		1954.03		966.947	966.947
50	333971		2329.29		521.543	521.543
50	965730		1974.48		994.814	994.814
50	334147		2377.92		520.911	520.911
50	1.17299e+06		1570.87		977.507	977.507
50	320439		3835.52		518.178	518.178
50	323582		3170.07		514.345	514.345
50	1.15533e+06		1595.92		998.323	998.323
50	1.81001e+06		1121.87		962.875	962.875
50	306842		11620.1		511.041	511.041
50	1.63115e+06		1185.6		925.761	925.761
50	306422		12468.3		506.013	506.013
50	294984		-11625.7		572.266	572.266
50	1.57139e+06		1203.97		889.095	889.095
50	284526		-3984.31		605.94	605.94
50	704450		4052.3		861.122	861.122
50	280724		-3098.35		631.939	631.939
50	664543		5375.69		823.19	823.19
50	280800		-3089.15		650.648	650.648
50	679768		4737.69		784.96	784.96
50	274220		-2289.29		706.262	706.262
50	207438		-450.62		753.821	753.821
50	269124		-1889.32		679.961	679.961
50	206385		-466.286		729.639	729.639
50	275458		-2282.4		654.014	654.014
50	206296		-470.625		734.147	734.147
50	202277		-456.382		701.676	701.676
50	264082		-1535		664.573	664.573
50	257569		-1265.68		721.067	721.067
50	206412		-473.44		708.211	708.211
50	221964		-553.717		680.1	680.1
50	252834		-1141.07		721.147	721.147
50	221420		-548.449		698.843	698.843
50	251246		-1070.6		721.47	721.47
50	223549		-562.229		748.448	748.448
50	250374		-1066.55		703.4	703.4
50	250047		-1067.98		684.403	684.403
50	221365		-552.933		751.465	751.465
50	226520		-589.483		736.97	736.97
50	246344		-985.1		676.359	676.359
50	244297		-957.741		683.377	683.377
50	209563		-510.362		737.399	737.399
50	199022		-460.599		709.487	709.487
50	246386		-1005.67		691.031	691.031
50	233836		-795.133		707.085	707.085
50	193682		-436.106		683.371	683.371
50	228316		-716.72		715.989	715.989
50	184917		-392.56		672.892	672.892
50	226228		-687.851		717.081	717.081
50	194011		-432.257		651.933	651.933
50	186092		-389.652		640.265	640.265
50	222311		-636.213		734.722	734.722
50	221090		-617.903		775.165	775.165
50	198279		-439.615		624.46	624.46
50	216771		-573.962		780.919	780.919
50	195541		-428.948		612.167	612.167
50	196956		-442.904		603.314	603.314
50	212460		-539.756		790.517	790.517
50	208933		-506.675		789.779	789.779
50	196103		-434.335		585.454	585.454
50	208817		-503.13		826.442	826.442
50	197954		-446.291		575.804	575.804
50	208194		-495.735		857.09	857.09
50	195192		-430.331		564.498	564.498
50	194660		-430.27		558.541	558.541
50	206626		-483.324		857.173	857.173
50	205427		-470.273		855.187	855.187
50	193708		-430.721		568.774	568.774
50	193987		-432.496		560.382	560.382
50	213251		-521.679		830.644	830.644
50	203674		-485.998		545.347	545.347
50	216098		-534.457		814.404	814.404
50	216538		-535.662		855.555	855.555
50	207823		-507.526		536.412	536.412
50	216592		-524.203		840.935	840.935
50	211994		-536.778		527.512	527.512
50	212285		-544.061		518.88	518.88
50	217561		-522.069		840.165	840.165
50	211687		-545.525		547.169	547.169
50	220706		-544.838		830.575	830.575
50	220221		-551.148		790.387	790.387
50	220251		-629.25		545.797	545.797
50	220923		-641.534		537.568	537.568
50	219371		-531.6		778.22	778.22
50	214922		-504.839		824.797	824.797
50	224607		-670.462		541.997	541.997
50	218906		-522.854		793.437	793.437
50	225610		-683.403		543.163	543.163
50	230525		-730.822		546.098	546.098
50	222219		-539.849		810.79	810.79
50	223895		-541.725		805.854	805.854
50	233094		-763.295		547.724	547.724
50	235171		-798.037		555.349	555.349
50	233880		-616.713		766.913	766.913
50	235828		-627.393		736.406	736.406
50	235533		-815.758		556.593	556.593
50	239225		-641.937		733.689	733.689
50	246175		-964.193		561.12	561.12
50	237908		-834.628		587.643	587.643
50	237739		-645.128		727.008	727.008
50	236415		-641.898		726.764	726.764
50	245463		-922.71		615.148	615.148
50	240264		-668.117		704.937	704.937
50	251776		-1023.09		619.611	619.611
50	250345		-988.991		635.602	635.602
50	240736		-668.309		678.353	678.353
50	245695		-695.927		658.922	658.922
50	247946		-942.666		654.079	654.079
50	239390		-787.081		648.116	648.116
50	241677		-636.668		707.849	707.849
50	246204		-667.203		730.618	730.618
50	240346		-793.508		626.162	626.162
50	240675		-798.03		626.718	626.718
50	245975		-685.978		722.748	722.748
50	245834		-687.408		682.399	682.399
50	242385		-814.733		622.221	622.221
50	251465		-937.053		653.54	653.54
50	245276		-684.409		659.059	659.059
50	227630		-554.965		663.401	663.401
50	244742		-809.406		647.284	647.284
50	230986		-583.24		669.765	669.765
50	263219		-1062.17		634.647	634.647
50	228495		-564.991		643.407	643.407
50	271451		-1230.6		671.176	671.176
50	267754		-1139.19		672.639	672.639
50	215166		-494.664		643.469	643.469
50	250000		-864.135		660.734	660.734
50	217055		-505.028		673.32	673.32
50	218750		-516.488		692.169	692.169
50	251539		-902.964		640.348	640.348
50	218136		-509.338		739.879	739.879
50	248760		-860.788		623.383	623.383
50	217412		-508.03		789.806	789.806
50	247089		-849.77		614.165	614.165
50	221131		-520.346		828.747	828.747
50	244348		-831.42		608.985	608.985
50	222585		-518.683		822.547	822.547
50	246144		-887.726		603.324	603.324
50	245239		-873.549		605.763	605.763
50	227590		-536.529		823.372	823.372
50	231518		-543.804		819.702	819.702
50	243193		-839.332		601.29	601.29
50	245395		-859.64		593.148	593.148
50	235528		-572.693		853.225	853.225
50	241005		-605.705		839.559	839.559
50	244953		-856.108		585.379	585.379
50	241623		-804.709		580.473	580.473
50	240248		-599.535		831.269	831.269
50	236270		-573.465		862.956	862.956
50	238196		-761.408		575.591	575.591
50	240375		-596.048		850.331	850.331
50	237514		-749.113		575.154	575.154
50	239738		-789.251		575.178	575.178
50	234946		-563.767		852.171	852.171
50	240038		-598.507		881.649	881.649
50	246232		-880.896		564.923	564.923
50	245364		-865.797		564.847	564.847
50	241681		-610.831		871.996	871.996
50	239008		-592.003		906.412	906.412
50	245733		-873.748		567.159	567.159
50	245167		-863.973		566.948	566.948
50	240023		-600.776		929.949	929.949
50	241012		-608.49		922.627	922.627
50	259228		-1076.17		560.125	560.125
50	237149		-587.155		950.638	950.638
50	261923		-1130.46		559.23	559.23
50	237454		-588.734		939.101	939.101
50	257359		-1017.7		570	570
50	257997		-1036.29		564.685	564.685
50	228954		-525.865		938.236	938.236
50	226944		-517.298		956.821	956.821
50	257301		-1026.64		551.406	551.406
50	263842		-1239.29		550.6	550.6
50	231648		-551.203		981.529	981.529
50	229713		-543.561		997.86	997.86
50	272429		-1486.01		544.93	544.93
50	272261		-1464.48		545.133	545.133
50	239189		-608.41		1020.25	1020.25
50	237204		-586.751		1001.45	1001.45
50	272331		-1453.29		543.06	543.06
50	241969		-598.714		1020.97	1020.97
50	264084		-1175.39		536.956	536.956
50	269408		-1336.2		541.443	541.443
50	243346		-613.729		1010.33	1010.33
50	243906		-616.661		992.66	992.66
50	266805		-1287.5		537.145	537.145
50	269638		-1372.35		530.971	530.971
50	241101		-604.945		971.962	971.962
50	250370		-651.038		934.166	934.166
50	262901		-1173.81		592.592	592.592
50	247922		-637.474		920.554	920.554
50	264689		-1190.25		585.452	585.452
50	245474		-611.066		891.225	891.225
50	261287		-1105.99		593.924	593.924
50	250459		-632.805		898.311	898.311
50	272322		-1417.87		596.14	596.14
50	275519		-1555.98		648.471	648.471
50	243795		-596.082		856.74	856.74
50	244768		-603.261		828.808	828.808
50	269094		-1327.66		668.561	668.561
50	239917		-573.716		782.499	782.499
50	276403		-1598.21		673.838	673.838
50	278055		-1701.31		669.517	669.517
50	236598		-561.953		764.264	764.264
50	238719		-570.872		722.884	722.884
50	287110		-2350.1		658.187	658.187
50	297155		-3773.82		653.739	653.739
50	243794		-590.86		690.276	690.276
50	300456		-4705.14		653.84	653.84
50	242066		-605.471		695.641	695.641
50	300392		-4970.57		652.894	652.894
50	235735		-580.427		684.396	684.396
50	238689		-574.154		705.416	705.416
50	305899		-9007.41		643.534	643.534
50	240452		-577.913		751.667	751.667
50	296236		-4064.3		624.179	624.179
50	241772		-584.578		755.913	755.913
50	295825		-3901.83		614.099	614.099
50	253348		-621.235		757.296	757.296
50	299166		-4722.11		597.944	597.944
50	312399		-191649		584.578	584.578
50	253829		-609.381		756.469	756.469
50	265088		-650.771		758.808	758.808
50	300518		-6380.23		579.619	579.619
50	301784		-7206.27		574.807	574.807
50	290798		-779.621		761.491	761.491
50	290798		-779.621		805.634	805.634
50	297646		-5220.23		566.325	566.325
50	290798		-779.621		802.832	802.832
50	297606		-5326.95		569.123	569.123
50	284924		-742.8		803.843	803.843
50	293939		-4134.25		564.275	564.275
50	280387		-712.155		804.37	804.37
50	297096		-5555.34		565.119	565.119
50	300470		-7928.27		565.499	565.499
50	280837		-714.652		803.394	803.394
50	284020		-733.579		836.81	836.81
50	294229		-4730.03		556.624	556.624
50	284032		-730.424		829.088	829.088
50	292693		-4277.46		566.683	566.683
50	295763		-4993.08		565.481	565.481
50	284511		-736.799		825.18	825.18
50	282318		-714.155		818.21	818.21
50	293066		-4518.3		561.253	561.253
50	292106		-4324.25		564.125	564.125
50	276406		-684.091		809.764	809.764
50	276460		-681.685		817.707	817.707
50	291184		-3720.45		560.653	560.653
50	276625		-681.016		817.048	817.048
50	289629		-3325.71		556.909	556.909
50	271027		-656.228		811.906	811.906
50	288570		-3237.51		571.224	571.224
50	290147		-3553.28		569.138	569.138
50	271841		-660.142		814.028	814.028
50	263544		-630.364		806.898	806.898
50	286561		-3066.95		559.912	559.912
50	285086		-2782.42		564.966	564.966
50	261976		-618.001		802.179	802.179
50	262283		-619.136		840.607	840.607
50	289835		-3178.66		561.11	561.11
50	290772		-3388.28		561.185	561.185
50	257449		-613.212		810.633	810.633
50	247994		-581.173		779.348	779.348
50	287752		-3033.28		557.108	557.108
50	286063		-2807.26		562.759	562.759
50	242697		-579.728		744.749	744.749
50	242996		-585.346		745.014	745.014
50	300722		-6848.44		567.721	567.721
50	294882		-4249.83		590.773	590.773
50	251201		-619.886		727.202	727.202
50	281537		-2292.6		615.429	615.429
50	252184		-621.996		715.455	715.455
50	247845		-579.384		766.283	766.283
50	279228		-2078.15		608.531	608.531
50	251718		-603.285		745.317	745.317
50	272897		-1775.07		620.674	620.674
50	273422		-1862.66		626.224	626.224
50	242330		-534.725		756.417	756.417
50	273673		-1891.36		609.166	609.166
50	242872		-537.541		757.551	757.551
50	248576		-582.105		737.899	737.899
50	267107		-1667.12		623.465	623.465
50	248795		-600.276		726.953	726.953
50	259279		-1372.07		637.579	637.579
50	248767		-592.709		720.737	720.737
50	260452		-1417.01		653.157	653.157
50	262716		-1547.44		643.198	643.198
50	244906		-578.076		684.16	684.16
50	236102		-545.186		673.238	673.238
50	275258		-2444.79		638.455	638.455
50	240708		-564.934		669.633	669.633
50	278551		-2851.44		639.781	639.781
50	270589		-2041.68		667.798	667.798
50	241216		-564.928		685.297	685.297
50	256485		-1333.99		710.771	710.771
50	248244		-605.27		677.138	677.138
50	252686		-1226.55		726.941	726.941
50	250377		-637.93		674.744	674.744
50	252821		-630.25		654.488	654.488
50	267585		-1756.92		698.484	698.484
50	263926		-713.996		631.855	631.855
50	261456		-1478.93		743.872	743.872
50	254358		-636.095		624.166	624.166
50	258277		-1367.7		736.811	736.811
50	245088		-1012.21		749.399	749.399
50	254695		-655.646		610.797	610.797
50	245216		-1001.17		743.091	743.091
50	252107		-643.353		589.895	589.895
50	251965		-637.494		589.892	589.892
50	227936		-719.901		750.953	750.953
50	233219		-780.862		783.77	783.77
50	262717		-695.195		578.77	578.77
50	265293		-739.246		591.557	591.557
50	224093		-660.654		799.767	799.767
50	265762		-745.747		582.901	582.901
50	225052		-667.368		783.442	783.442
50	224296		-653.93		782.269	782.269
50	268560		-797.038		584.097	584.097
50	264358		-782.594		573.753	573.753
50	216647		-585.407		787.782	787.782
50	213262		-545.977		778.666	778.666
50	261924		-777.389		578.349	578.349
50	264068		-823.479		569.452	569.452
50	213395		-538.878		782.925	782.925
50	216263		-551.601		779.368	779.368
50	263098		-821.936		561.626	561.626
50	262005		-821.753		556.147	556.147
50	214022		-529.279		788.456	788.456
50	264323		-860.005		548.508	548.508
50	223289		-604.674		790.729	790.729
50	220151		-583.736		826.438	826.438
50	260074		-833.12		546.49	546.49
50	220820		-582.63		861.974	861.974
50	260417		-856.481		544.974	544.974
50	263328		-925.063		562.726	562.726
50	215601		-537.742		864.391	864.391
50	261377		-916.093		562.332	562.332
50	215242		-530.944		859.688	859.688
50	216172		-533.426		855.469	855.469
50	260961		-931.63		556.203	556.203
50	219158		-542.878		887.042	887.042
50	266148		-1031.79		551.47	551.47
50	271254		-1175.62		567.149	567.149
50	225397		-567.65		882.593	882.593
50	270357		-1199.97		569.07	569.07
50	226773		-570.032		879.217	879.217
50	229517		-594.152		885.667	885.667
50	272118		-1287.05		567.925	567.925
50	233575		-616.481		911.327	911.327
50	277619		-1462.08		555.027	555.027
50	283522		-1776.19		551.565	551.565
50	233779		-604.75		908.432	908.432
50	299631		-3095.45		532.229	532.229
50	234058		-592.741		900.543	900.543
50	255631		-714.909		877.024	877.024
50	303469		-4007.51		522.389	522.389
50	314798		-13527.7		523.014	523.014
50	265181		-761.456		874.89	874.89
50	280151		-878.565		871.503	871.503
50	318281		-68687.5		523.286	523.286
50	320831		26944.8		534.239	534.239
50	321910		-1236.18		869.484	869.484
50	347122		-1585.18		848.482	848.482
50	321803		23570.6		523.972	523.972
50	336610		-1387.01		855.289	855.289
50	323389		17485.2		547.2	547.2
50	763696		2584.88		879.657	879.657
50	318704		25845.8		543.31	543.31
50	762258		2654.16		876.703	876.703
50	315872		20924.4		551.499	551.499
50	768683		2717.06		859.942	859.942
50	317313		12291.8		548.19	548.19
50	321985		6447.22		548.685	548.685
50	292044		-876.038		854.858	854.858
50	898820		2109.94		878.884	878.884
50	318521		7402.82		538.897	538.897
50	894491		2161.79		869.655	869.655
50	323913		4694.83		558.032	558.032
50	918147		2064.73		854.759	854.759
50	328883		3545.18		545.777	545.777
50	944374		1985.25		842.02	842.02
50	334972		2822.12		542.502	542.502
50	953945		1992.85		831.407	831.407
50	333990		2991.5		547.503	547.503
50	953361		2030.4		827.475	827.475
50	334288		3066.17		547.078	547.078
50	973104		1992.99		824.493	824.493
50	332360		3051.87		562.53	562.53
50	332719		2857.13		576.217	576.217
50	966521		2023.62		824.603	824.603
50	964757		2033.69		823.182	823.182
50	333217		2813.32		565.558	565.558
50	958202		2137.48		828.878	828.878
50	335398		2657.01		573.506	573.506
50	981538		2122.34		826.988	826.988
50	336826		2502.18		574.218	574.218
50	338644		2387.36		567.952	567.952
50	1.01108e+06		2050.8		817.365	817.365
50	1.01339e+06		2070.25		813.99	813.99
50	346049		1978.74		588.848	588.848
50	1.03225e+06		2043.93		809.396	809.396
50	344646		2064.48		583.652	583.652
50	354118		1774.68		569.858	569.858
50	1.01255e+06		2095.59		811.339	811.339
50	1.04616e+06		1943.05		847.992	847.992
50	362700		1522.55		561.359	561.359
50	1.00062e+06		2080.31		846.028	846.028
50	363442		1487.77		547.722	547.722
50	371576		1315.66		545.372	545.372
50	1.01516e+06		2021.27		851.234	851.234
50	1.16626e+06		1667.39		848.415	848.415
50	365478		1427.18		538.949	538.949
50	1.32101e+06		1449.49		850.172	850.172
50	360995		1501.23		549.354	549.354
50	1.37018e+06		1405.74		842.523	842.523
50	352913		1696.63		552.604	552.604
50	375562		1213.9		547.848	547.848
50	1.29178e+06		1486.72		839.249	839.249
50	1.31451e+06		1451.28		831.25	831.25
50	376616		1202.86		542.837	542.837
50	390632		1048.32		538.09	538.09
50	1.2071e+06		1550.95		862.096	862.096
50	1.24405e+06		1485.91		840.811	840.811
50	382890		1133.25		533.297	533.297
50	388098		1077.86		532.843	532.843
50	1.20966e+06		1523.96		805.706	805.706
50	382715		1143.62		542.86	542.86
50	1.20888e+06		1521.68		783.262	783.262
50	1.22633e+06		1483.88		773.743	773.743
50	402996		964.4		561.793	561.793
50	1.23356e+06		1502.02		820.98	820.98
50	424262		851.246		584.238	584.238
50	428797		827.858		592.04	592.04
50	1.28288e+06		1467.36		806.537	806.537
50	1.3048e+06		1432.55		776.202	776.202
50	416324		903.253		599.051	599.051
50	405050		988.275		667.737	667.737
50	1.31481e+06		1451.96		750.653	750.653
50	393714		1086.95		664.204	664.204
50	1.27714e+06		1520.17		722.209	722.209
50	380529		1237.23		663.96	663.96
50	1.37178e+06		1443.43		726.645	726.645
50	373389		1355.4		717.206	717.206
50	275936		-691.001		725.989	725.989
50	279514		-744.47		726.124	726.124
50	392770		1109.34		729.963	729.963
50	247659		-579.965		698.95	698.95
50	407586		994.109		734.57	734.57
50	229166		-520.711		679.525	679.525
50	396883		1071.58		727.746	727.746
50	386146		1186.71		717.756	717.756
50	221888		-505.876		653.87	653.87
50	219511		-500.793		657.536	657.536
50	384176		1220.76		701.464	701.464
50	212364		-474.461		652.568	652.568
50	375985		1344.3		696.679	696.679
50	217559		-509.577		662.003	662.003
50	368417		1467.53		709.067	709.067
50	210994		-482.226		659.359	659.359
50	364408		1585.72		709.432	709.432
50	346338		2221.69		724.203	724.203
50	213127		-504.539		646.978	646.978
50	201824		-457.943		622.826	622.826
50	333267		3399.15		712.556	712.556
50	314179		18386.3		702.658	702.658
50	202658		-465.331		612.624	612.624
50	202043		-461.221		634.886	634.886
50	314004		21037.5		679.66	679.66
50	288049		-3260.13		701.424	701.424
50	204627		-471.816		634.086	634.086
50	288383		-3216.94		741.338	741.338
50	199873		-450.229		629.184	629.184
50	199872		-449.92		665.355	665.355
50	284654		-2588.67		764.8	764.8
50	203160		-466.4		687.745	687.745
50	278577		-2038.58		807.351	807.351
50	273297		-1584.45		814.476	814.476
50	205013		-479.475		669.428	669.428
50	203957		-475.313		690.068	690.068
50	266379		-1281.78		799.045	799.045
50	202938		-472.518		700.808	700.808
50	260585		-1139.42		783.639	783.639
50	203020		-473.705		718.642	718.642
50	264404		-1212.95		758.412	758.412
50	202041		-468.872		728.766	728.766
50	264687		-1236.98		745.418	745.418
50	263627		-1188.65		725.232	725.232
50	202208		-469.557		729.598	729.598
50	267033		-1288.21		714.983	714.983
50	203821		-480.002		746.072	746.072
50	206573		-495.853		782.136	782.136
50	270517		-1390.48		695.663	695.663
50	272811		-1517.8		687.841	687.841
50	211507		-533.407		797.987	797.987
50	212464		-539.103		791.571	791.571
50	267773		-1331.2		679.585	679.585
50	268246		-1369.42		687.369	687.369
50	209509		-521.494		799.263	799.263
50	212859		-545.589		829.435	829.435
50	261838		-1177.97		674.685	674.685
50	264009		-1235.21		653.719	653.719
50	209885		-526.13		825.544	825.544
50	213025		-545.588		815.585	815.585
50	267167		-1309.77		633.017	633.017
50	269616		-1417.45		626.117	626.117
50	211978		-537.398		819.523	819.523
50	214543		-553.858		810.693	810.693
50	263337		-1240.73		606.327	606.327
50	214216		-551.934		819.447	819.447
50	270205		-1493.04		613.558	613.558
50	216837		-568.381		851.128	851.128
50	273446		-1591.85		609.112	609.112
50	275344		-1572.3		603.807	603.807
50	216354		-564.487		851.87	851.87
50	213164		-540.679		881.357	881.357
50	274291		-1556.43		600.181	600.181
50	219418		-582.713		861.284	861.284
50	273247		-1506.09		591.943	591.943
50	274688		-1590.93		607.705	607.705
50	216977		-563.774		854.966	854.966
50	218948		-575.392		835.013	835.013
50	272440		-1503.59		617.159	617.159
50	268510		-1302.77		596.852	596.852
50	216956		-555.869		826.654	826.654
50	222368		-579.335		813.404	813.404
50	266916		-1241.35		581.769	581.769
50	275581		-1579.47		601.291	601.291
50	213241		-508.116		819.58	819.58
50	213536		-506.917		850.175	850.175
50	265547		-1349.26		597.793	597.793
50	261301		-1262.51		584.342	584.342
50	212509		-501.228		841.661	841.661
50	211306		-478.559		870.373	870.373
50	255923		-1142.31		578.777	578.777
50	255824		-1146.22		575.804	575.804
50	212216		-481.416		866.386	866.386
50	210873		-463.177		850.745	850.745
50	260681		-1263.11		556.899	556.899
50	264209		-1411.87		575.271	575.271
50	212191		-471.261		859.529	859.529
50	218609		-494.135		844.919	844.919
50	263545		-1366.85		565.948	565.948
50	262285		-1316.12		565.107	565.107
50	214860		-479.088		848.206	848.206
50	212563		-461.484		840.018	840.018
50	260921		-1236.78		560.91	560.91
50	266651		-1476.93		559.802	559.802
50	222301		-497.513		846.421	846.421
50	232510		-533.832		876.477	876.477
50	273903		-1870.76		555.522	555.522
50	272934		-1803.71		553.746	553.746
50	244224		-575.015		873.973	873.973
50	244224		-575.015		858.278	858.278
50	275364		-1992.3		540.321	540.321
50	276178		-2050.16		527.649	527.649
50	971662		2017.33		850.528	850.528
50	1.00113e+06		1946.19		841.804	841.804
50	275997		-2018.41		548.378	548.378
50	277862		-2209.24		548.231	548.231
50	1.00716e+06		1925.67		850.842	850.842
50	1.00399e+06		1911.82		883.118	883.118
50	288342		-3489.63		541.911	541.911
50	1.02957e+06		1858.94		871.806	871.806
50	287257		-3622.09		547.201	547.201
50	1.03548e+06		1860.85		863.366	863.366
50	285456		-3141.45		550.553	550.553
50	1.01331e+06		1927.32		859.538	859.538
50	288785		-4148.95		553.345	553.345
50	1.0734e+06		1788.5		844.518	844.518
50	301696		-18416.5		541.532	541.532
50	1.04003e+06		1889.96		846.127	846.127
50	301241		-20371.2		561.289	561.289
50	1.11812e+06		1727.48		839.633	839.633
50	303899		-62664.9		559.503	559.503
50	1.18643e+06		1634.42		835.477	835.477
50	306770		46298.9		547.865	547.865
50	309767		15863.6		542.322	542.322
50	1.8773e+06		1206.8		832.382	832.382
50	309828		15671.5		537.753	537.753
50	1.85922e+06		1214.7		858.856	858.856
50	1.87964e+06		1211.84		862.225	862.225
50	312310		12362.9		528.955	528.955
50	1.88932e+06		1207.16		856.78	856.78
50	304914		537370		533.783	533.783
50	1.94391e+06		1186.45		850.102	850.102
50	306001		63579.1		531.606	531.606
50	1.32254e+06		1492.35		858.054	858.054
50	304765		111554		535.715	535.715
50	1.2751e+06		1556.05		840.766	840.766
50	305558		38199		533.358	533.358
50	1.81073e+06		1237.98		850.416	850.416
50	302843		-96086.7		528.328	528.328
50	304165		140442		524.836	524.836
50	1.88111e+06		1209.53		841.118	841.118
50	1.12996e+06		1722.62		842.69	842.69
50	316297		5870.11		527.953	527.953
50	1.03271e+06		1913.24		848.183	848.183
50	317352		5859.16		522.132	522.132
50	1.1053e+06		1766.17		886.086	886.086
50	338398		2401.16		534.768	534.768
50	340178		2289.72		531.981	531.981
50	1.10242e+06		1767.05		855.885	855.885
50	333430		2741.49		540.26	540.26
50	1.05422e+06		1859.56		824.381	824.381
50	328791		3159.97		545.524	545.524
50	1.04998e+06		1870.57		797.928	797.928
50	327595		3523.42		567.078	567.078
50	1.0238e+06		1930.06		776.739	776.739
50	317175		6807.59		592.553	592.553
50	1.02244e+06		1933.06		757.803	757.803
50	300533		-13551.5		651.814	651.814
50	1.1388e+06		1696.6		740.197	740.197
50	305629		972974		702.019	702.019
50	525311		-5128.52		714.854	714.854
50	304715		-53540.1		751.953	751.953
50	528850		-5288.23		736.501	736.501
50	305345		229780		744.403	744.403
50	520015		-5012.5		728.254	728.254
50	518835		-4992.37		766.839	766.839
50	300875		-12732.5		749.999	749.999
50	301285		-11719.6		752.604	752.604
50	501449		-4338.2		787.607	787.607
50	316994		7564.64		750.491	750.491
50	491058		-3988.32		756.106	756.106
50	491058		-3988.32		755.767	755.767
50	305801		-70636.9		741.975	741.975
50	437102		-2329.7		739.908	739.908
50	296976		-6515.41		719.913	719.913
50	304828		-15118.4		706.588	706.588
50	394706		-1706.81		735.998	735.998
50	390630		-1681.18		752.415	752.415
50	306685		-25796		690.839	690.839
50	313643		22474		683.847	683.847
50	371587		-1453.87		736.733	736.733
50	318483		10812.8		686.097	686.097
50	321184		-979.521		702.628	702.628
50	314109		24309.3		695.61	695.61
50	288040		-781.052		687.895	687.895
50	263504		-644.838		671.485	671.485
50	305550		-13134.8		687.41	687.41
50	298911		-5658.22		712.137	712.137
50	263914		-659.13		665.773	665.773
50	254754		-610.37		643.674	643.674
50	291584		-3382.07		715.897	715.897
50	282946		-2107.12		733.638	733.638
50	236340		-541.489		635.004	635.004
50	282492		-1988.21		773.924	773.924
50	233900		-533.856		623.044	623.044
50	278771		-1712.42		773.754	773.754
50	230223		-530.24		613.922	613.922
50	229587		-537.935		603.725	603.725
50	278562		-1668.98		772.274	772.274
50	274840		-1489.73		778.817	778.817
50	223032		-515.655		597.948	597.948
50	273592		-1414.46		817.788	817.788
50	223917		-526.868		595.188	595.188
50	270525		-1267.79		811.203	811.203
50	219887		-517.468		598.977	598.977
50	263632		-1081.49		816.679	816.679
50	221529		-535.16		592.156	592.156
50	271983		-1225.34		791.873	791.873
50	221504		-534.588		647.173	647.173
50	222390		-545.288		642.785	642.785
50	280291		-1359.61		770.764	770.764
50	280738		-1367.66		752.035	752.035
50	232217		-605.936		681.34	681.34
50	238532		-675.207		664.693	664.693
50	277716		-1238.94		750.503	750.503
50	278900		-1255.92		735.253	735.253
50	238307		-679.802		640.853	640.853
50	256177		-887.727		633.117	633.117
50	285023		-1455.79		709.569	709.569
50	256266		-908.924		638.59	638.59
50	294794		-1721.3		677.09	677.09
50	265746		-1120.39		624.705	624.705
50	289646		-1502.75		727.667	727.667
50	293381		-1601.24		705.363	705.363
50	267432		-1217.39		632.53	632.53
