10.581	2.26099 3 720 
6.81256	3.85364 3 720 
7.17522	7.22291 3 720 
6.96477	6.86675 3 720 
7.1142	7.24968 3 720 
7.13543	6.96836 3 720 
7.05304	7.34785 3 720 
6.94005	7.08677 3 720 
7.09731	7.14115 3 720 
7.11968	7.15412 3 720 
6.99145	7.06356 3 720 
7.01219	6.90366 3 720 
7.34013	7.33529 3 720 
7.08171	6.96188 3 720 
7.22102	7.42503 3 720 
7.08778	6.93703 3 720 
7.24762	7.14503 3 720 
7.0237	7.06008 3 720 
7.38035	7.22227 3 720 
6.93704	6.87215 3 720 
7.15106	7.44231 3 720 
7.25571	6.73969 3 720 
7.06585	7.44201 3 720 
7.09669	6.72775 3 720 
7.03774	7.47127 3 720 
7.014	6.93369 3 720 
7.13076	7.16755 3 720 
6.89895	7.07187 3 720 
7.62692	7.39056 3 720 
7.02136	6.90745 3 720 
7.30927	7.48905 3 720 
6.61681	6.82495 3 720 
7.0926	6.97875 3 720 
7.08496	6.90154 3 720 
6.89403	6.93875 3 720 
6.91035	6.972 3 720 
7.03544	7.11037 3 720 
6.86071	6.65892 3 720 
7.11857	7.34217 3 720 
6.81347	6.77249 3 720 
6.97614	6.90235 3 720 
7.12578	6.92196 3 720 
7.23004	7.37341 3 720 
6.93489	7.14363 3 720 
7.24264	7.14937 3 720 
7.34477	7.04646 3 720 
7.14566	7.43837 3 720 
7.13717	6.92614 3 720 
7.1575	7.16665 3 720 
6.9311	6.80077 3 720 
7.24118	7.4517 3 720 
6.93526	6.86797 3 720 
7.28127	7.30066 3 720 
7.08557	6.98852 3 720 
7.2904	7.30857 3 720 
7.08814	6.84726 3 720 
7.12103	7.0447 3 720 
7.10815	7.01611 3 720 
7.13456	7.29654 3 720 
6.92468	6.72089 3 720 
7.00422	7.50862 3 720 
7.30316	6.9248 3 720 
7.07151	6.78529 3 720 
7.30246	7.38669 3 720 
7.0184	6.95062 3 720 
7.21784	7.25136 3 720 
6.89367	7.06707 3 720 
7.12405	6.9025 3 720 
7.0701	6.90522 3 720 
7.31798	7.27976 3 720 
6.72013	6.99878 3 720 
7.1635	7.03006 3 720 
6.86458	7.01308 3 720 
6.99803	6.96625 3 720 
6.97495	6.77891 3 720 
7.11459	6.94483 3 720 
6.72666	6.74157 3 720 
7.19152	7.11268 3 720 
6.88448	6.75768 3 720 
6.84542	6.87898 3 720 
7.01295	7.07172 3 720 
7.03637	6.8336 3 720 
6.72312	6.432 3 720 
7.18852	6.80267 3 720 
6.608	6.22041 3 720 
6.94716	7.46477 3 720 
6.76946	6.41894 3 720 
6.98642	7.18641 3 720 
6.87839	6.39753 3 720 
7.12654	7.27911 3 720 
6.67772	6.38908 3 720 
6.9803	7.47843 3 720 
6.67973	6.33717 3 720 
6.62331	7.36183 3 720 
6.99362	6.52855 3 720 
6.56885	6.46452 3 720 
6.95037	6.59229 3 720 
6.77527	7.05892 3 720 
6.9611	6.81547 3 720 
6.95683	6.72443 3 720 
6.78226	6.73346 3 720 
7.01864	6.86836 3 720 
6.98331	6.90311 3 720 
6.96753	7.04277 3 720 
6.74871	6.60682 3 720 
7.4169	7.16447 3 720 
6.89883	6.86307 3 720 
7.19271	7.28048 3 720 
7.05009	6.7399 3 720 
7.0602	7.71685 3 720 
6.84113	6.86146 3 720 
6.95428	6.62931 3 720 
6.98845	6.76042 3 720 
7.0843	7.10278 3 720 
6.90569	6.82468 3 720 
6.91152	7.11073 3 720 
6.99641	6.66036 3 720 
6.99979	7.35225 3 720 
7.05561	6.68162 3 720 
7.11415	7.25532 3 720 
6.95963	6.78934 3 720 
7.28167	7.28179 3 720 
7.10046	7.13696 3 720 
7.16084	7.25025 3 720 
6.75789	6.94793 3 720 
7.28125	6.9322 3 720 
7.08817	6.79457 3 720 
7.13083	7.56073 3 720 
7.09687	6.95045 3 720 
6.92891	7.11371 3 720 
7.29221	6.96129 3 720 
7.25108	6.99378 3 720 
7.05504	7.02794 3 720 
7.20925	7.06566 3 720 
7.21018	6.96946 3 720 
7.19918	7.21066 3 720 
7.01136	6.85948 3 720 
7.03198	7.08532 3 720 
7.04179	6.62198 3 720 
7.20826	7.356 3 720 
7.19163	6.88303 3 720 
7.17594	7.12768 3 720 
7.06063	6.91687 3 720 
7.10191	6.98078 3 720 
6.96592	6.84449 3 720 
7.16081	7.0958 3 720 
7.01937	6.79782 3 720 
7.22536	7.1924 3 720 
7.14383	6.88474 3 720 
7.10739	7.24749 3 720 
7.06004	6.64111 3 720 
6.93102	7.46713 3 720 
6.81365	6.71433 3 720 
7.02677	7.10372 3 720 
6.86276	6.95262 3 720 
7.02458	7.32731 3 720 
7.04097	7.14304 3 720 
6.83909	7.1176 3 720 
6.84894	6.69266 3 720 
6.81809	7.33829 3 720 
6.63236	6.96475 3 720 
7.01599	6.87943 3 720 
6.87865	6.69124 3 720 
6.89662	7.28859 3 720 
6.94144	6.71763 3 720 
6.77469	7.44883 3 720 
6.89807	7.0693 3 720 
6.64918	6.79329 3 720 
7.02368	7.12034 3 720 
6.78944	6.91011 3 720 
7.28405	7.32481 3 720 
7.03957	7.03487 3 720 
7.06664	7.2211 3 720 
7.02474	6.95266 3 720 
7.09835	6.94191 3 720 
7.11955	7.42612 3 720 
6.83101	6.64748 3 720 
7.3209	7.38216 3 720 
6.70522	6.90814 3 720 
6.99095	6.97763 3 720 
6.80284	7.00236 3 720 
7.03267	7.09476 3 720 
6.80978	6.82935 3 720 
7.35222	7.38029 3 720 
7.12142	6.83917 3 720 
7.14214	7.12416 3 720 
7.15974	6.98305 3 720 
7.27848	7.26499 3 720 
6.97884	6.98135 3 720 
7.01521	7.54525 3 720 
6.73151	6.66804 3 720 
6.97173	7.37047 3 720 
6.7436	7.01705 3 720 
7.18343	6.86862 3 720 
6.7491	6.86457 3 720 
7.2456	7.02403 3 720 
6.82253	7.05684 3 720 
7.00137	7.29896 3 720 
6.90711	6.92232 3 720 
6.97186	7.12417 3 720 
7.48708	7.04575 3 720 
7.25409	7.17327 3 720 
6.92851	7.04996 3 720 
7.11741	7.16457 3 720 
6.98479	6.92113 3 720 
7.26185	7.36241 3 720 
7.19268	6.99037 3 720 
7.12235	7.40374 3 720 
7.12526	7.11712 3 720 
6.93459	7.10653 3 720 
7.26591	7.01685 3 720 
7.06107	6.98627 3 720 
7.21891	7.30734 3 720 
7.26395	7.11849 3 720 
6.98065	7.22827 3 720 
7.27434	7.12066 3 720 
7.12797	7.0826 3 720 
7.17502	7.34114 3 720 
7.00461	7.06821 3 720 
7.30334	7.37204 3 720 
7.07966	6.71457 3 720 
6.86181	7.22495 3 720 
6.86335	6.70485 3 720 
6.99049	6.88801 3 720 
6.88855	6.74001 3 720 
6.98557	7.48811 3 720 
6.97057	6.94093 3 720 
6.93189	7.0741 3 720 
6.85555	7.12327 3 720 
6.96374	7.18549 3 720 
6.83292	7.04026 3 720 
6.95042	7.01652 3 720 
6.82832	6.93081 3 720 
6.94519	7.33934 3 720 
6.85294	6.68436 3 720 
6.94393	7.40931 3 720 
6.79317	6.83056 3 720 
6.92332	7.28647 3 720 
6.8284	6.74115 3 720 
6.98041	7.25923 3 720 
6.94171	6.87849 3 720 
7.03087	7.24046 3 720 
7.01808	6.84122 3 720 
7.36521	7.23239 3 720 
7.04092	6.62228 3 720 
7.08467	7.49276 3 720 
6.89673	7.07413 3 720 
7.20446	6.77118 3 720 
7.06619	6.95839 3 720 
6.89787	7.36542 3 720 
6.5285	6.28876 3 720 
6.66972	7.27016 3 720 
6.76677	6.61713 3 720 
6.95014	6.72803 3 720 
6.9089	6.78143 3 720 
6.93828	6.93443 3 720 
6.93106	6.99643 3 720 
6.46326	6.62238 3 720 
6.99376	6.78343 3 720 
6.80408	6.72665 3 720 
7.01865	6.8432 3 720 
6.75969	7.01243 3 720 
6.80069	6.79929 3 720 
6.99099	6.80209 3 720 
6.95327	7.06004 3 720 
6.90879	7.11927 3 720 
6.77929	6.80872 3 720 
7.4011	6.92945 3 720 
6.85954	6.78767 3 720 
7.15948	7.38484 3 720 
6.81356	6.89619 3 720 
7.04795	7.23077 3 720 
6.81384	7.03222 3 720 
7.01838	7.22403 3 720 
6.68914	6.95204 3 720 
7.06948	7.218 3 720 
6.71215	7.01683 3 720 
7.00387	7.24038 3 720 
6.95605	6.97463 3 720 
6.78963	7.15569 3 720 
7.07975	6.84364 3 720 
6.98842	7.53578 3 720 
6.87954	7.1327 3 720 
7.39679	7.19294 3 720 
6.90609	7.06153 3 720 
7.21996	7.44886 3 720 
6.8566	7.08621 3 720 
7.16254	7.2797 3 720 
7.00313	6.92712 3 720 
6.94512	7.38357 3 720 
7.08777	7.18313 3 720 
7.08096	6.91758 3 720 
7.17855	7.28648 3 720 
7.0812	6.96096 3 720 
7.12529	7.29474 3 720 
7.21759	7.0151 3 720 
7.08396	7.26015 3 720 
7.12724	7.14735 3 720 
6.79563	6.80055 3 720 
6.85317	7.00208 3 720 
6.85245	6.8276 3 720 
6.83725	6.95534 3 720 
6.68999	6.81461 3 720 
7.097	6.98938 3 720 
6.59899	7.08859 3 720 
7.01402	6.91782 3 720 
6.82751	7.07379 3 720 
6.78375	6.86072 3 720 
6.81626	6.90364 3 720 
6.90525	6.82643 3 720 
6.84036	6.94267 3 720 
6.55558	6.58309 3 720 
6.97372	6.82018 3 720 
6.81123	6.75183 3 720 
7.08452	7.0678 3 720 
6.71006	6.68346 3 720 
7.1605	7.05221 3 720 
6.64027	6.63367 3 720 
7.02274	7.04609 3 720 
6.87831	6.63899 3 720 
6.85976	6.91456 3 720 
6.81493	6.64495 3 720 
6.9368	7.02871 3 720 
6.61463	6.52267 3 720 
7.07661	6.87639 3 720 
6.65166	6.24706 3 720 
6.77786	6.88397 3 720 
6.74218	6.43772 3 720 
7.07344	7.57522 3 720 
6.59114	6.34728 3 720 
7.10564	7.44058 3 720 
6.73152	6.45144 3 720 
6.89401	7.153 3 720 
7.14746	6.7851 3 720 
6.65104	6.89814 3 720 
7.01334	6.59428 3 720 
6.87564	6.97727 3 720 
6.83438	6.86419 3 720 
6.93181	6.5816 3 720 
6.86236	7.1457 3 720 
6.66741	6.81237 3 720 
7.3324	6.84231 3 720 
6.82108	6.43776 3 720 
6.84333	7.51299 3 720 
7.04306	6.38805 3 720 
7.22036	6.80872 3 720 
7.17783	7.30534 3 720 
7.06053	6.82817 3 720 
7.03284	6.67188 3 720 
7.49597	7.35139 3 720 
7.17774	6.71425 3 720 
6.69398	6.66905 3 720 
7.02784	7.01655 3 720 
7.00016	6.7761 3 720 
6.87522	6.78174 3 720 
7.25142	6.92055 3 720 
6.81405	6.60613 3 720 
7.28053	7.31556 3 720 
7.05783	6.4632 3 720 
7.07185	7.39098 3 720 
7.10805	6.51352 3 720 
7.029	7.67091 3 720 
6.95872	6.6352 3 720 
7.07473	7.00642 3 720 
6.66136	6.35074 3 720 
6.92742	7.3357 3 720 
7.01698	6.56419 3 720 
7.12921	6.97652 3 720 
6.9736	6.99823 3 720 
7.15179	6.79052 3 720 
6.70878	6.94235 3 720 
7.06376	6.81223 3 720 
6.72909	6.43469 3 720 
6.85226	7.44525 3 720 
6.70291	6.6285 3 720 
6.95216	6.80095 3 720 
6.73924	7.0285 3 720 
7.11204	6.74401 3 720 
6.71651	6.97167 3 720 
6.95839	7.11603 3 720 
7.69169	6.52445 3 720 
7.00394	7.34182 3 720 
6.96859	6.94355 3 720 
7.07727	6.87243 3 720 
7.10656	7.04426 3 720 
7.19316	7.10183 3 720 
7.08028	6.87519 3 720 
7.14737	7.27857 3 720 
7.47676	6.95492 3 720 
7.06403	7.12346 3 720 
7.1811	6.75165 3 720 
7.03303	7.34337 3 720 
7.13625	6.70805 3 720 
7.03822	6.8558 3 720 
6.94391	7.04672 3 720 
7.17207	6.92612 3 720 
7.19219	7.28023 3 720 
7.14873	6.76275 3 720 
7.14319	7.09091 3 720 
7.08147	7.10659 3 720 
7.03713	6.81213 3 720 
7.39383	7.40354 3 720 
7.1579	6.45814 3 720 
7.31388	7.3563 3 720 
6.57718	6.6096 3 720 
6.98822	7.04427 3 720 
7.03511	6.92063 3 720 
