2	321279		1540.31		410.324	2.46396e+06
2	125534		-2568.43		403.404	1.9622e+06
3	165903		-22730.5		385.704	2.1396e+06
3	289919		1734.61		431.796	2.41058e+06
4	185046		14564.9		393.982	2.17905e+06
4	297185		1681.01		411.552	2.33974e+06
5	208854		5552.97		374.701	2.12481e+06
5	295887		1689.84		403.081	2.22074e+06
6	-133202		65.0172		360.118	2.0756e+06
6	308019		1613.68		394.889	2.17906e+06
7	198161		7619.53		360.268	2.09634e+06
7	288842		1766.5		380.696	2.14449e+06
8	179058		32086		343.141	2.2222e+06
8	298697		1691.06		378.065	2.10895e+06
9	176047		79150.6		327.165	2.27978e+06
9	293780		1734.33		377.882	2.03186e+06
10	168086		-27632.8		331.714	2.32768e+06
10	241429		2315.85		393.782	2.07706e+06
11	234882		2344.65		387.745	2.05889e+06
11	159207		-10553.6		336.918	2.34787e+06
12	226717		2501.04		381.932	2.02108e+06
12	165921		-23273		325.272	2.36622e+06
13	226697		2505.78		373.592	1.95392e+06
13	170118		-44475.7		319.079	2.32332e+06
14	223373		2572.75		368.146	1.92065e+06
14	169708		-38484.2		319.221	2.34216e+06
15	222689		2588.63		364.311	1.94464e+06
15	171858		-63820.4		315.031	2.35588e+06
16	172462		-42325.4		333.028	2.32965e+06
16	198888		4271.22		358.555	1.96601e+06
17	173601		-45341.6		336.425	2.28346e+06
17	194698		5487.04		353.086	2.02916e+06
18	174420		-39613.8		342.026	2.24068e+06
18	189109		7811.08		350.832	2.08091e+06
19	175106		-31894.1		346.787	2.20802e+06
19	187265		8839.47		348.483	2.09647e+06
20	175296		-44434.8		347.454	2.15707e+06
20	184393		12616.8		345.352	2.10537e+06
21	176209		-38190.5		358.62	2.12889e+06
21	179526		56734.7		342.206	2.10663e+06
22	175007		-66391.5		334.849	1.89599e+06
22	176613		-33032.7		362.206	1.91604e+06
23	177914		-36460.4		367.265	1.72448e+06
23	173213		-25837.7		333.898	1.70642e+06
24	178884		-21101.7		375.567	1.55207e+06
24	170189		-17204		324.428	1.53581e+06
25	179468		-14631.7		383.326	1.39691e+06
25	166922		-8166.1		320.422	1.38225e+06
26	181253		-14915.6		384.619	1.25726e+06
26	162951		-4995.45		315.34	1.24406e+06
27	162101		-4817.55		319.363	1.11969e+06
27	182025		-12689.8		392.679	1.13158e+06
28	145133		-563.538		395.158	1.01846e+06
28	160659		-4348.54		308.964	1.00774e+06
29	157538		-3622.27		299.275	906986
29	144567		-538.694		395.811	916657
30	154182		-2766.04		291.235	816309
30	144055		-525.989		397.289	825033
31	153273		-2806.74		290.804	734707
31	145083		-534.744		403.151	742575
32	144493		-520.083		402.086	668357
32	150923		-2387.44		281.406	661256
33	144432		-510.098		406.909	601566
33	149682		-2355.9		276.369	595153
34	148061		-2361.41		275.509	535665
34	144870		-514.843		411.523	541455
35	144739		-507.108		412.414	487351
35	146052		-2077.97		269.704	482120
36	144901		-2017.17		264.027	433929
36	144856		-507.605		405.753	438651
37	146118		-534.9		414.851	394835
37	143684		-1907.45		261.334	390560
38	146089		-530.762		432.114	355411
38	142985		-1865.96		264.077	351533
39	147691		-534.211		432.733	319913
39	141886		-1910.64		268.503	316410
40	146932		-524.172		428.768	287961
40	142396		-1963.66		268.433	284796
41	142850		-1977.36		266.09	256341
41	148869		-530.03		432.804	259212
42	149237		-528.986		431.332	233333
42	142889		-1982.18		266.072	230734
43	150480		-560.825		435.924	210047
43	143321		-2012.55		261.129	207682
44	144578		-2196.55		255.579	186934
44	149725		-572.674		436.969	189087
45	149964		-566.564		434.774	170220
45	144228		-2165.62		262.93	168274
46	150833		-576.559		453.073	153260
46	143763		-2162.86		263.592	151473
47	143130		-2107.9		260.657	136349
47	152019		-579.556		441.575	137967
48	151946		-573.403		442.033	124215
48	142318		-2099.7		261.892	122742
49	164410		-672.194		443.482	111839
49	141933		-2070.59		266.558	110498
50	164410		-672.194		442.133	100698
50	141691		-2074.9		264.009	99472.7
50	164410		-672.194		440.335	90671.1
50	128278		-697.947		267.257	89555
50	173501		-728.187		436.049	81643.7
50	127072		-666.344		265.879	80624.9
50	173501		-728.187		435.383	73522.3
50	131009		-864.194		260.779	72583.9
50	136396		-1359.55		258.939	65349.7
50	165629		-626.288		433.043	66211.2
50	158500		-556.873		436.2	59636.6
50	140877		-2501.35		265.185	58846.9
50	150511		-497.227		437.542	53717.9
50	144355		-5922.9		264.633	52988.2
50	157647		-560.629		453.953	48406.2
50	148244		11156.6		263.286	47714.5
50	160510		-594.688		467.693	43624.8
50	151028		4002.98		262.209	42968.3
50	168248		-667.904		462.591	39303.9
50	148835		8414.55		264.893	38700.4
50	172297		-704.713		457.81	35415
50	145259		-7772.61		265.238	34857.1
50	173215		-706.579		455.584	31917.1
50	146400		-27994.1		268.822	31401.5
50	848072		635.491		456.347	28771.7
50	145645		-10756.7		271.893	28291.3
50	803202		645.219		469.137	25953
50	153702		2459.51		271.536	25489
50	691048		741.566		465.78	23401.2
50	156061		1797.72		276.24	22972
50	685000		753.727		462.637	21104.5
50	158650		1404.49		276	20702.2
50	615083		878.152		458.665	19036.4
50	160846		1205.54		276.247	18659.8
50	736471		736.696		471.962	17191.9
50	153646		2221.34		279.477	16824.7
50	156723		1516.61		281.542	15172.2
50	777151		730.49		471.197	15519.1
50	783741		745.669		464.623	14007.8
50	166596		828.432		276.294	13677.9
50	768046		753.058		478.681	12667.5
50	168025		776.421		276.867	12338.3
50	803794		731.448		470.355	11440.3
50	165014		857.633		278.072	11133.4
50	168510		745.351		273.773	10043.5
50	794093		737.132		460.162	10333.1
50	707182		750.543		445.465	9331.12
50	167621		769.958		273.426	9066.22
50	172661		637.738		283.462	8196.98
50	606641		805.997		436.403	8433.49
50	681784		735.395		432.662	7630.04
50	169182		736.313		278.841	7401.01
50	167091		825.944		288.048	6698
50	432344		1164.11		424.055	6901.7
50	456076		1058.36		417.292	6247.17
50	169017		767.794		287.289	6056.24
50	477389		973.127		424.012	5670.9
50	173013		669.243		289.719	5481.78
50	495984		908.128		425.597	5147.8
50	163135		1068.57		288.358	4961.21
50	168825		838.554		287.805	4493.37
50	479609		999.325		425.888	4675.87
50	648427		695.36		423.894	4248.88
50	172039		743.603		282.974	4067.98
50	614110		720.678		442.886	3885.37
50	175746		671.376		284.138	3690.65
50	564673		760.241		454.746	3552.98
50	174610		710.022		280.755	3346.61
50	751456		615.35		472.546	3260.96
50	164395		1168.48		280.936	3040.21
50	707530		646.191		467.185	2976.76
50	171930		822.631		276.016	2759.36
50	818957		589.336		462.376	2720.99
50	165707		1106.86		270.246	2505.26
50	540229		794.413		447.374	2480.13
50	164586		1189.95		264.82	2276.33
50	556438		755.546		455.608	2285.09
50	154889		3808.03		266.811	2077.17
50	523515		774.436		463.817	2110.35
50	152653		7349.47		266.353	1895.68
50	463111		856.897		461.158	1943.03
50	154761		3503.38		263.633	1730.02
50	421255		935.43		455.065	1788.75
50	155545		2637.4		264.229	1583.98
50	395632		1010.96		446.613	1646.93
50	159296		1655.08		259.593	1447.37
50	159485		1642.88		260.483	1329.48
50	341925		1473.45		422.195	1502.48
50	309551		2240.79		399.738	1372
50	154991		2605.13		259.018	1221.12
50	288446		3315.27		404.354	1279.39
50	151116		8154.12		263.932	1129.82
50	146275		-4478.72		265.12	1044.42
50	295463		2482.01		390.37	1177.9
50	302518		1886.77		387.111	1095.89
50	147103		-4652.65		265.836	967.206
50	324765		1454.8		392.884	1030.78
50	147033		-3667.97		261.793	893.026
50	315073		1553.59		414.308	988.417
50	147784		-3849.37		266.062	834.172
50	292868		2156.15		418.359	935.057
50	153556		9850.17		275.423	786.721
50	149707		-8205.84		268.132	728.3
50	315309		1568.34		415.082	880.11
50	153181		8720.94		264.436	678.588
50	309808		1537.83		410.956	829.482
50	275269		2356.08		400.715	777.387
50	153587		8358.97		263.698	636.435
50	262184		3055.66		401.706	740.712
50	150229		-11922.4		266.733	602.196
50	235717		13252.6		391.731	696.836
50	149754		-9085.62		259.728	561.645
50	245398		4379.74		395.704	670.298
50	148317		-5043.89		262.416	534.141
50	233929		9396.73		390.278	637.413
50	150295		-10590.8		262.747	507.3
50	239399		6310.34		397.421	619.842
50	150110		-8744.28		260.952	481.049
50	251667		3311.47		398.322	598.501
50	151277		-16498.9		260.943	459.03
50	256415		2819.33		400.102	580.264
50	151630		-22603.6		255.48	433.758
50	153452		16753.7		256.594	417.045
50	264634		2288.57		396.953	559.099
50	153251		12095.6		256.841	401.247
50	261929		2463.98		400.997	546.928
50	291555		1498.36		400.138	531.475
50	150016		-15259.6		253.024	382.989
50	291153		1522.08		404.219	522.423
50	154123		5463.5		261.848	378.817
50	301964		1328.34		401.968	508.352
50	155406		4079.52		259.937	365.209
50	310658		1213.02		402.75	498.495
50	157842		2485.07		259.272	354.017
50	156652		2778.77		256.899	342.169
50	273292		1902.58		418.464	504.634
50	288016		1525.63		419.647	497.201
50	156953		2693.6		261.389	338.132
50	302455		1181.95		405.646	475.444
50	154499		3509.43		256.674	325.743
50	292019		1286.49		385.157	447.975
50	155529		2565.33		256.025	318.187
50	281349		1437.58		402.438	458.974
50	158095		1828.13		256.824	312.77
50	268177		1942.67		402.601	453.484
50	158402		1663.28		257.15	307.501
50	273692		1833.26		405.868	451.663
50	155399		2168.09		255.262	300.578
50	155387		2239.08		260.985	301.769
50	277411		1523.88		392.165	433.38
50	256833		2013.99		368.572	405.666
50	153917		2430.13		261.633	298.339
50	271676		1489.61		361.563	394.947
50	155753		1818.47		261.249	294.284
50	252892		2160.33		347.254	377.3
50	158216		1486.26		258.774	288.505
50	251462		1914.46		346.916	373.958
50	156779		1528.5		260.576	287.335
50	239858		2267.08		331.539	355.876
50	158011		1318.92		260.254	284.336
50	260876		1297.45		324.982	346.885
50	155168		1652.74		263.623	285.298
50	225265		2728.3		331.706	351.419
50	151981		2097.88		262.179	281.686
50	247829		1345.23		333.558	351.3
50	154429		1575.81		265.998	283.555
50	247600		1276.51		351.14	367.108
50	149708		2456.48		262.016	277.816
50	219913		2382.8		361.627	375.998
50	150009		2212.64		260.186	274.407
50	243675		1294.57		366.385	379.319
50	152091		1808.66		257.356	270.154
50	239273		1330.51		372.841	384.481
50	154801		1481.13		256.413	267.932
50	239822		1337.61		379.385	389.862
50	167321		811.595		261.687	272.054
50	220413		2475.25		388.679	398.108
50	171229		717.6		265.405	274.736
50	232685		1948.96		396.952	405.438
50	177264		622.165		270.507	278.904
50	219791		4230.26		404.226	411.863
50	176074		646.201		269.978	277.535
50	212995		16612.1		406.998	413.871
50	180525		588.759		273.057	279.859
50	176767		639.132		264.58	270.702
50	218602		17521.7		405.209	411.395
50	219413		9849.75		398.364	403.931
50	172195		695.738		266.733	272.242
50	245057		2157.16		415.346	420.357
50	174730		640.28		269.166	274.124
50	230992		3470.24		418.993	423.502
50	175278		610.948		265.032	269.495
50	222239		8842.83		419.42	423.479
50	177735		569.7		260.85	264.866
50	230625		5860.4		417.626	421.279
50	177825		564.752		261.951	265.566
50	194697		-2424.73		420.807	424.095
50	171682		660.445		257.983	261.236
50	230277		6430.83		418.696	421.655
50	171552		654.12		256.743	259.67
50	251703		2200.86		435.417	438.08
50	169964		689.517		258.624	261.259
50	221925		15063		432.04	434.437
50	174586		611.733		261.973	264.345
50	213555		-7424.83		430.26	432.417
50	173022		646.656		259.467	261.601
50	167749		731.558		257.306	259.227
50	248616		4162.32		425.365	427.306
50	262560		2792.27		425.075	426.822
50	177743		541.196		258.115	259.844
50	336589		1126.89		442.741	444.314
50	177499		548.911		259.841	261.397
50	187367		445.534		257.997	259.398
50	322680		1432.77		428.857	430.272
50	832467		688.131		445.086	446.36
50	180125		503.835		260.34	261.6
50	839884		685.397		439.518	440.664
50	176284		541.001		261.343	262.478
50	306081		1744.94		422.98	424.011
50	177003		535.895		268.937	269.958
50	301952		1599.16		437.829	438.757
50	171258		622.018		270.129	271.048
50	274972		2334.07		433.045	433.881
50	176416		566.779		272.551	273.378
50	281607		1838.25		436.893	437.645
50	169662		705.797		274.869	275.614
50	230577		-70164		452.599	453.276
50	175447		618.723		275.112	275.782
50	253140		3358.87		466.237	466.846
50	170151		738.408		276.249	276.852
50	230953		20030.4		460.406	460.954
50	170190		748.922		279.722	280.264
50	227830		14827.7		431.395	431.889
50	166244		861.527		278.016	278.504
50	271510		1708.23		443.448	443.892
50	173166		677.393		278.67	279.109
50	257522		2171.08		438.708	439.108
50	178219		584.337		278.164	278.56
50	258545		2771.12		438.939	439.298
50	182607		541.002		280.835	281.191
50	178951		601.58		281.473	281.793
50	376058		756.966		425.431	425.755
50	524219		564.253		422.739	423.03
50	183634		555.389		278.183	278.472
50	389912		806.686		422.592	422.854
50	182832		569.378		283.139	283.398
50	365176		886.181		437.37	437.606
50	184108		552.045		279.551	279.784
50	322319		1371.07		438.709	438.921
50	187091		512.989		280.275	280.485
50	337475		1489.23		452.6	452.791
50	189423		497.363		281.723	281.912
50	188563		505.011		275.595	275.765
50	300621		4671.04		442.226	442.398
50	344372		2283.03		454.707	454.862
50	178673		607.777		270.99	271.143
50	378964		1669.99		468.966	469.105
50	175211		684.568		272.437	272.575
50	396127		1433.12		481.508	481.633
50	175045		694.41		274.532	274.656
50	397403		1429.22		471.459	471.572
50	179626		613.924		273.658	273.77
50	474734		1044.42		461.543	461.645
50	179979		622.887		275.606	275.706
50	490617		1010.13		456.055	456.147
50	172890		780.607		272.592	272.682
50	517684		946.372		447.03	447.112
50	173820		765.624		270.609	270.69
50	520009		949.229		443.005	443.079
50	176592		694.982		272.898	272.972
50	416868		1344.51		433.882	433.948
50	171686		791.118		270.194	270.26
50	377327		1749.4		433.076	433.135
50	175803		686.517		268.133	268.192
50	387306		1649.38		444.859	444.913
50	166112		934.911		266.687	266.741
50	358554		2077.9		452.037	452.085
50	169884		783.612		264.699	264.747
50	374079		1761.3		443.641	443.685
50	163304		982.748		264.95	264.993
50	283186		16248.3		426.238	426.277
50	168869		771.801		263.573	263.612
50	270818		28544.1		412.015	412.05
50	168951		754.897		260.094	260.129
50	257335		-18142.5		388.225	388.257
50	170653		716.887		255.89	255.922
50	257772		-20586.8		379.785	379.814
50	165468		903.184		257.308	257.337
50	241400		-4186.1		398.12	398.146
50	161603		1080.11		256.32	256.346
50	249337		-6646.88		399.5	399.523
50	163372		1013.15		259.049	259.072
50	230836		-3454.12		387.856	387.877
50	164940		943.677		258.427	258.448
50	237057		-4473.48		387.166	387.185
50	160135		1196.21		269.866	269.885
50	241040		-5333.14		384.97	384.987
50	165505		882.648		265.927	265.944
50	161093		1042.24		265.335	265.35
50	230091		-3003.46		385.419	385.434
50	226899		-2293.86		386.581	386.594
50	160762		1074.58		263.669	263.682
50	229224		-2502.6		386.545	386.557
50	167278		833.278		261.201	261.213
50	231975		-3021.93		386.538	386.549
50	165283		917.107		263.24	263.251
50	233834		-3838.67		399.202	399.212
50	172537		735.725		265.648	265.658
50	228682		-2917.15		397.879	397.888
50	172564		755.637		268.423	268.432
50	217001		-1788.25		412.465	412.473
50	173080		741.844		269.65	269.658
50	221279		-2080.09		408.045	408.052
50	177206		672.756		272.223	272.231
50	219590		-1924.1		405.436	405.442
50	176884		686.908		274.919	274.926
50	221487		-2054.3		401.977	401.983
50	175320		717.89		280.293	280.299
50	223411		-1753.81		399.134	399.139
50	172290		763.48		281.195	281.2
50	221184		-1611.64		397.774	397.779
50	174335		706.576		277.585	277.59
50	226182		-1637.8		395.271	395.275
50	170365		787.133		278.166	278.17
50	227942		-1734.68		397.597	397.601
50	179172		608.408		276.578	276.582
50	245347		-2777.7		395.419	395.422
50	179902		594.647		276.67	276.674
50	244805		-3449.12		389.814	389.817
50	179403		594.137		285.792	285.795
50	237583		-3016.22		385.509	385.512
50	179380		589.575		285.677	285.679
50	180291		592.272		283.108	283.111
50	240943		-3985.52		380.296	380.299
50	178375		635.875		287.085	287.087
50	240432		-4075.64		384.96	384.963
50	255191		-15665.6		380.912	380.914
50	179407		621.382		287.95	287.952
50	253535		-19610.2		398.97	398.972
50	177306		655.382		285.984	285.985
50	240023		-3372.9		396.553	396.554
50	177174		651.349		279.905	279.906
50	220585		-1727.33		399.802	399.803
50	170486		765.546		278.979	278.981
50	240229		-3414.94		395.285	395.287
50	171646		756.627		276.043	276.045
50	237440		-2735.8		397.116	397.117
50	164962		975.618		276.781	276.782
50	235872		-2812.61		389.975	389.976
50	160864		1197.91		274.999	275
50	219677		-1711.18		407.385	407.386
50	161198		1144.73		271.985	271.986
50	216001		-1694.54		420.853	420.854
50	162328		1079.31		272.545	272.545
50	198036		-1136.54		423.546	423.547
50	168256		839.26		271.311	271.312
50	181947		-848.072		436.995	436.996
50	167822		833.28		269.038	269.039
50	213297		-2223.05		424.238	424.239
50	168428		803.102		263.745	263.745
50	214349		-2507.29		400.122	400.123
50	165973		846.783		260.987	260.988
50	189765		-1204.37		391.392	391.393
50	160580		1018.6		259.196	259.197
50	194197		-1484.25		408.968	408.969
50	166879		768.94		260.844	260.845
50	181853		-1101.16		424.373	424.373
50	156323		1189.33		259.012	259.013
50	198265		-2266.79		413.514	413.515
50	154530		1375.93		254.575	254.576
50	192986		-1793.44		413.243	413.244
50	162835		934.386		256.278	256.279
50	155291		1474.88		260.014	260.014
50	217618		-2.6492e+06		394.22	394.22
50	227481		6679.93		383.358	383.358
50	155119		1509.59		257.565	257.566
50	153750		1770.26		266.396	266.396
50	271662		1332.95		368.116	368.117
50	248775		2039.93		374.734	374.734
50	168474		835.624		273.808	273.808
50	283583		1112.54		372.672	372.672
50	157319		1550.62		276.557	276.557
50	161025		1279.55		277.437	277.437
50	294566		1013.22		380.569	380.569
50	167039		971.76		275.766	275.766
50	326423		829.713		385.615	385.616
50	303914		1046.81		406.349	406.349
50	181187		619.157		274.165	274.165
50	185628		565.884		270.982	270.982
50	322805		926.627		405.837	405.837
50	334816		855.242		405.372	405.372
50	169695		855.546		266.743	266.743
50	387778		690.851		411.632	411.632
50	168913		858.682		263.656	263.656
50	321836		968.738		413.313	413.313
50	170819		799.1		266.198	266.198
50	315979		1003.97		412.784	412.784
50	164759		1046.76		265.93	265.93
50	279123		1494.12		410.598	410.598
50	170474		854.421		266.453	266.453
50	309810		1050.56		407.759	407.759
50	171954		813.467		270.038	270.038
50	167920		934.18		268.985	268.985
50	309377		1004.54		401.669	401.669
50	182640		601.332		265.092	265.092
50	322473		892.556		401.455	401.455
50	177181		689.594		267.194	267.195
50	379638		659.762		398.329	398.329
50	387454		632.182		397.681	397.681
50	185249		569.218		267.479	267.479
50	391169		626.851		400.837	400.837
50	182291		610.537		273.845	273.846
50	349122		741.735		406.283	406.283
50	182316		605.728		275.595	275.595
50	384790		641.421		404.308	404.308
50	185657		563.057		275.907	275.907
50	338712		786.157		407.662	407.662
50	184667		581.244		270.454	270.454
50	348035		742.562		425.753	425.753
50	179692		654.467		267.066	267.066
50	184530		577.875		262.142	262.142
50	329513		822.6		424.231	424.231
50	175110		716.168		257.806	257.806
50	328537		815.731		440.602	440.602
50	334817		795.666		439.839	439.839
50	171860		797.632		255.426	255.426
50	295475		1060.92		435.934	435.934
50	169463		868.638		255.006	255.006
50	306086		998.487		434.919	434.919
50	168430		891.169		251.355	251.355
50	169744		818.015		255.181	255.181
50	296094		1160.9		433.932	433.932
50	291172		1238.01		443.572	443.572
50	172019		731.839		254.976	254.976
50	302959		1162.07		437.731	437.731
50	176163		638.307		261.579	261.579
50	299960		1207.93		434.298	434.298
50	176493		643.16		264.97	264.97
50	299074		1197.62		449.739	449.739
50	177243		627.526		268.513	268.513
50	286044		1390.06		445.217	445.217
50	177248		626.968		269.854	269.854
50	308921		1072.49		459.527	459.527
50	179018		609.971		268.275	268.275
50	272198		1709.86		457.278	457.278
50	172399		727.677		263.781	263.781
50	277997		1559.59		448.211	448.211
50	175435		644.04		263.475	263.475
50	299274		1230.23		445.866	445.866
50	176128		629.221		265.102	265.102
50	322539		1064.7		442.194	442.194
50	174615		669.602		262.763	262.763
50	351403		938.555		433.55	433.55
50	172202		713.914		265.466	265.466
50	462323		657.92		428.455	428.455
50	168147		830.735		264.714	264.714
50	551164		577.605		446.798	446.798
50	165076		959.857		265.077	265.077
50	443278		738.387		439.236	439.236
50	157389		1488.46		260.159	260.159
50	480629		667.705		416.67	416.67
50	160359		1233.76		262.629	262.629
50	479344		669.534		431.271	431.271
50	163624		1027.62		265.186	265.186
50	493707		659.97		428.893	428.893
50	163590		1037.71		261.298	261.298
50	581845		590.523		421.689	421.689
50	171297		765.518		264.577	264.577
50	639668		571.816		419.014	419.014
50	171992		762.582		266.31	266.31
50	664198		552.255		435.144	435.144
50	171122		770.986		268.872	268.872
50	668237		567.457		430.88	430.88
50	177356		630.201		271.646	271.646
50	848767		511.249		429.936	429.936
50	178488		616.172		271.701	271.701
50	692549		576.546		437.36	437.36
50	186418		504.639		271.065	271.065
50	692340		579.093		431.05	431.05
50	172979		664.707		267.668	267.668
50	178151		574.05		262.075	262.075
50	593753		678.611		424.303	424.303
50	551500		755.272		431.054	431.054
50	175832		597.71		267.786	267.786
50	515563		780.564		430.074	430.074
50	175285		591.726		266.628	266.628
50	511107		804.749		426.383	426.383
50	174295		598.992		265.519	265.519
50	506672		863.812		423.882	423.882
50	173914		611.211		264.636	264.636
50	481621		882.192		411.495	411.495
50	181692		524.722		265.8	265.8
50	464280		889.425		414.295	414.295
50	180227		545.84		265.253	265.253
50	479438		839.136		414.387	414.387
50	181384		535.617		266.062	266.062
50	488308		806.38		417.531	417.531
50	164596		869.544		269.341	269.341
50	476937		800.762		417.967	417.967
50	165543		841.878		269.307	269.307
50	433946		892.58		418.859	418.859
50	164727		873.854		270.761	270.761
50	431413		935.606		421.044	421.044
50	162512		981.651		276.005	276.005
50	397424		1079.59		397.047	397.047
50	155670		1413.63		269.287	269.287
50	353207		1617.17		416.382	416.382
50	152703		1807.72		272.501	272.501
50	146816		4255.9		277.512	277.512
50	367453		1442.22		406.809	406.809
50	367195		1446.52		410.014	410.014
50	154652		1546.56		277.621	277.621
50	153247		1782.42		279.525	279.525
50	384105		1230.32		398.664	398.664
50	400767		1119.63		395.235	395.235
50	151231		2186.55		277.141	277.141
50	444244		871.901		416.677	416.677
50	150017		2547.82		274.121	274.121
50	438522		860.555		433.343	433.343
50	155022		1584.53		268.966	268.966
50	448757		832.323		429.854	429.854
50	153676		1909.39		268.598	268.598
50	470798		769.401		446.464	446.464
50	159780		1248.97		263.915	263.915
50	446001		826.318		442.231	442.231
50	162332		1064.15		263.967	263.967
50	445357		826.893		438.686	438.686
50	163337		1009.81		264.059	264.059
50	465109		784.115		435.808	435.808
50	160547		1156.08		259.382	259.382
50	462929		789.447		434.94	434.94
50	162835		1045.95		259.58	259.58
50	160314		1215.93		257.82	257.82
50	519691		726.114		422.596	422.596
50	501420		747.377		440.094	440.094
50	158543		1393.98		259.386	259.386
50	506746		735.795		434.484	434.484
50	161432		1182.68		260.62	260.62
50	503776		755.414		452.77	452.77
50	160965		1221.56		262.678	262.678
50	564416		665.826		442.972	442.972
50	163798		1066.79		261.626	261.626
50	532246		715.999		441.009	441.009
50	159285		1368.32		265.733	265.733
50	157978		1420.64		262.039	262.039
50	602452		623.618		455.838	455.838
50	562245		632.493		468.64	468.64
50	160273		1269.72		260.03	260.03
50	495326		678.411		459.014	459.014
50	160782		1230.82		262.4	262.4
50	504213		641.512		455.722	455.722
50	167064		869.934		266.183	266.183
50	503855		636.88		454.402	454.402
50	167494		858.752		266.195	266.195
50	459176		702.134		448.465	448.465
50	167925		854.621		266.607	266.607
50	447105		719.409		445.99	445.99
50	174730		696.521		264.061	264.061
50	512638		635.04		444.78	444.78
50	175606		705.001		265.252	265.252
50	172098		792.429		263.203	263.203
50	479283		708.559		442.051	442.051
50	168418		909.344		260	260
50	533095		668.33		436.141	436.141
50	543593		668.38		431.786	431.786
50	159798		1431.05		258.241	258.241
50	540409		674.052		437.325	437.325
50	162961		1181.45		257.743	257.743
50	162899		1124.55		254.626	254.626
50	491794		736.953		428.638	428.638
50	465080		831.867		448.962	448.962
50	162618		1087.82		257.44	257.44
50	438844		917.931		445.374	445.374
50	165087		995.315		253.851	253.851
50	402871		1076.21		443.503	443.503
50	165172		992.429		252.418	252.418
50	159546		1342.58		251.729	251.729
50	402876		1143.2		436.253	436.253
50	393138		1140.88		452.622	452.622
50	165371		967.836		255.139	255.139
50	448649		881.16		445.715	445.715
50	168226		874.802		252.616	252.616
50	486573		787.549		462.293	462.293
50	168620		871.99		259.563	259.563
50	494844		746.128		444.886	444.886
50	162914		1121.9		254.647	254.647
50	489740		742.715		441.07	441.07
50	162235		1135.5		255.827	255.827
50	526636		690.896		436.042	436.042
50	162980		1114.61		252.589	252.589
50	531440		724.167		437.806	437.806
50	161277		1220.4		251.698	251.698
50	528925		717.972		449.2	449.2
50	162113		1170.64		249.462	249.462
50	521128		732.814		441.61	441.61
50	162045		1166.2		251.648	251.648
50	565579		697.19		437.048	437.048
50	168378		855.513		253.366	253.366
50	166827		894.368		256.795	256.795
50	608288		664.231		432.846	432.846
50	167296		862.529		254.457	254.457
50	731582		566.154		415.667	415.667
50	696764		577.312		416.376	416.376
50	171488		745.298		259.071	259.071
50	849867		545.442		419.439	419.439
50	168395		859.855		266.4	266.4
50	792835		576.822		419.149	419.149
50	173717		708.623		264.959	264.959
50	778636		579.971		419.194	419.194
50	172837		706.908		261.668	261.668
50	704585		634.976		422.217	422.217
50	166302		881.222		258.177	258.177
50	164499		916.333		253.507	253.507
50	713987		637.309		419.586	419.586
50	648650		674.528		417.005	417.005
50	162131		1001.05		251.886	251.886
50	574890		771.346		418.358	418.358
50	161679		1021.93		251.035	251.035
50	613552		771.558		413.463	413.463
50	152772		1762.52		246.076	246.076
50	636828		746.455		414.796	414.796
50	151847		1836.76		246.456	246.456
50	685614		726.918		415.145	415.145
50	149527		2432.54		244.887	244.887
50	683526		700.37		413.689	413.689
50	149298		2415.69		251.964	251.964
50	149430		2317.88		253.337	253.337
50	692792		688.619		415.462	415.462
50	774638		648.113		416.603	416.603
50	151016		1970.54		252.049	252.049
50	151817		1926.09		257.968	257.968
50	847783		600.755		409.837	409.837
50	765627		615.626		408.028	408.028
50	153577		1647		258.577	258.577
50	731917		609.649		409.713	409.713
50	151327		2155.42		262.687	262.687
50	613645		654.215		410.655	410.655
50	147399		4037.6		263.053	263.053
50	545068		716.202		410.959	410.959
50	147761		3924.27		264.664	264.664
50	497303		789.52		427.3	427.3
50	142535		-16976.6		267.41	267.41
50	488844		791.126		427.025	427.025
50	147669		4350.36		266.627	266.627
50	486123		805.396		428.386	428.386
50	144854		48645.1		271.491	271.491
50	513343		748.511		421.661	421.661
50	147107		7924.93		279.872	279.872
50	482620		818.269		420.85	420.85
50	148286		6794.31		284.486	284.486
50	467991		880.574		421.345	421.345
50	140742		-2856.06		287.655	287.655
50	469660		877.113		416.714	416.714
50	141655		-3005.92		283.416	283.416
50	437174		984.146		415.723	415.723
50	141638		-2898.22		281.772	281.772
50	135400		-1421.1		276.22	276.22
50	459209		914.936		410.408	410.408
50	430396		1003.11		396.962	396.962
50	140389		-2620.73		274.402	274.402
50	457486		883.432		379.669	379.669
50	138129		-1853.1		276.225	276.225
50	410900		1011.31		359.686	359.686
50	137287		-1667.58		272.762	272.762
50	410820		991.875		379.313	379.313
50	140317		-2559.93		273.026	273.026
50	387611		1098.65		384.681	384.681
50	137533		-1745.59		271.528	271.528
50	403589		1019.27		387.721	387.721
50	137369		-1688.35		269.87	269.87
50	138720		-1804.45		275.145	275.145
50	399531		984.901		381.854	381.854
50	404278		967.41		404.353	404.353
50	137034		-1569.48		282.58	282.58
50	450755		792.343		423.158	423.158
50	136908		-1544.7		279.461	279.461
50	481584		729.375		418.799	418.799
50	140897		-2279.01		275.064	275.064
50	136639		-1400.06		273.541	273.541
50	472989		775.837		416.327	416.327
50	460596		804.441		416.693	416.693
50	132475		-1042.67		273.939	273.939
50	409913		994.098		418.46	418.46
50	132054		-993.428		268.69	268.69
50	133576		-1110.03		265.752	265.752
50	390228		1171.6		417.392	417.392
50	421009		1013.9		419.405	419.405
50	133789		-1109.54		263.036	263.036
50	365677		1411.69		419.511	419.511
50	132349		-996.086		263.776	263.776
50	131225		-927.559		258.158	258.158
50	379081		1249.84		409.991	409.991
50	388057		1186.81		391.278	391.278
50	130154		-870.811		258.413	258.413
50	354883		1437.2		398.393	398.393
50	128399		-804.289		256.625	256.625
50	307313		2550.78		383.169	383.169
50	130851		-981.133		259.862	259.862
50	303870		2873.84		385.983	385.983
50	130761		-993.966		261.364	261.364
50	281084		10211.7		408.702	408.702
50	128746		-884.594		259.975	259.975
50	335045		2848.53		407.486	407.486
50	126399		-774.768		259.517	259.517
50	343049		2528.78		405.924	405.924
50	131055		-1116.75		268.597	268.597
50	343049		2528.78		402.197	402.197
50	129352		-997.319		272.49	272.49
50	362335		1373.39		421.506	421.506
50	130140		-1037.42		273.124	273.124
50	134003		-1434.77		266.835	266.835
50	393441		1076.06		416.892	416.892
50	445394		818.254		415.003	415.003
50	136306		-1774.61		269.834	269.834
50	482600		736.252		410.394	410.394
50	137417		-1997.65		272.079	272.079
50	457886		785.84		414.003	414.003
50	137733		-2075.12		271.987	271.987
50	139780		-2844.34		264.493	264.493
50	459221		780.493		408.908	408.908
50	140114		-3012.91		265.793	265.793
50	429697		856.72		414.515	414.515
50	398500		958.552		432.589	432.589
50	140564		-3302.15		266.186	266.186
50	373721		1106.44		429.942	429.942
50	138577		-2394.95		262.463	262.463
50	350762		1173.48		444.879	444.879
50	138113		-2404.56		263.546	263.546
50	305943		1706.85		458.664	458.664
50	137750		-2301.13		261.972	261.972
50	340573		1161.65		454.652	454.652
50	135371		-1838.26		259.206	259.206
50	309528		1548.96		429.114	429.114
50	136025		-1964.94		253.946	253.946
50	311331		1553.67		441.109	441.109
50	136134		-1985.77		258.3	258.3
50	324005		1414.91		434.418	434.418
50	136936		-2363.6		258.853	258.853
50	132985		-1549.37		253.935	253.935
50	331453		1320.15		447.828	447.828
50	330769		1341.99		447.566	447.566
50	133635		-1759.72		257.3	257.3
50	321395		1553.92		445.574	445.574
50	129841		-1228.28		262.074	262.074
50	132925		-1841.35		257.371	257.371
50	321348		1458.49		443.78	443.78
50	328009		1512.32		458.588	458.588
50	132644		-1808.89		257.258	257.258
50	338282		1353.69		472.148	472.148
50	129412		-1281.55		261.656	261.656
50	133879		-2121.44		267.778	267.778
50	335607		1264.55		458.187	458.187
50	333808		1279.15		471.498	471.498
50	130575		-1387.99		276.814	276.814
50	347360		1124.69		467.862	467.862
50	131385		-1514.39		271.329	271.329
50	133846		-1946.32		270.814	270.814
50	328366		1356.82		460.927	460.927
50	393080		923.423		469.206	469.206
50	130918		-1423.57		266.876	266.876
50	325030		1653.94		465.198	465.198
50	143468		5406.99		268.615	268.615
50	144318		4491.56		264.494	264.494
50	363244		1158.18		459.595	459.595
50	354753		1271.96		449.015	449.015
50	139981		-11494.2		268.54	268.54
50	339322		1371.77		455.229	455.229
50	137151		-3686.51		263.929	263.929
50	272374		5235.63		448.022	448.022
50	137593		-4469.86		266.326	266.326
50	264814		23330.6		448.261	448.261
50	138509		-7489.71		264.946	264.946
50	285994		4149.34		441.387	441.387
50	141579		20133.9		265.368	265.368
50	141716		16080.4		270.224	270.224
50	288294		3541.92		437.595	437.595
50	279475		4638.63		436.24	436.24
50	142414		9282.08		266.895	266.895
50	149471		2087.64		266.222	266.222
50	304603		2254.66		432.421	432.421
50	154343		1306.54		267.502	267.502
50	279026		5281.71		427.104	427.104
50	254475		-73518.2		439.858	439.858
50	154396		1256.98		264.859	264.859
50	274785		3278.89		419.23	419.23
50	156882		1103.11		263.604	263.604
50	254559		7153.51		395.824	395.824
50	157961		1038.91		260.509	260.509
50	256723		4900.49		393.305	393.305
50	158493		960.907		257.128	257.128
50	255171		5393.97		395.512	395.512
50	159493		920.119		260.95	260.95
50	263797		4609.31		397.135	397.135
50	163583		780.178		262.024	262.024
50	285375		2383.04		418.526	418.526
50	163169		814.371		266.596	266.596
50	311544		1681.94		432.352	432.352
50	161170		926.545		262.926	262.926
50	159546		1051.28		271.32	271.32
50	308166		1693.35		434.972	434.972
50	321464		1472.82		435.764	435.764
50	154229		1554.45		266.617	266.617
50	155162		1427.66		262.661	262.661
50	318254		1543.29		430.413	430.413
50	159866		1032.97		264.134	264.134
50	307000		1800.83		426.556	426.556
50	156231		1257.36		258.271	258.271
50	297545		2097.31		419.29	419.29
50	303091		1979.58		421.348	421.348
50	157806		1096.55		261.854	261.854
50	303432		2147.27		422.405	422.405
50	154889		1322.57		256.651	256.651
50	154466		1300.96		258.676	258.676
50	299353		2738.18		415.177	415.177
50	280062		4948.6		432.152	432.152
50	152798		1438.96		255.61	255.61
50	305630		2289.74		447.925	447.925
50	153634		1329.68		264.277	264.277
50	300027		2365.21		461.623	461.623
50	158577		1020.85		260.484	260.484
50	157761		1061.93		255.565	255.565
50	313802		1615.23		454.761	454.761
50	305456		1742.36		429.566	429.566
50	158171		1013.75		256.359	256.359
50	306751		1701.52		427.393	427.393
50	157800		1020.72		257.729	257.729
50	332836		1331.44		424.309	424.309
50	158404		997.255		258.916	258.916
50	396603		946.537		423.057	423.057
50	160220		939.524		261.565	261.565
50	157165		1129.73		266.156	266.156
50	385541		1013.05		420.419	420.419
50	506553		719.981		419.068	419.068
50	161745		920.221		268.213	268.213
50	493618		748.258		422.367	422.367
50	165056		789.383		265.61	265.61
50	559773		657.846		417.554	417.554
50	166850		755.092		265.412	265.412
50	577309		658.676		415.733	415.733
50	176711		576.68		271.868	271.868
50	552710		672.662		433.721	433.721
50	177235		568.034		270.204	270.204
50	575459		641.438		446.485	446.485
50	178547		551.384		267.172	267.172
50	516540		742.692		445.189	445.189
50	185933		481.137		268.082	268.082
50	452777		850.046		433.115	433.115
50	173354		611.419		266.894	266.894
50	510568		705.536		416.06	416.06
50	184915		467.64		269.631	269.631
50	477551		769.069		414.931	414.931
50	180399		500.317		266.392	266.392
50	475174		754.582		407.102	407.102
50	184477		454.202		268.293	268.293
50	481708		740.546		401.506	401.506
50	185819		442.785		264.025	264.025
50	508789		691.487		399.307	399.307
50	180146		489.347		260.406	260.406
50	483745		728.485		418.931	418.931
50	180435		487.696		261.752	261.752
50	569763		615.796		421.09	421.09
50	178504		517.71		270.834	270.834
50	613787		613.622		420.466	420.466
50	182390		483.03		276.635	276.635
50	760453		548.294		416.994	416.994
50	194376		400.425		278.292	278.292
50	1.17693e+06		476.685		434.218	434.218
50	206051		355.369		282.423	282.423
50	1.23427e+06		459.725		449.92	449.92
50	208176		352.862		277.703	277.703
50	1.92022e+06		414.419		443.061	443.061
50	221685		312.907		275.931	275.931
50	1.48488e+06		439.665		442.243	442.243
50	207440		356.187		272.324	272.324
50	1.73587e+06		433.613		435.538	435.538
50	216988		326.948		268.302	268.302
50	1.77747e+06		430.116		452.213	452.213
50	207329		358.673		269.997	269.997
50	198276		397.28		271.328	271.328
50	1.29047e+06		452.227		446.755	446.755
50	3.62718e+06		380.266		458.907	458.907
50	182038		519.268		276.882	276.882
50	186788		479.951		292.405	292.405
50	5.03239e+07		358.192		444.345	444.345
50	2.03802e+06		416.793		439.699	439.699
50	190025		460.787		289.983	289.983
50	182299		532.936		290.384	290.384
50	1.39548e+06		448.972		431.425	431.425
50	1.71174e+06		436.988		432.255	432.255
50	180695		572.336		290.927	290.927
50	182315		558.251		283.642	283.642
50	1.70362e+06		435.728		425.112	425.112
50	1.73715e+06		436.387		422.005	422.005
50	178616		605.451		285.386	285.386
50	176096		649.887		280.414	280.414
50	1.41572e+06		457.094		418.875	418.875
50	2.10638e+06		412.595		410.599	410.599
50	165388		919.726		283.333	283.333
50	166686		861.762		280.488	280.488
50	1.41304e+06		451.484		412.831	412.831
50	1.33667e+06		453.636		429.524	429.524
50	171805		726.115		280.69	280.69
50	1.22445e+06		463.53		426.748	426.748
50	170026		763.456		278.427	278.427
50	1.45085e+06		440.907		419.972	419.972
50	163564		985.928		273.286	273.286
50	1.01658e+06		479.575		432.185	432.185
50	169815		782.305		271.217	271.217
50	940853		483.116		446.441	446.441
50	172657		727.345		271.013	271.013
50	691706		527.063		446.179	446.179
50	169813		774.569		267.319	267.319
50	373499		907.322		461.534	461.534
50	173892		696.938		265.921	265.921
50	178203		628.287		260.892	260.892
50	386281		798.064		457.229	457.229
50	360737		866.316		429.775	429.775
50	178049		629.005		260.229	260.229
50	359730		867.612		427.088	427.088
50	177865		620.475		258.734	258.734
50	343387		972.658		442.474	442.474
50	184774		536.213		259.119	259.119
50	347621		975.905		438.98	438.98
50	179231		593.473		259.792	259.792
50	355460		947.372		437.796	437.796
50	188361		498.962		265.779	265.779
50	359254		929.271		435.696	435.696
50	188551		502.36		269.88	269.88
50	315520		1319.91		435.912	435.912
50	177683		622.74		271.712	271.712
50	326533		1243.8		427.967	427.967
50	180900		582.108		270.254	270.254
50	300153		1764.2		427.435	427.435
50	175743		650.844		272.521	272.521
50	301789		1723.75		422.916	422.916
50	176791		635.56		269.72	269.72
50	290139		2141.94		425.207	425.207
50	176271		643.812		272.698	272.698
50	173996		700.303		282.49	282.49
50	304340		1476.66		418.504	418.504
50	181326		601.051		279.459	279.459
50	311274		1280.79		409.895	409.895
50	302788		1403.86		423.747	423.747
50	181310		602.157		277.552	277.552
50	335921		998.42		440	440
50	180162		637.569		278.509	278.509
50	336269		995.743		436.541	436.541
50	187550		556.43		279.234	279.234
50	305156		1437.23		451.709	451.709
50	183598		614.078		285.54	285.54
50	185871		597.405		289.671	289.671
50	335362		1089.6		447.822	447.822
50	348503		1031.35		439.117	439.117
50	182077		661.561		289.548	289.548
50	337301		1117.85		438.285	438.285
50	183086		647.854		296.21	296.21
50	374687		888.288		426.371	426.371
50	186685		607.452		289.776	289.776
50	362108		916.472		429.066	429.066
50	188609		588.874		296.246	296.246
50	367879		876.502		442.742	442.742
50	190013		572.263		293.191	293.191
50	189839		586.813		291.677	291.677
50	353847		963.747		443.703	443.703
50	357879		941.875		438.809	438.809
50	185306		632.407		287.173	287.173
50	330517		1171.14		437.45	437.45
50	181572		693.25		282.686	282.686
50	326576		1235.76		448.9	448.9
50	178793		729.714		277.896	277.896
50	169696		940.945		271.5	271.5
50	325407		1149.86		444.509	444.509
50	339397		972.015		456.154	456.154
50	169352		936.509		270.872	270.872
50	318984		1136.43		452.497	452.497
50	168255		930.47		270.09	270.09
50	342038		950.188		444.785	444.785
50	173830		771.559		263.938	263.938
50	488114		601.716		441.008	441.008
50	174451		758.054		260.386	260.386
50	169885		872.353		257.156	257.156
50	420184		729.017		435.939	435.939
50	645364		513.795		431.282	431.282
50	171843		829.698		251.915	251.915
50	170303		863.221		251.835	251.835
50	661526		512.541		444.67	444.67
50	662716		513.331		442.627	442.627
50	174625		738.505		253.563	253.563
50	639778		529.761		441.784	441.784
50	179229		651.037		249.559	249.559
50	622431		539.521		433.645	433.645
50	174720		716.862		249.452	249.452
50	569112		569.459		431.095	431.095
50	173079		734.274		252.323	252.323
50	464196		702.208		430.311	430.311
50	174286		702.77		249.261	249.261
50	171866		727.6		244.637	244.637
50	446411		774.355		421.051	421.051
50	498640		675.434		415.978	415.978
50	171246		747.65		245.118	245.118
50	516032		618.352		413.516	413.516
50	172597		704.439		261.362	261.362
50	511306		593.335		404.742	404.742
50	174018		680.071		271.52	271.52
50	466248		633.346		383.675	383.675
50	175181		668.797		280.985	280.985
50	654527		482.83		375.395	375.395
50	180008		600.523		293.209	293.209
50	506737		585.482		370.659	370.659
50	179285		610.874		305.271	305.271
50	554134		564.125		370.84	370.84
50	183484		558.783		300.336	300.336
50	461180		676.341		368.039	368.039
50	175964		655.031		295.439	295.439
50	419939		773.205		354.223	354.223
50	177088		637.117		291.616	291.616
50	442440		717.28		377.62	377.62
50	182043		560.585		289.209	289.209
50	437337		724.726		397.975	397.975
50	173068		695.126		286.281	286.281
50	425974		740.099		413.634	413.634
50	170776		763.915		284.537	284.537
50	416389		740.24		417.176	417.176
50	171089		762.859		280.172	280.172
50	416558		729.138		395.272	395.272
50	168375		852.68		277.083	277.083
50	366280		849.916		409.327	409.327
50	165632		931.476		272.28	272.28
50	382736		742.04		411.687	411.687
50	170195		769.677		270.284	270.284
50	385489		699.208		399.186	399.186
50	171074		727.919		266.337	266.337
50	394680		648.685		378.006	378.006
50	167040		815.188		260.853	260.853
50	364640		691.885		398.744	398.744
50	166295		819.826		260.945	260.945
50	164422		860.683		257.165	257.165
50	307550		964.547		390.405	390.405
50	279348		1267.29		397.754	397.754
50	166641		782.048		257.532	257.532
50	279199		1339.25		399.995	399.995
50	158065		1086.27		257.693	257.693
50	279686		1318.54		399.403	399.403
50	159231		991.862		256.204	256.204
50	275221		1377.95		400.742	400.742
50	159262		939.006		258.138	258.138
50	277225		1343.22		402.275	402.275
50	157565		991.052		255.574	255.574
50	262891		1634.2		421.543	421.543
50	160630		851.449		255.733	255.733
50	257584		1959.27		415.773	415.773
50	166703		672.61		257.748	257.748
50	164449		708.238		260.635	260.635
50	253020		2160.21		414.925	414.925
50	258592		1865.99		430.675	430.675
50	164830		705.191		263.274	263.274
50	221562		18394		441.262	441.262
50	159744		819.513		259.907	259.907
50	234298		3590.26		422.476	422.476
50	161029		775.723		260.86	260.86
50	217029		14092.1		404.98	404.98
50	154378		972.166		258.491	258.491
50	216522		7264.96		409.021	409.021
50	153841		961.114		254.199	254.199
50	203557		-16071.9		428.718	428.718
50	159244		767.405		255.447	255.447
50	237936		1925.38		421.656	421.656
50	174578		508.17		249.714	249.714
50	224687		3453.22		424.871	424.871
50	170192		560.918		259.395	259.395
50	224968		4469.61		422.085	422.085
50	177207		490.847		255.75	255.75
50	231069		3928.67		419.015	419.015
50	177516		488.373		256.042	256.042
50	175852		510.785		257.166	257.166
50	226965		5658		420.119	420.119
50	212775		-14441.2		419.087	419.087
50	166189		629.935		267.194	267.194
50	161273		707.903		265.889	265.889
50	227115		5951.86		413.706	413.706
50	224653		7895.48		414.005	414.005
50	158918		785.696		262.644	262.644
50	205060		-4621.92		411.575	411.575
50	147872		1336.39		260.039	260.039
50	222348		11342.2		426.384	426.384
50	149291		1206.68		269.453	269.453
50	208069		-8811.74		418.007	418.007
50	149967		1159.77		277.373	277.373
50	146880		1425.32		285.658	285.658
50	208282		-21810.3		409.894	409.894
50	210461		25548.5		412.966	412.966
50	153398		995.171		278.021	278.021
50	211996		13373.5		412.64	412.64
50	159143		799.582		274.864	274.864
50	207733		183680		419.236	419.236
50	160279		756.997		281.817	281.817
50	224249		3490.44		413.211	413.211
50	173486		541.554		282.591	282.591
50	227916		3561.29		414.577	414.577
50	166291		644.936		279.525	279.525
50	226567		5297.19		406.661	406.661
50	170165		584.793		278.034	278.034
50	240280		3168.36		403.273	403.273
50	168160		615.84		279.869	279.869
50	241225		3471.77		402.591	402.591
50	164055		686.031		285.076	285.076
50	160297		763.529		279.352	279.352
50	234023		9281.78		395.252	395.252
50	264000		2175.78		392.083	392.083
50	159448		786.146		277.474	277.474
50	149783		1324.76		283.68	283.68
50	271215		1741.69		391.147	391.147
