10.4592	2.26099 3 720 
6.50182	2.26099 4 720 
7.41181	6.6913 4 720 
6.97838	6.33816 4 720 
7.12804	6.82878 4 720 
6.99433	7.23872 4 720 
7.19141	6.55889 4 720 
6.99556	6.53697 4 720 
7.12347	6.6741 4 720 
7.18066	6.67261 4 720 
7.16542	6.49185 4 720 
6.97172	6.85923 4 720 
7.31503	6.64613 4 720 
5.73836	6.46914 3 720 
5.90134	5.5754 3 720 
5.89611	5.66651 3 720 
5.81712	5.63565 3 720 
5.8289	5.58688 3 720 
5.96836	5.58475 3 720 
5.75361	5.52762 3 720 
5.8542	5.59101 3 720 
5.98699	5.55741 3 720 
5.5872	5.52891 3 720 
6.00271	5.63887 3 720 
5.75953	5.53734 3 720 
5.89346	5.58905 3 720 
5.8824	5.50166 3 720 
5.7346	5.48762 3 720 
6.0327	5.65087 3 720 
5.84572	5.49765 3 720 
5.88089	5.53366 3 720 
5.69521	5.50338 3 720 
5.99347	5.61551 3 720 
5.79432	5.47998 3 720 
5.71098	5.48305 3 720 
5.90464	5.52352 3 720 
5.74087	5.54525 3 720 
5.59029	5.48934 3 720 
5.8415	5.39577 3 720 
5.81795	5.53182 3 720 
5.90397	5.59723 3 720 
5.70393	5.58571 3 720 
6.04364	5.57987 3 720 
5.79721	5.4096 3 720 
5.91834	5.61332 3 720 
5.72099	5.51342 3 720 
5.89209	5.58166 3 720 
5.92449	5.6287 3 720 
5.87381	5.60053 3 720 
5.73462	5.58033 3 720 
5.87895	5.64373 3 720 
5.9004	5.51849 3 720 
6.03566	5.60247 3 720 
5.61243	5.44657 3 720 
6.07774	5.52153 3 720 
5.68748	5.49499 3 720 
5.68114	5.55262 3 720 
6.0024	5.53746 3 720 
5.76791	5.52191 3 720 
6.0481	5.63642 3 720 
5.87638	5.56568 3 720 
5.7597	5.54868 3 720 
6.02228	5.5956 3 720 
5.76613	5.56482 3 720 
5.85752	5.5564 3 720 
5.97394	5.55031 3 720 
5.84757	5.51771 3 720 
5.83854	5.54774 3 720 
5.79209	5.57165 3 720 
6.0142	5.60101 3 720 
5.83412	5.4733 3 720 
5.99122	5.58468 3 720 
5.76769	5.55692 3 720 
5.87712	5.60168 3 720 
5.95202	5.59138 3 720 
6.02512	5.5706 3 720 
5.54226	5.47379 3 720 
6.08743	5.62825 3 720 
5.74923	5.51859 3 720 
5.84974	5.54909 3 720 
5.93961	5.53292 3 720 
6.10174	5.59866 3 720 
5.71552	5.47782 3 720 
6.22171	5.57407 3 720 
5.68544	5.65633 3 720 
5.75459	5.6081 3 720 
5.68564	5.48403 3 720 
5.93109	5.30018 3 720 
5.87152	5.53993 3 720 
5.8076	5.48528 3 720 
5.97756	5.57697 3 720 
5.84134	5.5164 3 720 
5.83701	5.55669 3 720 
5.86801	5.5572 3 720 
5.9362	5.57334 3 720 
5.69461	5.54019 3 720 
6.04458	5.58621 3 720 
5.88396	5.58654 3 720 
5.71299	5.5552 3 720 
6.14394	5.63943 3 720 
5.64819	5.46719 3 720 
6.09559	5.66335 3 720 
5.89055	5.5073 3 720 
5.73753	5.48363 3 720 
5.87715	5.63985 3 720 
6.07203	5.48706 3 720 
5.705	5.56018 3 720 
5.94361	5.70215 3 720 
6.1504	5.56963 3 720 
5.64924	5.60014 3 720 
5.88124	5.68117 3 720 
5.79655	5.56627 3 720 
5.95957	5.48774 3 720 
5.94286	5.58783 3 720 
5.89617	5.56744 3 720 
5.91127	5.60381 3 720 
5.88952	5.54624 3 720 
5.97793	5.57321 3 720 
5.72472	5.60487 3 720 
6.01565	5.61924 3 720 
5.73134	5.5792 3 720 
5.85738	5.5857 3 720 
5.91758	5.48207 3 720 
5.93825	5.59279 3 720 
5.76837	5.60461 3 720 
5.94654	5.66353 3 720 
6.06298	5.60751 3 720 
5.79937	5.46766 3 720 
5.98712	5.62649 3 720 
5.79411	5.53029 3 720 
5.972	5.63178 3 720 
5.87042	5.52445 3 720 
5.88853	5.60011 3 720 
5.72506	5.55776 3 720 
5.89102	5.59069 3 720 
5.72068	5.52647 3 720 
5.84201	5.41071 3 720 
5.91927	5.63727 3 720 
5.71711	5.5701 3 720 
6.02504	5.52958 3 720 
5.90845	5.59679 3 720 
5.74304	5.53308 3 720 
5.85685	5.593 3 720 
5.91112	5.56205 3 720 
5.92582	5.59192 3 720 
5.9855	5.57411 3 720 
5.85165	5.57466 3 720 
5.89861	5.57631 3 720 
5.86295	5.47535 3 720 
5.77169	5.54715 3 720 
5.98622	5.62021 3 720 
5.53575	5.42155 3 720 
5.88136	5.48262 3 720 
5.96879	5.53099 3 720 
5.94673	5.59456 3 720 
5.8837	5.56213 3 720 
5.98317	5.58871 3 720 
5.67116	5.48688 3 720 
5.88668	5.62199 3 720 
6.00897	5.56625 3 720 
5.7727	5.50143 3 720 
5.8119	5.55031 3 720 
6.11735	5.61147 3 720 
5.71686	5.52034 3 720 
6.04207	5.62814 3 720 
5.78918	5.52082 3 720 
5.9374	5.57919 3 720 
5.63919	5.50441 3 720 
6.00502	5.47701 3 720 
5.75952	5.54719 3 720 
5.81251	5.61628 3 720 
6.05854	5.49404 3 720 
5.63689	5.52096 3 720 
6.00605	5.5904 3 720 
5.82002	5.57379 3 720 
5.8267	5.5096 3 720 
5.89865	5.58195 3 720 
5.93186	5.56788 3 720 
5.83712	5.50339 3 720 
5.94426	5.58326 3 720 
5.90648	5.55896 3 720 
5.77811	5.5243 3 720 
6.06408	5.60208 3 720 
5.94334	5.54635 3 720 
5.89019	5.50834 3 720 
5.81196	5.45908 3 720 
6.06203	5.58054 3 720 
5.78899	5.55568 3 720 
5.91942	5.51751 3 720 
5.92805	5.54299 3 720 
5.84517	5.46432 3 720 
5.76125	5.58423 3 720 
5.76401	5.52365 3 720 
5.90714	5.49343 3 720 
5.66291	5.56399 3 720 
5.96215	5.54143 3 720 
5.84323	5.50293 3 720 
5.88739	5.61111 3 720 
5.95673	5.56258 3 720 
5.82228	5.55388 3 720 
5.77148	5.49054 3 720 
5.91561	5.44127 3 720 
5.89232	5.53592 3 720 
5.96614	5.57721 3 720 
5.74643	5.58644 3 720 
5.84209	5.54046 3 720 
6.002	5.58113 3 720 
5.69824	5.46793 3 720 
5.9801	5.61056 3 720 
5.75899	5.50967 3 720 
5.92596	5.59486 3 720 
5.69733	5.50673 3 720 
5.80871	5.55164 3 720 
6.04777	5.51843 3 720 
5.75859	5.47265 3 720 
5.91841	5.55924 3 720 
5.72981	5.51448 3 720 
5.9766	5.51549 3 720 
5.75605	5.60392 3 720 
5.8817	5.56264 3 720 
5.91955	5.49437 3 720 
5.90985	5.58214 3 720 
5.95693	5.62168 3 720 
5.85537	5.51969 3 720 
5.99304	5.61832 3 720 
5.89966	5.57855 3 720 
6.05739	5.57998 3 720 
5.70663	5.54874 3 720 
5.92875	5.61594 3 720 
5.90302	5.56644 3 720 
5.95047	5.55675 3 720 
5.92595	5.59839 3 720 
5.68784	5.49297 3 720 
5.99144	5.5298 3 720 
5.72406	5.61918 3 720 
5.84733	5.4002 3 720 
5.78374	5.49928 3 720 
6.07546	5.53598 3 720 
5.7323	5.55984 3 720 
5.95731	5.62637 3 720 
5.95722	5.50225 3 720 
5.71597	5.51968 3 720 
5.8511	5.50297 3 720 
6.04293	5.53104 3 720 
5.80153	5.48737 3 720 
5.86213	5.6147 3 720 
5.81378	5.59647 3 720 
5.91221	5.51711 3 720 
5.92093	5.61773 3 720 
5.88873	5.55502 3 720 
5.81262	5.62165 3 720 
5.94077	5.5315 3 720 
5.84546	5.57528 3 720 
6.02099	5.48326 3 720 
5.77931	5.49676 3 720 
6.12115	5.51887 3 720 
5.6103	5.44611 3 720 
6.0387	5.63262 3 720 
5.73283	5.49819 3 720 
5.7189	5.49217 3 720 
6.04604	5.65119 3 720 
5.87477	5.4495 3 720 
5.82742	5.6139 3 720 
6.01085	5.57437 3 720 
5.91277	5.50517 3 720 
5.6972	5.53376 3 720 
5.88546	5.45251 3 720 
6.10989	5.54716 3 720 
5.83694	5.50412 3 720 
5.87783	5.56931 3 720 
5.70597	5.46135 3 720 
5.88101	5.60678 3 720 
5.77038	5.47084 3 720 
5.94752	5.61927 3 720 
5.79102	5.43148 3 720 
5.81594	5.65165 3 720 
6.035	5.5166 3 720 
5.61971	5.48045 3 720 
6.16651	5.63781 3 720 
5.81911	5.45277 3 720 
5.78176	5.62648 3 720 
5.94323	5.50909 3 720 
5.88245	5.49056 3 720 
5.94471	5.52819 3 720 
5.6824	5.49832 3 720 
5.86962	5.48327 3 720 
5.7079	5.51387 3 720 
5.89382	5.51948 3 720 
5.90323	5.49897 3 720 
5.63256	5.55667 3 720 
5.95382	5.51162 3 720 
5.74556	5.47043 3 720 
5.96578	5.52844 3 720 
5.94746	5.49078 3 720 
5.82129	5.55334 3 720 
5.833	5.51097 3 720 
5.79937	5.44037 3 720 
5.79813	5.53324 3 720 
