2	602483		3530.96		837.659	3.76479e+06
2	1.12087e+06		1364.42		734.172	2.89616e+06
3	495010		6437.64		813.429	3.80851e+06
3	1.05978e+06		1364.42		771.113	3.03418e+06
4	369590		-12069.6		765.661	3.51868e+06
4	1.17238e+06		1058.06		809.187	3.39924e+06
5	329904		-4642.3		728.464	3.40306e+06
5	610027		2277.78		829.048	3.5212e+06
6	366595		-9521.84		680.444	3.44883e+06
6	795707		1420.87		815.192	3.45581e+06
7	695991		1766.55		761.752	3.39726e+06
7	369159		-7319.02		700.635	3.40665e+06
8	400748		-23103.5		663.445	3.48894e+06
8	678492		1949.5		769.576	3.42029e+06
9	679817		1930.85		729.135	3.3162e+06
9	389030		31729.1		666.995	3.45449e+06
10	351270		-17030.3		642.808	3.5551e+06
10	715747		1628.93		761.078	3.31753e+06
11	329762		-6640.92		618.567	3.5741e+06
11	412199		-15541.9		752.244	3.28945e+06
12	318521		-4988.84		603.202	3.81006e+06
12	414146		185597		753.545	3.34249e+06
13	331544		-6952.45		591.849	3.77245e+06
13	454925		5834.88		776.957	3.33695e+06
14	316149		-4803.48		594.408	3.75499e+06
14	673390		1415.93		771.741	3.3438e+06
15	406276		-1.41259e+07		769.899	3.38899e+06
15	315846		-3722.67		607.529	3.69619e+06
16	328880		-4703.72		597.106	3.65958e+06
16	416542		54145.1		770.566	3.3764e+06
17	498100		3311.97		751.089	3.42916e+06
17	328558		-3972.84		608.713	3.64197e+06
18	341424		-5218.83		597.546	3.62912e+06
18	533006		2649.54		754.335	3.43734e+06
19	580237		2057.08		739.828	3.43601e+06
19	340756		-4475.16		609.505	3.61394e+06
20	354035		-6196.16		598.716	3.62845e+06
20	611461		1884.83		741.809	3.4448e+06
21	637366		1730.22		729.093	3.42714e+06
21	353393		-5138.14		610.47	3.60767e+06
22	363879		-6472.52		593.033	3.24695e+06
22	645632		1753.18		737.255	3.08451e+06
23	657537		1696.21		707.458	2.7761e+06
23	363735		-5746.72		615.649	2.92233e+06
24	375751		-7888.88		596.142	2.63014e+06
24	652514		1791.13		716.986	2.49857e+06
25	662809		1737.21		689.02	2.24876e+06
25	375579		-7056.24		617.984	2.36721e+06
26	388149		-10577.7		599.76	2.13053e+06
26	662225		1816.13		698.254	2.02396e+06
27	662225		1816.13		679.52	1.82161e+06
27	387679		-9093.08		623.256	1.91756e+06
28	402846		-18739.4		601.308	1.72585e+06
28	640608		2743.57		692.05	1.63953e+06
29	640565		2742.43		672.695	1.47563e+06
29	402718		-15173.7		622.834	1.55334e+06
30	421282		-200106		605.41	1.39805e+06
30	642050		2696.24		686.584	1.32815e+06
31	643865		2673.83		668.153	1.19538e+06
31	423538		-179638		625.855	1.25833e+06
32	644854		2021.36		608.563	1.13254e+06
32	644564		2653.91		684.461	1.07593e+06
33	646250		2632.53		664.287	968383
33	644851		2021.45		629.752	1.01937e+06
34	644848		2021.51		640.075	917506
34	645157		2667.49		675.077	871622
35	646573		2648.71		656.705	784509
35	645364		2007.96		654.847	825834
36	647153		1996.77		638.575	743300
36	644311		2725.09		670.501	706138
37	645962		2721.06		654.388	635575
37	648880		1961.28		655.292	669050
38	651209		1949.57		636.566	602192
38	646105		2713.7		664.681	572093
39	648183		2688.55		647.349	514933
39	651116		1951.58		652.526	542053
40	653000		1939.94		631.2	487891
40	648233		2686.92		659.555	463516
41	650152		2640.82		641.692	417213
41	652573		1947.84		646.602	439181
42	652588		1947.65		632.609	395313
42	651092		2608.65		651.575	375566
43	652456		2595.56		633.788	338056
43	652649		1946.58		650.335	355863
44	654511		1934.89		631.048	320322
44	652916		2579.2		647.637	304328
45	654478		2557.58		632.794	273945
45	655439		1917.66		647.409	288370
46	657066		1908.13		625.579	259576
46	656143		2514.17		648.897	246630
47	657423		2499.92		630.921	222014
47	657172		1907.48		661.83	233717
48	658766		1899.09		643.44	210393
48	658485		2475.1		645.767	199890
49	659274		2468.64		632.405	179953
49	660468		1878		658.292	189433
50	658481		1890.56		629.329	170526
50	660021		2450.52		644.32	162032
50	662236		2411.52		639.014	145888
50	658487		1890.5		654.532	153562
50	660628		1876.21		632.16	138249
50	662236		2411.52		635.562	131360
50	663098		2395.36		626.468	118278
50	660627		1876.22		638.916	124494
50	660627		1876.22		627.105	112097
50	663099		2395.35		644.399	106531
50	663100		2395.31		622.258	95920.4
50	662300		1851.24		639.907	100962
50	662486		2409.26		615.637	86383.9
50	663472		1837.06		649.716	90939.9
50	664589		1831.03		626.499	81887.7
50	662566		2413.54		635.034	77826.5
50	663971		2392.94		620.676	70093
50	664849		1832.57		654.94	73790
50	664864		1832.48		676.893	66498.5
50	663504		2403.76		635.066	63160.1
50	664867		2394.39		623.38	56896
50	664282		1838.29		686.163	59925.6
50	662235		1854.59		659.913	53975.4
50	664803		2395.75		641.312	51286.6
50	662674		2415.66		619.117	46199.9
50	661122		1869.39		674.257	48658.2
50	662416		1863.36		653.369	43838.9
50	662400		2421		636.902	41659.6
50	661243		2432.22		618.01	37538.4
50	662228		1866.3		668.713	39535.7
50	661044		1875.23		644.462	35624.7
50	662491		2405.35		638.103	33866.5
50	662482		2402.51		621.898	30527.4
50	662069		1866.94		661.741	32144
50	660280		1890.03		637.09	28971.1
50	663047		2414.08		638.034	27553
50	660090		2456.73		616.299	24839.8
50	662732		1866.98		652.244	26152.9
50	661242		1883.3		624.937	23575.5
50	662917		2408.84		635.85	22437
50	663484		2389.39		619.316	20240.3
50	664185		1857.76		643.703	21299.2
50	663725		1847.6		613.96	19203.9
50	663607		2394.4		635.666	18294.6
50	663928		2383.73		616.784	16509.8
50	664453		1838.72		633.17	17364.1
50	663571		1842.76		614.299	15672.2
50	666763		2342.71		636.164	14939.9
50	665552		2344.26		617.011	13490.4
50	665404		1825.13		633.31	14185.4
50	665586		1823.54		617.584	12814.4
50	668518		2298.88		636.013	12222
50	668103		2306.74		629.001	11056.4
50	665081		1826.27		624.571	11601.7
50	667062		1801.47		611.049	10490.5
50	667884		2308.72		639.423	10024.1
50	667462		2316.97		617.141	9063.35
50	669104		1788.33		649.962	9541.48
50	668506		2311.16		634.203	8235.79
50	670906		1765.61		664.368	8666.73
50	673348		1753.13		643.024	7845.15
50	666613		2348.1		649.477	7490.9
50	665113		2364.32		633.893	6791.18
50	673967		1743.2		655.775	7137.69
50	677936		1725.29		640.673	6474.39
50	664342		2379.21		650.094	6191.65
50	660350		2436.49		632.613	5620.01
50	677938		1725.28		674.73	5925.08
50	662231		2411.21		622.266	5110.92
50	677661		1727.94		687.925	5413.24
50	677857		1726.96		669.368	4922.15
50	661733		2418.26		636.766	4676.56
50	678081		1722.93		652.118	4479.62
50	664006		2367.01		631.061	4266.88
50	676576		1741.57		630.923	4075.68
50	663038		2369.08		636.325	3908.56
50	675117		1745.96		620.7	3720.98
50	662996		2368.36		631.98	3576.99
50	675493		1740.33		599.056	3389.31
50	661855		2374.69		636.758	3287.27
50	453026		5990.13		590.741	3101.97
50	676129		1253.85		627.071	3012.53
50	663467		1127.27		622.723	2769.63
50	439665		7767.28		584.136	2844.24
50	412855		35321.4		573.473	2607.57
50	672092		1029.49		620.006	2552.23
50	634522		1103.83		629.642	2368.64
50	415773		12886.3		578.779	2409.46
50	397717		791549		555.781	2203.4
50	642119		1042.93		630.857	2195.96
50	606960		1118.91		600.887	2009.48
50	402573		14451		581.055	2063.91
50	383658		-49515.7		567.069	1901.64
50	619614		1029.28		623.424	1891.15
50	569098		1157.84		613.076	1754.03
50	388136		25848.2		592.268	1793.38
50	380176		673639		564.378	1645.38
50	581857		1057.38		630.776	1657.64
50	519009		1277.67		611.923	1536.1
50	386038		11563		575.548	1548.45
50	368867		-2.70471e+06		568.635	1444.25
50	519557		1242.75		669.013	1500.77
50	378674		19934.1		546.484	1334.53
50	504089		1331.06		703.805	1452.39
50	476875		1561.19		677.303	1351.03
50	390078		7939.24		558.725	1267.97
50	386942		14775.1		561.053	1199.37
50	486860		1528.69		714.568	1320.92
50	388223		13549.4		557.448	1131.94
50	482892		1640.52		737.593	1283.31
50	479638		1691.52		708.375	1199.52
50	393571		7260.31		571.164	1088.2
50	489030		1616.88		691.515	1133.55
50	392895		7496.46		630.129	1095.46
50	371413		53315.4		605.807	1024.61
50	492072		1572.31		698.561	1096.39
50	380782		10523		595.755	972.677
50	476287		1736.98		732.551	1090.6
50	490042		1568.21		714.132	1036.37
50	376676		18815.6		618.29	957.519
50	380802		10538.6		631.184	936.491
50	474555		1753.61		716.792	1006.81
50	493323		1532.45		695.107	956.122
50	371416		25389		669.709	944.485
50	365506		28780.6		670.194	917.492
50	475364		1693.59		695.607	930.52
50	464835		1724.67		666.258	877.679
50	361086		23308.2		674.458	897.026
50	357713		19912.8		656.971	857.282
50	452120		1795.44		674.84	865.119
50	436386		1927.59		655.98	827.231
50	351359		24955.2		664.542	844.822
50	352470		13381.6		632.503	794.755
50	424263		2039.86		666.792	820.918
50	415217		2079.44		657.325	796.039
50	346821		14469.2		649.307	795.334
50	347232		9726.33		631.61	763.035
50	402807		2267.55		666.957	791.8
50	394058		2358.3		650.671	763.029
50	339396		13458.4		646.606	764.888
50	340161		8780.67		630.523	736.977
50	382161		2611.07		667.896	769.018
50	380753		2453.96		649.483	740.493
50	330650		14470.1		642.063	737.871
50	329877		10076.5		620.204	706.431
50	366132		2909.5		662.413	744.322
50	367819		2548.11		650.408	724.126
50	322104		15663.4		632.957	710.562
50	321808		9696.68		610.435	680.28
50	351062		3210.9		670.52	736.866
50	354638		2666.12		652.938	712.649
50	314389		14332.4		630.008	692.868
50	310179		52812.4		610.757	667.331
50	361455		2315.89		663.079	716.819
50	356733		2524.97		651.509	699.875
50	317146		9819		624.046	674.962
50	316427		8314.37		602.131	647.956
50	374361		1949.37		666.387	709.917
50	358839		2332.41		648.2	687.376
50	318759		4334.33		624.777	666.019
50	307514		6294.96		612.521	649.639
50	364271		1940.94		682.198	717.458
50	343786		2548.38		650.286	682.02
50	309502		3868.2		625.888	659.295
50	304597		3668.12		607.241	637.307
50	344970		2166.82		665.286	693.846
50	316550		2263.85		646.432	672.136
50	306214		2872.48		626.974	654.033
50	302740		3030.14		609.091	633.445
50	317304		2195.81		660.013	683.146
50	317672		2067.64		642.191	663.011
50	295644		3369.43		629.988	651.906
50	294559		3483.67		607.915	627.641
50	317246		2089.84		657.156	675.894
50	314243		2261.58		635.088	651.952
50	296608		3248.28		628.88	646.634
50	296172		3269.26		595.266	611.244
50	314092		2264.86		649.648	664.826
50	312526		2437.35		630.436	644.096
50	298867		3017.22		618.135	632.515
50	292954		3502.98		613.825	626.767
50	311420		2539.62		650.404	662.698
50	309943		2516.39		637.123	648.188
50	291400		3530.56		628.57	640.218
50	289535		3814.6		615.953	626.436
50	311375		2377.54		647.92	657.878
50	309703		2417.46		630.775	639.738
50	290071		3598.73		636.391	645.826
50	285596		4091.55		627.558	636.049
50	311023		2265.37		653.004	661.07
50	307716		2409.85		640.818	648.078
50	286172		3941.65		640.722	648.364
50	288187		3690.3		610.991	617.869
50	307729		2428.03		657.255	663.788
50	308081		2411.95		638.961	644.841
50	288119		3711.54		631.442	637.632
50	286129		4031.41		625.558	631.129
50	308017		2425.5		657.146	662.438
50	306335		2503.43		647.892	652.655
50	285692		4220.83		637.831	642.845
50	286142		4159.16		620.126	624.639
50	306017		2533.22		662.093	666.38
50	308108		2435.69		645.742	649.6
50	285346		4155.17		638.117	642.179
50	283812		4407.7		623.251	626.906
50	309852		2332.18		658.016	661.488
50	310360		2311.42		644.245	647.37
50	283806		4363.28		643.255	646.544
50	282632		4580.6		640.247	643.208
50	309865		2320.49		661.058	663.871
50	312842		2199.75		643.809	646.34
50	282825		4550.52		662.203	664.868
50	283217		4479.58		648.846	651.245
50	312567		2214.04		663.723	666.001
50	312770		2207.14		646.185	648.235
50	285226		4110.47		662.316	664.475
50	287535		3781.2		648.339	650.282
50	312578		2242.08		652.412	654.258
50	287535		3781.19		621.833	623.582
50	312578		2242.16		662.871	664.532
50	287261		3816.24		611.871	613.445
50	312027		2275.74		674.41	675.905
50	311831		2278.34		657.262	658.608
50	287305		3777.82		629.794	631.21
50	288050		3691.03		617.206	618.481
50	312204		2239.56		672.842	674.053
50	311062		2293.49		660.4	661.49
50	287839		3683.51		635.327	636.474
50	288504		3602.55		618.933	619.966
50	311186		2272.19		675.254	676.235
50	313289		2201.14		661.066	661.949
50	288878		3526.84		635.9	636.829
50	289483		3460.17		617.811	618.647
50	313303		2199.51		676.974	677.769
50	315007		2129.17		663.25	663.965
50	289034		3527.32		629.453	630.206
50	287332		3719.1		617.857	618.534
50	315760		2080.16		678.806	679.449
50	318543		1985.35		647.529	648.108
50	287254		3720.19		633.802	634.412
50	283710		4228.96		620.546	621.094
50	320359		1921.39		662.19	662.711
50	315238		2073.32		647.526	647.995
50	284020		4239.86		634.947	635.441
50	283467		4351.84		624.966	625.411
50	316296		2001.19		681.727	682.149
50	316212		2005.57		693.427	693.807
50	283907		4214.8		636.741	637.141
50	283309		4317.37		623.487	623.847
50	315694		2044.04		705.159	705.501
50	316202		2032.38		688.782	689.09
50	283312		4308.19		638.493	638.817
50	282640		4431.94		620.426	620.718
50	316348		2023.31		698.355	698.632
50	317465		1993.95		683.195	683.445
50	283328		4242.75		638.793	639.055
50	281074		4675.71		625.509	625.745
50	317398		2010.65		692.054	692.278
50	316943		2025.26		672.171	672.373
50	280917		4752.47		640.376	640.589
50	279768		5031.68		624.173	624.365
50	317348		2028.71		680.985	681.167
50	315315		2091.33		688.277	688.44
50	280227		4842.27		637.915	638.087
50	279207		5091.92		623.198	623.353
50	315450		2080.94		700.064	700.211
50	314751		2106.36		672.185	672.318
50	280738		4728.09		633.937	634.077
50	280462		4765.33		625.755	625.881
50	314410		2139.72		665.577	665.696
50	320789		1939.37		640.608	640.715
50	280243		4942.39		632.939	633.052
50	276584		5971.24		628.219	628.321
50	321230		1906.48		655.123	655.219
50	322341		1875.05		649.952	650.039
50	275893		6508.7		641.421	641.513
50	273719		7658.91		634.566	634.649
50	322963		1821.56		662.972	663.05
50	320881		1877.31		654.839	654.909
50	273777		7542.73		645.212	645.286
50	276161		6410.43		636.495	636.561
50	321114		1864.34		661.035	661.099
50	322189		1824.38		656.893	656.95
50	276116		6417.13		643.366	643.426
50	279322		5292.45		636.987	637.04
50	323995		1755.79		669.713	669.765
50	325825		1709.6		656.336	656.382
50	279002		5461.7		646.057	646.105
50	280605		5012.6		632.842	632.886
50	325191		1727.48		667.478	667.519
50	330656		1605.76		647.094	647.132
50	280368		5049.83		647.745	647.784
50	278550		5577.63		635.117	635.153
50	331900		1568.07		664.202	664.236
50	332679		1549.58		654.538	654.568
50	278868		5334.86		651.438	651.47
50	279008		5296.72		636.449	636.477
50	332674		1549.98		667.902	667.929
50	332414		1556.85		652.897	652.922
50	278034		5886.76		654.701	654.727
50	277498		6093.93		630.366	630.389
50	333160		1532.59		669.802	669.825
50	329730		1584.98		656.181	656.201
50	277487		6098.05		645.534	645.555
50	277103		6242.83		634.681	634.7
50	329888		1586.09		670.598	670.616
50	331025		1564.75		658.108	658.125
50	276819		6458.85		658.756	658.773
50	279396		5560.29		648.043	648.059
50	331034		1560.49		676.971	676.985
50	327537		1630.34		660.647	660.66
50	279875		5224.57		667.732	667.746
50	279005		5475.94		651.874	651.887
50	327716		1652.98		675.499	675.511
50	329431		1620.9		663.005	663.015
50	278840		5577.82		664.918	664.929
50	276697		6398.71		647.574	647.584
50	329927		1570.5		680.223	680.233
50	328019		1601.2		665.953	665.961
50	276430		6626.47		657.225	657.234
50	276047		6789.43		662.57	662.578
50	330234		1543.71		649.552	649.56
50	331510		1522.17		628.988	628.995
50	275944		6919.93		683.618	683.626
50	273998		8060.6		673.906	673.912
50	333103		1497.99		651.112	651.118
50	330214		1549.35		642.482	642.487
50	274662		7128.81		707.509	707.515
50	326760		1628.36		617.936	617.941
50	273301		7966.45		713.229	713.234
50	324154		1671.44		635.776	635.781
50	273093		8230.83		715.834	715.839
50	305366		7878.71		692.236	692.241
50	378989		1395.34		652.046	652.051
50	386716		1478.88		638.68	638.684
50	307164		15194.3		697.026	697.03
50	329945		4329.05		675.172	675.175
50	365896		2299.02		651.992	651.995
50	381040		1906.36		637.022	637.025
50	324313		7525.29		685.424	685.427
50	347997		3381.39		665.915	665.918
50	365384		2923.5		652.719	652.722
50	388763		2120.51		638.202	638.204
50	342009		4853.84		676.796	676.798
50	360625		3118.43		656.301	656.303
50	371602		3476.48		649.769	649.771
50	370371		3807.97		638.879	638.881
50	359089		3262.57		663.708	663.71
50	358216		3350.01		648.844	648.845
50	373878		3439.26		652.138	652.14
50	372444		3579.93		640.131	640.132
50	360784		3144.32		661.51	661.511
50	357274		3452.58		643.379	643.38
50	376156		3182.77		649.219	649.22
50	369807		3827.48		642.321	642.322
50	362522		3006.62		653.665	653.666
50	360906		3131.57		637.163	637.164
50	376051		3196.59		651.41	651.411
50	371344		3621.33		640.371	640.372
50	365139		2800.21		649.059	649.06
50	363326		2917.1		630.902	630.903
50	374752		3295.45		651.951	651.952
50	381759		2958.05		640.125	640.126
50	362132		2988.96		652.448	652.449
50	391776		2189.53		618.45	618.451
50	345969		4719.08		659.396	659.397
50	354639		3415.39		627.473	627.474
50	372167		2777.16		639.996	639.997
50	352894		5103.76		625.964	625.965
50	365297		2648.32		638.096	638.097
50	353309		3413.88		644.24	644.241
50	360766		3535.19		638.395	638.396
50	346403		6585.59		621.766	621.766
50	367155		2491.71		659.36	659.36
50	351651		3480.02		660.168	660.168
50	360746		3502.79		637.6	637.6
50	346464		6228.3		625.009	625.009
50	364173		2579.56		668.495	668.495
50	350150		3608.82		669.293	669.293
50	356312		3990.53		635.422	635.422
50	346944		6320.68		622.666	622.666
50	358901		2829.82		681.575	681.575
50	356572		3094.73		654.398	654.399
50	358904		3761.46		640.995	640.995
50	349885		5655.98		625.117	625.117
50	365585		2519.97		663.891	663.891
50	359938		2912.14		636.616	636.617
50	363751		3318.56		644.661	644.661
50	355671		4476.23		633.533	633.533
50	375057		2185.77		651.811	651.812
50	368328		2536.39		619.843	619.843
50	365283		3201.32		648.54	648.54
50	351874		5270.95		633.67	633.67
50	380300		2078.13		637.021	637.021
50	360040		2923.65		624.468	624.469
50	370794		2759.4		645.197	645.198
50	361219		3685.06		631.009	631.01
50	376888		2099.03		625.356	625.357
50	369424		3050.32		616.924	616.924
50	379030		1993.53		619.842	619.842
50	355084		4994.24		597.653	597.653
50	378245		1988.64		602.776	602.776
50	358221		2738.15		579.263	579.263
50	354728		5860.57		638.551	638.551
50	375988		2098.71		599.437	599.437
50	342890		44765.4		653.399	653.399
50	365545		5582.72		635.457	635.458
50	364950		2816.36		614.311	614.311
50	388467		2047.45		600.858	600.858
50	345821		-30981.7		650.913	650.913
50	369704		7664.31		634.233	634.233
50	376569		2730.59		615.91	615.911
50	409543		1832.21		605.434	605.434
50	355621		-58275.8		649.142	649.142
50	377413		8322.11		632.441	632.441
50	393691		2450.07		619.212	619.212
50	424101		1768.24		641.135	641.135
50	361855		-21387		644.981	644.981
50	356889		-11619		627.177	627.177
50	415020		2003.41		642.294	642.294
50	428032		1776.54		658.588	658.588
50	352922		-7430.9		641.706	641.706
50	361580		-13202.2		633.28	633.28
50	402621		2677.22		673.276	673.276
50	453361		1643.62		652.839	652.839
50	353902		-5466.07		643.616	643.616
50	378176		-30698.1		628.204	628.204
50	433415		2181.26		667.051	667.051
50	455773		1768.09		652.261	652.261
50	385980		-50831.9		646.755	646.755
50	392853		78389.9		636.203	636.203
50	456483		1754.91		663.165	663.165
50	457196		1742.74		642.753	642.753
50	395664		28211.8		649.589	649.589
50	399751		15848.9		632.55	632.551
50	457298		1736.32		654.896	654.896
50	452836		1804.09		640.914	640.914
50	400592		13673.4		650.91	650.91
50	400101		14260.7		635.616	635.616
50	454326		1777.44		653.277	653.277
50	448359		1877.81		640.155	640.155
50	400528		13246		653.721	653.721
50	400708		12993.1		642.205	642.205
50	454647		1772.44		648.805	648.805
50	450377		1841.16		636.598	636.598
50	400172		13208.6		654.596	654.596
50	406383		8675.04		639.428	639.428
50	456514		1730.98		647.568	647.568
50	456585		1729.27		637.495	637.495
50	405409		8922.88		653.06	653.06
50	407369		8044.59		640.759	640.759
50	457308		1714.84		648.261	648.261
50	459343		1687.44		635.193	635.193
50	406038		8458.25		654.954	654.954
50	409651		7085.05		642.141	642.141
50	457949		1699.41		645.807	645.807
50	414129		2524.6		654.688	654.688
50	418102		4269.49		638.303	638.303
50	410906		4878.29		659.952	659.952
50	409097		2751.19		666.72	666.72
50	408505		2777.52		649.811	649.811
50	411653		4717.98		667.514	667.514
50	413404		4489.07		652.864	652.864
50	410715		2667.78		661.291	661.291
50	431216		2055.24		643.638	643.638
50	418030		4741.68		665.514	665.514
50	423150		5203.93		654.729	654.729
50	422211		2380.94		665.076	665.076
50	417084		2761.11		673.756	673.756
50	440485		4101.03		664.643	664.643
50	437062		5659.84		651.695	651.695
50	434423		2432.42		683.047	683.047
50	442208		2472.68		669.034	669.034
50	457236		4373.35		665.081	665.081
50	454106		6370.88		643.67	643.67
50	465721		2133.75		673.788	673.788
50	472782		2244.31		656.318	656.318
50	474254		5708.59		658.034	658.034
50	671424		2317.62		640.132	640.132
50	508548		1925.28		670.074	670.074
50	756307		1314.93		650.142	650.142
50	671023		2325.38		657.625	657.625
50	671052		2325.66		641.296	641.296
50	754348		1323.75		660.277	660.277
50	748122		1340.39		640.893	640.893
50	670177		2342		652.498	652.498
50	671671		2327.58		641.251	641.251
50	749754		1333.42		654.231	654.231
50	755862		1317.34		640.779	640.779
50	671452		2332.52		655.395	655.395
50	673247		2316.77		647.952	647.952
50	755738		1314.68		656.324	656.324
50	754172		1318.84		641.848	641.848
50	672052		2338.69		667.467	667.467
50	672111		2339.63		653.599	653.599
50	752022		1328.03		653.214	653.214
50	749362		1335.19		638.636	638.636
50	671490		2351.29		667.749	667.749
50	670117		2364.2		651.789	651.789
50	752104		1322.99		648.135	648.135
50	670117		2364.2		664.928	664.928
50	752413		1321.16		660.266	660.266
50	670117		2364.2		649.658	649.658
50	752410		1321.17		664.648	664.648
50	752408		1321.18		656.662	656.662
50	669024		2386.08		687.867	687.867
50	668868		2387.89		668.654	668.654
50	753717		1313.74		665.659	665.659
50	755900		1308.66		651.774	651.774
50	670122		2365.55		681.233	681.233
50	669007		2378.01		657.371	657.371
50	757312		1301.76		660.685	660.685
50	756377		1303.95		645.407	645.407
50	668340		2391.05		671.477	671.477
50	666973		2406.01		651.386	651.386
50	756224		1304.72		656.729	656.729
50	751810		1315.9		637.177	637.177
50	668650		2375.03		669.323	669.323
50	666186		2400.21		659.932	659.932
50	749258		1326.71		649.127	649.127
50	749255		1326.72		652.689	652.689
50	666239		2398.66		666.884	666.884
50	666021		2400.37		668.245	668.245
50	753968		1308.82		646.786	646.786
50	755314		1305.46		646.128	646.128
50	665126		2422.01		670.909	670.909
50	757458		1296.34		641.077	641.077
50	665143		2421.56		679.456	679.456
50	665317		2417.21		670.725	670.725
50	756609		1298.04		653.328	653.328
50	756913		1298.42		645.846	645.846
50	664915		2419.96		680.487	680.487
50	664699		2425.94		674.496	674.496
50	762379		1285.15		645.167	645.167
50	765598		1275.52		631.826	631.826
50	666978		2399.59		688.315	688.315
50	665636		2426.29		679.669	679.669
50	765441		1275.76		646.431	646.431
50	435501		8447.86		631.137	631.137
50	667248		2408.43		705.383	705.383
50	667605		2400.66		699.011	699.011
50	436779		5656.52		646.785	646.785
50	405135		23292.9		638.224	638.224
50	606766		1530.15		709.096	709.096
50	596755		1488.2		683.792	683.792
50	409378		8523.4		660.795	660.795
50	387715		48202.9		645.041	645.041
50	581734		1430.98		664.243	664.243
50	363124		-9561.54		624.373	624.373
50	611238		1176.92		651.772	651.772
50	356305		-7610.22		599.18	599.18
50	614160		1099.95		670.055	670.055
50	338014		-3971.13		583.422	583.422
50	632390		990.432		682.755	682.755
50	332164		-3615.59		572.168	572.168
50	639447		939.253		709.265	709.265
50	338025		-4297.29		593.994	593.994
50	643001		926.017		723.706	723.706
50	601221		1003.93		711.948	711.948
50	347944		-9687.76		617.821	617.821
50	340113		-6516.19		636.576	636.576
50	604418		983.325		688.756	688.756
50	342120		-8250.86		655.562	655.562
50	578467		1058		671.874	671.874
50	333465		-5512.87		668.026	668.026
50	587262		1007.93		665.954	665.954
50	545568		1122.51		677.782	677.782
50	342580		-19236.4		684.751	684.751
50	329799		-6908.53		672.446	672.446
50	563175		1015.85		695.734	695.734
50	518905		1154.65		687.419	687.419
50	332783		-10640.1		652.404	652.404
50	492826		1233.25		686.986	686.986
50	332310		-24839.8		687.574	687.574
50	327033		-17781.1		672.792	672.792
50	483204		1236.66		719.893	719.893
50	470652		1247.46		704.446	704.446
50	327450		-2.63121e+06		688.365	688.365
50	322240		-63163.5		666.65	666.65
50	457219		1293.06		716.614	716.614
50	458580		1231.36		723.888	723.888
50	319772		65518.2		703.106	703.106
50	318081		29348.1		687.819	687.819
50	443851		1288.1		733.942	733.942
50	438404		1260.89		719.031	719.031
50	309850		-184386		699.87	699.87
50	307356		89974		685.271	685.271
50	424611		1322.95		729.764	729.764
50	422337		1275.64		716.218	716.218
50	298743		-29425.5		690.196	690.196
50	302983		20156.2		703.752	703.752
50	407087		1416.82		692.895	692.895
50	297862		202317		717.193	717.193
50	418145		1236.78		711.729	711.729
50	389408		1480.81		691.501	691.501
50	300661		9509.35		722.709	722.709
50	290775		57090		705.052	705.052
50	398628		1288.55		708.661	708.661
50	365522		1632.15		713.231	713.231
50	297040		5969.99		731.342	731.342
50	276592		3649.39		703.597	703.597
50	354886		1767.94		729.727	729.727
50	356795		1731.74		708.868	708.868
50	276458		3695.92		712.252	712.252
50	277030		3634.38		695.667	695.667
50	324124		1821.52		722.012	722.012
50	322959		1819.45		703.996	703.996
50	277514		3584		709.407	709.407
50	275824		3805.14		699.969	699.969
50	324703		1616.06		719.269	719.269
50	325354		1560.81		697.822	697.822
50	275830		3886.46		711.812	711.812
50	276349		3831.39		681.982	681.982
50	324744		1579.24		705.93	705.93
50	320061		1674.92		704.795	704.795
50	276502		3765.95		698.957	698.957
50	276507		3783.76		684.492	684.492
50	319842		1682.71		715.696	715.696
50	315709		1775.34		702.828	702.828
50	276366		3844.03		707.016	707.016
50	276703		3770.66		688.026	688.026
50	317288		1703.15		709.104	709.104
50	278589		3511.55		665.155	665.155
50	316293		1739.27		753.769	753.769
50	277759		3616.13		684.194	684.194
50	317300		1694.28		759.475	759.475
50	317697		1678.59		737.256	737.256
50	278010		3566.86		687.469	687.469
50	278445		3455.39		706.387	706.387
50	318225		1673.23		740.573	740.573
50	318721		1655.58		712.975	712.975
50	278167		3471.83		709.493	709.493
50	278420		3344.51		690.632	690.632
50	317320		1750.07		721.18	721.18
50	315615		1927.34		696.157	696.157
50	289311		2527		692.827	692.827
50	294950		2269.24		673.406	673.406
50	326616		2131.6		704.944	704.944
50	331870		1943.07		685.218	685.218
50	302144		2030.77		683.7	683.7
50	315488		2310.53		670.548	670.548
50	345323		2072.84		693.45	693.45
50	363269		1764.47		676.81	676.81
50	317936		2563.61		680.682	680.682
50	324354		2432.4		662.889	662.889
50	350006		2287.91		687.278	687.278
50	364074		2022.12		679.464	679.464
50	325677		2789.14		675.982	675.982
50	342034		2276.97		662.293	662.293
50	356672		2549.69		690.294	690.294
50	371132		2218.85		666.672	666.672
50	341802		2562.2		672.601	672.601
50	356122		2136.98		662.091	662.091
50	362450		2994.79		683.129	683.129
50	375770		2590.11		658.057	658.057
50	360035		2206.17		669.524	669.524
50	370314		1971.74		656.024	656.024
50	366202		3704.47		674.542	674.542
50	388387		2564.7		656.199	656.199
50	364086		2399.16		667.066	667.066
50	375827		2057.91		645.939	645.939
50	384988		2834.98		670.494	670.494
50	398938		2306.41		656.054	656.054
50	367549		2499.52		662.732	662.732
50	379353		2149.23		641.74	641.74
50	394859		2605.82		670.263	670.263
50	412571		2135.48		651.818	651.818
50	369026		2952.32		668.348	668.348
50	389955		2205.45		649.086	649.086
50	399960		2908.96		653.399	653.399
50	420801		2277.03		646.31	646.31
50	386153		2458.54		669.132	669.132
50	389869		2612.69		652.204	652.204
50	436919		2059.02		660.839	660.839
50	439502		2208.64		648.158	648.158
50	396721		2572.75		667.877	667.877
50	400297		2715.23		644.791	644.791
50	456862		2021.07		663.13	663.13
50	465533		2026.94		645.094	645.094
50	412160		2493.4		661.447	661.447
50	411883		2860.6		640.85	640.85
50	473858		1998.32		659.709	659.709
50	479009		2114.42		650.14	650.14
50	422491		2674.3		657.962	657.962
50	426443		2844.15		641.405	641.405
50	501010		1933.79		664.179	664.179
50	511741		1997.35		647.366	647.366
50	442844		2506.37		656.988	656.988
50	445207		2753.95		641.107	641.107
50	538499		1865.19		661.945	661.945
50	553509		1744.68		641.379	641.379
50	454069		2637.55		656.193	656.193
50	472512		2320.67		640.053	640.053
50	675779		2362.46		659.535	659.535
50	674593		2374.68		639.594	639.594
50	472356		2643.32		654.976	654.976
50	722901		1464.63		634.905	634.905
50	673434		2397.09		659.062	659.062
50	673280		2399.23		642.434	642.434
50	721569		1472.84		651.563	651.563
50	721568		1472.84		654.69	654.69
50	673580		2391.71		656.33	656.33
50	673146		2396.02		640.868	640.868
50	721570		1472.83		689.851	689.851
50	720877		1474.92		664.537	664.537
50	673321		2395.22		655.57	655.57
50	672536		2403.65		637.362	637.362
50	722926		1460.51		672.003	672.003
50	722926		1460.51		651.876	651.876
50	672537		2403.64		634.113	634.113
50	672536		2403.65		604.626	604.626
50	722926		1460.51		663.89	663.89
50	722926		1460.51		647.837	647.837
50	672536		2403.65		626.345	626.345
50	672536		2403.65		610.216	610.216
50	722926		1460.51		663.825	663.825
50	722926		1460.51		645.407	645.407
50	672536		2403.65		631.271	631.271
50	672536		2403.64		617.643	617.643
