10.6393	2.26099 3 720 
6.92299	7.00212 3 720 
7.13526	7.06429 3 720 
6.82601	6.9557 3 720 
7.01397	6.9316 3 720 
6.92891	7.20983 3 720 
6.88811	6.96647 3 720 
6.89352	6.88893 3 720 
6.77829	6.88718 3 720 
6.86693	6.81335 3 720 
6.84175	6.77093 3 720 
7.0063	6.85754 3 720 
7.19758	6.94104 3 720 
6.98266	6.94155 3 720 
7.00599	6.94289 3 720 
6.88928	6.89717 3 720 
6.93173	6.75018 3 720 
6.82058	6.94119 3 720 
7.07755	6.80848 3 720 
6.72734	6.74926 3 720 
6.78013	6.72621 3 720 
6.87978	6.82902 3 720 
6.74138	6.80791 3 720 
6.78981	6.95407 3 720 
7.13993	6.51444 3 720 
6.70628	6.99478 3 720 
6.6801	6.51932 3 720 
6.3716	6.45486 3 720 
6.95978	6.54637 3 720 
6.5215	6.68436 3 720 
6.60088	6.41488 3 720 
6.65282	6.3063 3 720 
6.94501	6.8452 3 720 
6.76859	6.69294 3 720 
6.82354	6.69565 3 720 
6.87592	6.9681 3 720 
6.94564	6.71021 3 720 
6.73652	6.96341 3 720 
6.93483	6.77265 3 720 
6.78598	6.97145 3 720 
7.01917	6.78834 3 720 
6.80704	6.85629 3 720 
7.13212	6.75603 3 720 
6.7806	6.63572 3 720 
7.10931	6.69786 3 720 
6.77103	6.99717 3 720 
7.166	6.77064 3 720 
6.93528	7.02245 3 720 
6.97341	6.78084 3 720 
6.88778	6.92728 3 720 
7.38464	6.94055 3 720 
6.93318	6.74005 3 720 
7.04755	6.64341 3 720 
6.81989	6.74414 3 720 
7.08166	6.99823 3 720 
6.76664	6.71429 3 720 
6.65195	6.90677 3 720 
6.87253	6.75637 3 720 
6.72953	6.4964 3 720 
7.05085	6.89733 3 720 
6.59047	6.87605 3 720 
6.65985	6.40705 3 720 
6.74608	6.61843 3 720 
6.70042	6.33984 3 720 
6.66874	6.73868 3 720 
6.84415	6.61545 3 720 
6.60261	6.67785 3 720 
6.81412	6.6043 3 720 
6.65683	6.77778 3 720 
7.10884	6.70021 3 720 
6.71545	6.64993 3 720 
6.88758	6.68038 3 720 
6.84268	6.58635 3 720 
6.85613	6.80733 3 720 
7.51051	6.76239 3 720 
6.69416	6.70565 3 720 
6.21367	6.147 3 720 
7.26056	5.97002 3 720 
6.79055	6.74552 3 720 
7.35555	6.76201 3 720 
6.87377	6.87756 3 720 
7.035	6.81421 3 720 
6.91693	6.47503 3 720 
7.33973	6.88058 3 720 
6.59972	6.85001 3 720 
7.21918	6.71715 3 720 
6.77614	7.05168 3 720 
6.95615	6.61431 3 720 
6.84563	6.77294 3 720 
6.84944	6.68016 3 720 
6.78905	6.86123 3 720 
7.00775	6.47413 3 720 
6.81285	6.91571 3 720 
6.73675	6.62212 3 720 
6.76402	6.60066 3 720 
6.76667	6.66487 3 720 
6.94852	6.87851 3 720 
6.92317	6.53274 3 720 
6.75801	6.66983 3 720 
7.11435	6.97822 3 720 
6.60612	6.47813 3 720 
7.20701	6.84388 3 720 
6.83391	6.48031 3 720 
6.82442	6.56732 3 720 
6.84428	6.91737 3 720 
6.9002	6.52381 3 720 
6.77532	6.51207 3 720 
6.88429	7.1936 3 720 
6.66802	6.70693 3 720 
6.5785	6.09042 3 720 
6.86201	6.78545 3 720 
6.82436	6.55485 3 720 
6.8351	6.60156 3 720 
7.02635	6.5221 3 720 
6.74565	6.81611 3 720 
6.79594	6.49447 3 720 
6.89124	6.42498 3 720 
6.8362	6.7472 3 720 
6.88473	6.55683 3 720 
7.03324	7.04731 3 720 
6.70561	6.60576 3 720 
6.88255	6.85685 3 720 
6.60647	6.61396 3 720 
6.81241	6.39404 3 720 
6.60286	6.52142 3 720 
6.90511	6.76194 3 720 
6.78774	6.70558 3 720 
6.61557	6.2318 3 720 
6.81098	6.73854 3 720 
6.75023	6.51204 3 720 
6.77543	6.65563 3 720 
6.72095	6.27052 3 720 
6.79662	6.42271 3 720 
6.72964	6.5971 3 720 
6.83962	6.8479 3 720 
6.87312	6.60308 3 720 
6.69933	6.58831 3 720 
7.30526	6.75045 3 720 
6.66754	6.81596 3 720 
6.85992	6.57053 3 720 
6.79215	6.57765 3 720 
6.77085	6.49061 3 720 
6.8044	6.82091 3 720 
6.54013	6.61695 3 720 
6.99907	6.45707 3 720 
6.71379	6.60607 3 720 
6.67238	6.29966 3 720 
6.58071	6.42998 3 720 
6.93595	6.22511 3 720 
6.64906	6.64134 3 720 
7.04904	6.68523 3 720 
6.62908	6.39887 3 720 
6.82729	6.89797 3 720 
6.55597	6.42769 3 720 
6.81253	6.3783 3 720 
7.01117	6.28093 3 720 
7.10919	6.87904 3 720 
6.81334	6.51968 3 720 
6.93935	7.00013 3 720 
7.0047	6.6303 3 720 
6.83272	6.55057 3 720 
6.98205	6.85827 3 720 
7.02669	7.10786 3 720 
7.03907	6.451 3 720 
7.05267	7.20692 3 720 
6.708	6.46894 3 720 
7.303	6.85373 3 720 
6.77998	7.03408 3 720 
7.06372	6.88104 3 720 
7.09568	6.76395 3 720 
6.45362	7.15303 3 720 
6.87522	6.15976 3 720 
6.82576	6.44078 3 720 
7.18356	7.11345 3 720 
6.98698	6.75086 3 720 
6.99401	6.71978 3 720 
6.96807	6.91057 3 720 
7.18463	6.72215 3 720 
6.73634	6.80591 3 720 
7.00083	6.6461 3 720 
6.78491	6.80799 3 720 
6.8819	6.53446 3 720 
7.14131	6.81492 3 720 
7.09593	6.68902 3 720 
6.96564	6.8307 3 720 
6.90277	6.63304 3 720 
6.98822	7.00277 3 720 
7.10886	6.52051 3 720 
6.87607	6.95493 3 720 
7.02092	6.56126 3 720 
6.78715	6.6674 3 720 
6.88927	6.61395 3 720 
6.8647	6.77565 3 720 
6.9242	6.63224 3 720 
6.69823	6.80743 3 720 
7.25217	6.77438 3 720 
6.93312	6.80668 3 720 
6.90845	6.76099 3 720 
6.83673	6.8011 3 720 
6.94924	6.68893 3 720 
6.96172	6.82421 3 720 
7.11885	6.67438 3 720 
6.95953	6.86157 3 720 
7.08732	6.83391 3 720 
6.91198	6.6952 3 720 
6.93266	6.82182 3 720 
7.10384	6.81304 3 720 
6.80797	6.59112 3 720 
7.84055	6.94666 3 720 
6.89626	6.67427 3 720 
7.20942	6.86108 3 720 
6.90726	6.82495 3 720 
7.03792	6.82815 3 720 
7.13495	6.89781 3 720 
6.79937	6.6187 3 720 
7.02177	6.88753 3 720 
6.95263	6.76425 3 720 
7.08009	6.79329 3 720 
7.02616	6.7526 3 720 
7.00688	6.84236 3 720 
6.74654	6.70146 3 720 
6.73849	6.5929 3 720 
6.87992	6.63331 3 720 
6.58718	6.62514 3 720 
6.92699	6.60962 3 720 
6.62388	6.47522 3 720 
6.66944	6.42991 3 720 
6.54036	6.22401 3 720 
6.7336	6.50226 3 720 
6.94392	6.467 3 720 
6.77076	6.64339 3 720 
6.9221	6.46444 3 720 
6.64792	6.68975 3 720 
6.77227	6.65955 3 720 
7.02689	6.65109 3 720 
6.86479	6.7524 3 720 
6.57576	6.52494 3 720 
6.80795	6.33023 3 720 
6.72524	6.39125 3 720 
6.99706	6.79326 3 720 
6.8656	6.74643 3 720 
6.96449	6.63373 3 720 
6.90206	6.92061 3 720 
7.14678	6.74891 3 720 
6.77607	6.7257 3 720 
6.80666	6.83265 3 720 
6.9536	6.79012 3 720 
7.071	6.84124 3 720 
6.89508	6.80783 3 720 
7.0306	6.74643 3 720 
6.64513	7.09239 3 720 
6.82873	6.63814 3 720 
6.94568	6.77876 3 720 
6.9348	6.73195 3 720 
6.98366	6.67571 3 720 
7.11583	6.92851 3 720 
6.81181	6.53437 3 720 
6.94554	7.20091 3 720 
7.06946	6.57866 3 720 
7.31392	6.92257 3 720 
6.71103	7.02827 3 720 
6.59255	6.02138 3 720 
6.60603	6.42807 3 720 
7.01773	6.37073 3 720 
6.79928	6.492 3 720 
6.88535	6.52033 3 720 
6.55867	6.85065 3 720 
7.10149	6.55042 3 720 
6.55295	6.51951 3 720 
6.76708	6.39449 3 720 
6.81421	6.42656 3 720 
6.95024	6.90516 3 720 
6.56089	6.70911 3 720 
6.89277	6.60585 3 720 
6.48365	6.60774 3 720 
6.84754	6.54917 3 720 
6.66159	6.72792 3 720 
6.28062	6.08812 3 720 
7.19265	6.62468 3 720 
6.35987	6.40014 3 720 
6.95131	6.29223 3 720 
6.96043	6.79361 3 720 
6.90531	6.49261 3 720 
7.00256	6.63747 3 720 
6.71913	6.51922 3 720 
7.13145	6.64631 3 720 
6.7703	6.9674 3 720 
7.13839	6.81863 3 720 
6.77916	6.86285 3 720 
6.84622	6.52815 3 720 
7.04893	6.90009 3 720 
6.80685	6.62427 3 720 
6.99739	6.74884 3 720 
7.34041	6.65668 3 720 
6.88701	6.55005 3 720 
6.75988	6.66814 3 720 
6.82871	6.44736 3 720 
6.93819	6.77574 3 720 
6.84962	6.8206 3 720 
7.22468	6.6953 3 720 
6.77607	6.74776 3 720 
6.91091	6.57099 3 720 
6.66567	6.58476 3 720 
6.77673	6.71539 3 720 
6.50347	6.41108 3 720 
6.84923	6.7218 3 720 
6.85431	6.64883 3 720 
6.95013	6.28044 3 720 
7.04583	6.57566 3 720 
6.97426	6.77456 3 720 
7.06799	6.737 3 720 
7.00913	7.03678 3 720 
6.88134	7.05865 3 720 
7.26097	6.76815 3 720 
7.08237	6.6683 3 720 
6.78198	6.74563 3 720 
6.98388	6.6946 3 720 
6.94279	6.98348 3 720 
6.96804	6.78064 3 720 
6.96891	6.91308 3 720 
7.05621	6.75951 3 720 
9.39561	0 3 360  4 720 
7.08687	0 4 360  3 720 
6.50115	0 4 360  3 720 
6.6329	0 4 360  3 720 
6.51602	0 3 360  4 720 
6.55199	0 3 360  4 720 
6.47669	0 4 360  3 720 
6.67123	0 4 360  3 720 
6.25709	0 3 360  4 720 
5.05604	0 4 360  3 720 
6.81118	3.33747 4 0  3 720 
6.05383	3.33516 4 0  3 720 
6.45522	3.07281 4 636  3 720 
5.56404	2.87246 4 0  3 720 
6.18743	2.90215 4 0  3 720 
6.04169	2.89882 4 0  3 720 
5.80827	2.89427 4 0  3 720 
6.37967	2.67619 4 636  3 720 
6.47106	2.7221 4 633  3 720 
5.83719	3.1499 4 636  3 720 
5.8056	3.88427 4 636  3 720 
5.86831	3.62333 4 636  3 720 
6.03691	3.79243 4 0  3 720 
6.48792	3.78515 4 636  3 720 
5.65327	2.60901 4 0  3 720 
7.08711	2.52513 4 636  3 720 
6.12731	2.30007 4 0  3 720 
7.11911	2.56297 3 0  4 720 
5.54329	2.49035 3 569  4 720 
6.57078	2.11872 3 0  4 720 
6.83537	3.24633 4 636  3 720 
7.17332	3.04549 3 0  4 720 
6.90217	4.27842 4 636  3 720 
6.71748	3.28465 3 636  4 720 
6.61504	3.25734 4 636  3 720 
6.91265	3.57363 3 636  4 720 
6.97524	3.63325 4 636  3 720 
6.88071	4.30729 3 636  4 720 
6.79495	3.79747 4 636  3 720 
6.77893	4.05756 3 636  4 720 
6.60125	3.57536 4 636  3 720 
6.92947	3.49152 3 636  4 720 
6.83861	4.1078 4 0  3 720 
7.40257	4.50697 3 636  4 720 
6.35823	3.73307 4 636  3 720 
6.35179	3.2122 3 636  4 720 
5.9761	2.80486 3 0  4 720 
6.55157	2.84097 3 0  4 720 
6.51085	2.47144 3 636  4 720 
6.16935	2.61253 4 627  3 720 
5.59853	3.29813 4 561  3 720 
5.7297	2.57493 4 0  3 720 
6.94953	2.5245 4 0  3 720 
5.94416	2.53636 4 0  3 720 
6.56583	2.53905 4 0  3 720 
5.79331	2.56035 4 0  3 720 
6.50825	2.51082 4 0  3 720 
6.24118	2.55227 4 0  3 720 
4.76697	2.54331 4 0  3 720 
6.53027	2.54007 4 0  3 720 
6.43614	2.55846 4 0  3 720 
6.33341	2.45664 4 636  3 720 
6.33609	2.66285 4 0  3 720 
6.02394	2.70608 4 0  3 720 
6.62195	2.51607 4 614  3 720 
6.48928	2.87295 4 607  3 720 
6.15612	2.83619 4 0  3 720 
6.51482	2.84081 4 0  3 720 
7.05632	3.48184 3 636  4 720 
6.69975	2.45083 3 636  4 720 
6.10934	2.73197 4 636  3 720 
6.1926	2.2856 4 0  3 720 
4.45331	2.28682 4 0  3 720 
6.39289	2.23676 4 0  3 720 
7.23952	3.43636 3 636  4 720 
6.71366	2.58781 3 636  4 720 
6.62176	2.5356 4 636  3 720 
5.99745	2.30458 4 0  3 720 
6.25147	3.21448 3 636  4 720 
6.33474	2.68611 3 636  4 720 
6.63589	3.13281 3 636  4 720 
6.34986	2.47419 3 636  4 720 
6.1847	2.88389 3 636  4 720 
6.85205	2.5831 3 636  4 720 
5.93445	2.91185 3 0  4 720 
5.9124	2.78108 3 0  4 720 
6.38977	2.76435 3 0  4 720 
6.38083	2.75081 3 0  4 720 
6.55648	2.77475 3 0  4 720 
5.93507	2.86299 3 0  4 720 
6.37472	2.77701 3 0  4 720 
6.16849	2.76516 3 0  4 720 
6.16254	2.78149 3 0  4 720 
6.62196	2.78331 3 0  4 720 
6.68606	2.7551 3 0  4 720 
6.4732	2.77679 3 0  4 720 
6.39094	2.809 3 0  4 720 
6.5491	2.76648 3 0  4 720 
6.07243	2.77842 3 0  4 720 
6.59523	2.77635 3 0  4 720 
5.5298	2.80192 3 0  4 720 
6.51071	2.7663 3 0  4 720 
5.69056	2.75146 3 0  4 720 
5.94341	2.77746 3 0  4 720 
6.23242	2.77798 3 0  4 720 
5.9926	2.77976 3 0  4 720 
5.96428	2.8274 3 0  4 720 
6.87364	2.8534 3 0  4 720 
6.68697	2.7846 3 0  4 720 
6.23398	2.75524 3 0  4 720 
6.08706	2.83392 3 0  4 720 
6.26039	2.78411 3 0  4 720 
5.74401	2.86502 3 0  4 720 
6.35458	2.78452 3 0  4 720 
6.70855	2.77286 3 0  4 720 
6.88607	2.78028 3 0  4 720 
6.43362	2.78176 3 0  4 720 
6.08712	2.9142 3 0  4 720 
5.77339	2.80222 3 0  4 720 
6.56741	2.78987 3 0  4 720 
6.85732	2.75646 3 0  4 720 
6.71889	2.79412 3 0  4 720 
5.96831	2.86201 3 0  4 720 
6.27011	2.77903 3 0  4 720 
5.82564	2.83478 3 0  4 720 
5.97015	2.79166 3 0  4 720 
6.16411	2.76676 3 0  4 720 
6.11525	2.76681 3 0  4 720 
6.34856	2.76901 3 0  4 720 
6.10522	2.78768 3 0  4 720 
6.61961	2.86823 3 0  4 720 
6.65908	2.77793 3 0  4 720 
5.87275	2.74154 3 546  4 720 
5.99503	2.4932 3 0  4 720 
6.5474	2.50953 3 0  4 720 
7.11456	2.52182 3 0  4 720 
5.75529	2.64983 3 0  4 720 
6.62165	2.51726 3 0  4 720 
5.8301	2.54556 3 0  4 720 
6.92889	2.48622 3 0  4 720 
6.56396	2.52807 3 0  4 720 
6.7116	2.52231 3 0  4 720 
7.10514	2.53581 3 0  4 720 
7.042	4.52228 4 636  3 720 
7.08866	3.19642 3 0  4 720 
7.15315	4.66096 4 636  3 720 
7.04868	3.425 3 0  4 720 
7.63401	4.80487 4 636  3 720 
7.13661	3.82162 3 0  4 720 
7.09901	4.20048 4 0  3 720 
6.1057	4.19891 4 0  3 720 
5.79245	3.31828 4 636  3 720 
5.85435	2.88605 4 0  3 720 
6.26869	2.85464 4 0  3 720 
6.03504	2.87409 4 0  3 720 
6.31012	2.8782 4 0  3 720 
6.43503	2.63224 4 636  3 720 
5.6689	2.17146 4 0  3 720 
7.10938	2.15619 4 0  3 720 
7.24658	2.17006 4 0  3 720 
6.94783	2.17608 4 0  3 720 
5.97605	2.22508 4 0  3 720 
6.10092	2.16099 4 0  3 720 
5.9063	2.16359 4 0  3 720 
5.97893	2.16183 4 0  3 720 
5.94915	2.16196 4 0  3 720 
5.89594	2.16342 4 0  3 720 
5.90659	2.2048 4 0  3 720 
6.10022	2.19501 4 0  3 720 
5.74343	2.19414 4 0  3 720 
5.62998	2.1251 4 0  3 720 
6.0867	2.14239 4 0  3 720 
5.67414	2.17575 4 0  3 720 
6.96294	2.11875 4 0  3 720 
6.74239	2.15424 4 0  3 720 
6.72504	2.12601 4 0  3 720 
6.57111	2.15382 4 0  3 720 
6.75332	2.1209 4 0  3 720 
6.93878	2.13796 4 0  3 720 
6.73212	2.13611 4 0  3 720 
6.9173	2.12529 4 0  3 720 
6.89442	2.13605 4 0  3 720 
6.80727	2.13275 4 0  3 720 
6.7883	2.13254 4 0  3 720 
6.93178	2.12618 4 0  3 720 
6.80032	2.13842 4 0  3 720 
6.96739	2.12705 4 0  3 720 
6.69895	2.13115 4 0  3 720 
6.04521	2.16088 4 0  3 720 
5.87809	2.12817 4 0  3 720 
5.69532	2.1592 4 0  3 720 
5.78484	2.15639 4 0  3 720 
5.80959	2.16261 4 0  3 720 
5.80757	2.16188 4 0  3 720 
5.64045	2.1569 4 0  3 720 
5.99686	2.15879 4 0  3 720 
5.82291	2.17114 4 0  3 720 
5.8463	2.16519 4 0  3 720 
6.86561	2.16809 4 0  3 720 
6.7737	2.16177 4 0  3 720 
6.86226	2.14316 4 0  3 720 
6.81068	2.13346 4 0  3 720 
6.8784	2.12778 4 0  3 720 
6.96536	2.13981 4 0  3 720 
6.5073	2.11481 4 0  3 720 
6.86654	2.12175 4 0  3 720 
6.9886	2.14107 4 0  3 720 
6.83985	2.13246 4 0  3 720 
7.00908	2.13617 4 0  3 720 
6.84397	2.12824 4 0  3 720 
7.05536	2.13677 4 0  3 720 
6.78526	2.13403 4 0  3 720 
6.65006	2.13086 4 0  3 720 
6.8874	2.1212 4 0  3 720 
6.83571	2.12815 4 0  3 720 
6.89981	2.11168 4 0  3 720 
6.96906	2.12718 4 0  3 720 
6.79664	2.13937 4 0  3 720 
6.88615	2.12697 4 0  3 720 
7.16626	2.13513 4 0  3 720 
7.08772	2.1211 4 0  3 720 
6.69317	2.15361 4 0  3 720 
7.01154	2.15073 4 0  3 720 
6.90493	2.134 4 0  3 720 
6.74686	2.14764 4 0  3 720 
7.00855	2.1306 4 0  3 720 
5.98787	2.19124 4 0  3 720 
6.00567	2.16841 4 0  3 720 
5.84567	2.17263 4 0  3 720 
6.21088	2.1146 4 0  3 720 
6.05324	2.12441 4 0  3 720 
6.07267	2.1165 4 0  3 720 
5.92582	2.16927 4 0  3 720 
6.22766	2.16118 4 0  3 720 
6.03266	2.16969 4 0  3 720 
5.92369	2.19433 4 0  3 720 
5.62485	2.12565 4 0  3 720 
6.00274	2.14428 4 0  3 720 
5.61929	2.14001 4 0  3 720 
6.57028	2.11389 4 0  3 720 
6.51549	2.17415 4 0  3 720 
6.30875	2.17236 4 0  3 720 
5.98359	2.17587 4 0  3 720 
6.75964	2.19581 4 0  3 720 
6.81041	2.12688 4 0  3 720 
6.00511	2.16907 4 0  3 720 
5.79192	2.17089 4 0  3 720 
6.33459	2.15919 4 0  3 720 
6.51318	2.16153 4 0  3 720 
5.79523	2.19921 4 0  3 720 
6.45996	2.16587 4 0  3 720 
6.19392	2.18372 4 0  3 720 
5.9073	2.17029 4 0  3 720 
6.14138	2.12653 4 0  3 720 
5.73399	2.16027 4 0  3 720 
6.39063	2.15658 4 0  3 720 
5.65531	2.15798 4 0  3 720 
6.00611	2.16072 4 0  3 720 
5.75045	2.16402 4 0  3 720 
5.63792	2.16598 4 0  3 720 
6.38766	2.1611 4 0  3 720 
6.50325	2.23418 4 0  3 720 
6.69652	2.16359 4 0  3 720 
6.0269	2.15816 4 0  3 720 
5.82218	2.15881 4 0  3 720 
5.8248	2.15937 4 0  3 720 
5.76349	2.15649 4 0  3 720 
5.99038	2.1527 4 0  3 720 
5.77842	2.16102 4 0  3 720 
5.80484	2.15908 4 0  3 720 
5.65535	2.15679 4 0  3 720 
5.80578	2.16143 4 0  3 720 
5.68543	2.15296 4 0  3 720 
5.91608	2.16085 4 0  3 720 
5.76086	2.15504 4 0  3 720 
5.77702	2.16235 4 0  3 720 
5.97886	2.15182 4 0  3 720 
5.59221	2.15692 4 0  3 720 
6.03673	2.1555 4 0  3 720 
5.66764	2.15185 4 0  3 720 
5.726	2.15227 4 0  3 720 
5.91466	2.21207 4 0  3 720 
6.00943	2.14841 4 0  3 720 
5.88166	2.14958 4 0  3 720 
5.64771	2.15199 4 0  3 720 
5.79953	2.14957 4 0  3 720 
5.70073	2.16001 4 0  3 720 
5.95013	2.15468 4 0  3 720 
5.90989	2.15743 4 0  3 720 
5.64767	2.16175 4 0  3 720 
5.99376	2.1585 4 0  3 720 
5.76204	2.15725 4 0  3 720 
5.8775	2.15151 4 0  3 720 
5.92542	2.15124 4 0  3 720 
5.77925	2.16214 4 0  3 720 
5.80362	2.15643 4 0  3 720 
5.64267	2.14962 4 0  3 720 
6.29948	2.15748 4 0  3 720 
6.33432	2.15827 4 0  3 720 
6.13464	2.1553 4 0  3 720 
5.77181	2.19545 4 0  3 720 
6.14064	2.11844 4 0  3 720 
4.94784	2.13787 4 0  3 720 
6.97847	2.12894 4 0  3 720 
6.64438	2.15241 4 0  3 720 
6.94866	2.15414 4 0  3 720 
6.61135	2.16679 4 0  3 720 
5.83868	2.16088 4 0  3 720 
5.82655	2.15428 4 0  3 720 
5.86791	2.15914 4 0  3 720 
6.37547	2.15431 4 0  3 720 
5.66711	2.15304 4 0  3 720 
6.75697	2.15164 4 0  3 720 
6.23513	2.15167 4 0  3 720 
6.32975	2.15511 4 0  3 720 
5.90026	2.16752 4 0  3 720 
6.61979	2.12513 4 0  3 720 
7.00573	2.11962 4 0  3 720 
6.81915	2.15887 4 0  3 720 
5.7928	3.82825 3 636  4 720 
5.64435	3.05667 3 636  4 720 
5.72802	3.24445 3 636  4 720 
5.77382	2.95954 3 636  4 720 
6.93464	2.78466 4 636  3 720 
7.15495	3.48874 3 636  4 720 
6.61207	3.58124 4 0  3 720 
6.26279	3.5803 4 0  3 720 
6.01442	3.27829 4 636  3 720 
6.95656	1.77778 3 0  4 720 
5.88548	1.74777 3 0  4 720 
6.71789	1.7547 3 0  4 720 
6.61726	1.76549 3 0  4 720 
6.54138	1.73915 3 0  4 720 
6.69712	1.74717 3 0  4 720 
6.79614	2.66283 4 0  3 720 
6.08611	2.7167 4 0  3 720 
6.13961	2.66984 4 0  3 720 
5.87658	2.65774 4 0  3 720 
5.74338	2.58777 4 0  3 720 
6.1787	2.61094 4 0  3 720 
6.80586	2.59737 4 0  3 720 
6.57077	2.61392 4 0  3 720 
6.91452	2.61374 4 0  3 720 
5.86822	2.62599 4 0  3 720 
5.68208	2.61739 4 0  3 720 
5.91599	2.61904 4 0  3 720 
5.54935	2.61653 4 0  3 720 
5.82414	2.6183 4 0  3 720 
5.80413	2.6216 4 0  3 720 
5.71229	2.623 4 0  3 720 
5.89284	2.61621 4 0  3 720 
5.80303	2.62776 4 0  3 720 
5.75314	2.62522 4 0  3 720 
5.73748	2.62351 4 0  3 720 
6.39433	2.62114 4 0  3 720 
5.97192	2.61961 4 0  3 720 
5.52488	2.62449 4 0  3 720 
5.88711	2.61627 4 0  3 720 
5.77704	2.6246 4 0  3 720 
5.50137	2.62107 4 0  3 720 
5.93473	2.62146 4 0  3 720 
5.81889	2.62171 4 0  3 720 
5.71832	2.62153 4 0  3 720 
5.74509	2.6207 4 0  3 720 
5.65228	2.61931 4 0  3 720 
5.86998	2.622 4 0  3 720 
5.70717	2.62204 4 0  3 720 
5.77845	2.61568 4 0  3 720 
5.77056	2.62148 4 0  3 720 
6.09109	2.62007 4 0  3 720 
5.68011	2.62631 4 0  3 720 
5.80666	2.62333 4 0  3 720 
6.09692	2.62187 4 0  3 720 
5.76013	2.62765 4 0  3 720 
5.71439	2.62282 4 0  3 720 
6.25115	2.61577 4 0  3 720 
5.56562	2.62335 4 0  3 720 
5.88674	2.62178 4 0  3 720 
