4.38161	2.26099 3 720 
3.47438	2.76864 3 720 
3.62589	3.3427 3 720 
3.54583	3.25288 3 720 
3.57416	3.35662 3 720 
3.62184	3.36053 3 720 
3.65432	3.35832 3 720 
4.48973	3.35033 3 720 
3.63378	3.32143 3 720 
3.67364	3.35489 3 720 
5.1743	3.34667 3 720 
3.56006	3.40982 3 720 
3.71233	3.35532 3 720 
3.60216	3.34526 3 720 
3.65649	3.35614 3 720 
3.64326	3.38155 3 720 
3.65295	3.36109 3 720 
3.56213	3.36525 3 720 
3.70469	3.3264 3 720 
3.57697	3.32161 3 720 
3.63717	3.3744 3 720 
3.64972	3.3375 3 720 
3.46755	3.31397 3 720 
3.68932	3.35369 3 720 
4.47354	3.31753 3 720 
3.58349	3.34851 3 720 
3.66447	3.2491 3 720 
3.51205	3.31646 3 720 
3.68988	3.36769 3 720 
3.59838	3.27166 3 720 
3.64371	3.33058 3 720 
3.50384	3.29608 3 720 
3.71371	3.33703 3 720 
4.42835	3.31196 3 720 
5.30207	3.30732 3 720 
3.62879	3.38242 3 720 
3.6378	3.30761 3 720 
3.61091	3.33754 3 720 
3.58953	3.36354 3 720 
3.54409	3.30464 3 720 
4.53394	3.37591 3 720 
3.61478	3.302 3 720 
3.7737	3.38345 3 720 
3.5906	3.31206 3 720 
3.5507	3.34991 3 720 
3.62547	3.204 3 720 
3.643	3.42725 3 720 
3.68445	3.38674 3 720 
3.63373	3.38026 3 720 
3.48857	3.36397 3 720 
3.62358	3.36541 3 720 
3.61988	3.35391 3 720 
3.73144	3.38148 3 720 
4.85541	3.32923 3 720 
3.72625	3.39253 3 720 
3.60863	3.29523 3 720 
3.52071	3.42012 3 720 
3.70012	3.3437 3 720 
3.5292	3.30984 3 720 
3.63884	3.37939 3 720 
3.5773	3.28419 3 720 
3.61565	3.37315 3 720 
3.66725	3.38142 3 720 
3.554	3.30282 3 720 
3.61468	3.33038 3 720 
3.65042	3.38219 3 720 
6.5466	3.297 3 720 
3.33584	3.34167 3 720 
3.59877	3.14392 3 720 
3.69673	3.39243 3 720 
3.50162	3.27451 3 720 
3.67148	3.35908 3 720 
3.54474	3.33024 3 720 
3.60487	3.34225 3 720 
3.641	3.32011 3 720 
3.67294	3.31732 3 720 
3.41176	3.2688 3 720 
3.73445	3.35472 3 720 
3.50712	3.3357 3 720 
3.58256	3.31953 3 720 
3.55624	3.31567 3 720 
3.73894	3.3217 3 720 
3.53736	3.28187 3 720 
3.70761	3.36719 3 720 
3.44255	3.31136 3 720 
3.55725	3.36427 3 720 
3.65247	3.31689 3 720 
3.60535	3.35615 3 720 
3.62483	3.27989 3 720 
3.5934	3.35553 3 720 
3.68741	3.37106 3 720 
3.5696	3.31438 3 720 
3.57036	3.33075 3 720 
3.59882	3.32691 3 720 
3.64022	3.39374 3 720 
3.5551	3.33134 3 720 
3.69273	3.38029 3 720 
3.62868	3.35574 3 720 
3.44971	3.31364 3 720 
3.75751	3.34327 3 720 
5.45671	3.29273 3 720 
3.68286	3.37884 3 720 
3.65473	3.30613 3 720 
3.53309	3.31499 3 720 
3.67079	3.38749 3 720 
3.67932	3.30337 3 720 
3.47725	3.3009 3 720 
3.59081	3.40477 3 720 
3.70666	3.30524 3 720 
3.47474	3.29985 3 720 
3.60969	3.39916 3 720 
3.60098	3.33108 3 720 
3.65282	3.31927 3 720 
3.58706	3.3504 3 720 
3.52117	3.28517 3 720 
3.5539	3.18313 3 720 
3.58767	3.29247 3 720 
3.66195	3.33821 3 720 
3.52924	3.35055 3 720 
3.64521	3.38079 3 720 
3.60768	3.31622 3 720 
3.56308	3.40359 3 720 
3.62781	3.29412 3 720 
3.63964	3.28566 3 720 
4.44533	3.33117 3 720 
3.61404	3.40773 3 720 
4.87096	3.33087 3 720 
3.5184	3.33635 3 720 
3.6788	3.41157 3 720 
3.59724	3.33673 3 720 
3.68841	3.40193 3 720 
3.63886	3.34567 3 720 
3.69204	3.37788 3 720 
3.58266	3.37195 3 720 
3.59869	3.42452 3 720 
3.62405	3.3047 3 720 
3.58821	3.29063 3 720 
3.43861	3.38333 3 720 
3.66654	3.13481 3 720 
3.66333	3.44551 3 720 
3.67114	3.34217 3 720 
3.58933	3.3006 3 720 
3.61937	3.37382 3 720 
3.63595	3.33738 3 720 
3.66267	3.35705 3 720 
3.61474	3.37158 3 720 
4.46447	3.26983 3 720 
3.66549	3.32499 3 720 
3.61837	3.33557 3 720 
3.58003	3.3038 3 720 
3.71269	3.37063 3 720 
4.25282	3.29345 3 720 
4.35888	3.38328 3 720 
3.61409	3.35006 3 720 
3.61344	3.3347 3 720 
3.58032	3.31175 3 720 
3.6951	3.3068 3 720 
3.51924	3.30961 3 720 
3.62553	3.40892 3 720 
3.67982	3.31532 3 720 
3.57722	3.32164 3 720 
3.56878	3.17178 3 720 
3.74718	3.3646 3 720 
3.51884	3.35509 3 720 
3.67924	3.36115 3 720 
3.55255	3.31215 3 720 
3.66621	3.35373 3 720 
3.48473	3.3176 3 720 
3.70889	3.34144 3 720 
3.54113	3.33697 3 720 
3.61267	3.40991 3 720 
3.65034	3.37814 3 720 
3.50804	3.27782 3 720 
3.69229	3.36765 3 720 
5.64966	3.34079 3 720 
3.58205	3.37187 3 720 
3.64136	3.30533 3 720 
3.69839	3.37027 3 720 
3.55102	3.37341 3 720 
3.58049	3.32686 3 720 
3.64336	3.35026 3 720 
3.54846	3.34577 3 720 
3.69511	3.35225 3 720 
3.60858	3.43096 3 720 
3.6175	3.18981 3 720 
3.5665	3.32066 3 720 
3.71449	3.39074 3 720 
3.66184	3.30904 3 720 
3.67452	3.37208 3 720 
3.69027	3.37572 3 720 
3.62882	3.3147 3 720 
3.59344	3.36816 3 720 
3.60139	3.37115 3 720 
3.58376	3.3499 3 720 
3.59877	3.3336 3 720 
3.70997	3.36672 3 720 
3.65693	3.31374 3 720 
5.14055	3.39861 3 720 
3.62325	3.35613 3 720 
3.60074	3.3416 3 720 
3.72936	3.32111 3 720 
3.61582	3.34834 3 720 
3.5753	3.34611 3 720 
3.66978	3.3251 3 720 
3.63378	3.28464 3 720 
3.59918	3.37141 3 720 
3.59735	3.31465 3 720 
3.61647	3.2078 3 720 
3.64601	3.45732 3 720 
3.60543	3.27162 3 720 
3.68351	3.41952 3 720 
3.52947	3.32708 3 720 
3.61382	3.36948 3 720 
3.69085	3.32979 3 720 
3.56039	3.31163 3 720 
3.67101	3.35206 3 720 
3.59171	3.35919 3 720 
3.62359	3.36426 3 720 
3.58811	3.3163 3 720 
3.62094	3.39683 3 720 
3.57964	3.3222 3 720 
3.60005	3.32306 3 720 
3.65404	3.33132 3 720 
3.60484	3.30443 3 720 
3.61796	3.34472 3 720 
3.67325	3.315 3 720 
6.44307	3.382 3 720 
3.54662	3.32306 3 720 
3.66936	3.41016 3 720 
3.58179	3.38151 3 720 
3.64971	3.30046 3 720 
3.73939	3.33887 3 720 
3.59025	3.36482 3 720 
3.6324	3.36817 3 720 
3.68546	3.33847 3 720 
3.6882	3.37567 3 720 
3.64825	3.38583 3 720 
3.72375	3.3886 3 720 
3.57355	3.35713 3 720 
3.70687	3.40228 3 720 
3.69395	3.33577 3 720 
3.61511	3.34429 3 720 
3.58469	3.36346 3 720 
3.68229	3.34105 3 720 
3.54362	3.26676 3 720 
3.6093	3.37087 3 720 
3.69196	3.34979 3 720 
3.68412	3.37319 3 720 
3.62728	3.40176 3 720 
3.5672	3.33269 3 720 
3.54343	3.3282 3 720 
3.63895	3.32726 3 720 
3.57679	3.34809 3 720 
5.34365	3.33851 3 720 
3.58737	3.41423 3 720 
3.67118	3.3372 3 720 
3.49976	3.25935 3 720 
3.70321	3.41072 3 720 
3.61264	3.31942 3 720 
3.50276	3.36878 3 720 
3.74084	3.38873 3 720 
3.58967	3.3016 3 720 
4.52837	3.34047 3 720 
3.65763	3.386 3 720 
3.58089	3.26561 3 720 
3.56831	3.29127 3 720 
3.60864	3.34515 3 720 
3.69596	3.36097 3 720 
3.5728	3.26701 3 720 
3.62655	3.34798 3 720 
3.4427	3.30059 3 720 
3.62323	3.30021 3 720 
3.60151	3.30742 3 720 
3.69455	3.3756 3 720 
3.57388	3.32533 3 720 
3.65902	3.4124 3 720 
5.03513	3.38794 3 720 
3.60462	3.38044 3 720 
3.86603	3.4685 3 720 
3.63439	3.36762 3 720 
3.65643	3.41709 3 720 
3.68256	3.41744 3 720 
3.5955	3.38397 3 720 
3.7421	3.32942 3 720 
4.47226	3.399 3 720 
3.66536	3.37326 3 720 
3.56816	3.33224 3 720 
3.71805	3.35774 3 720 
3.68153	3.32602 3 720 
3.62847	3.40235 3 720 
3.72186	3.4153 3 720 
5.23679	3.3035 3 720 
3.71354	3.43596 3 720 
3.64178	3.32499 3 720 
3.62656	3.28592 3 720 
3.65008	3.32142 3 720 
3.57316	3.35999 3 720 
3.67528	3.38926 3 720 
3.56529	3.35733 3 720 
3.71896	3.28245 3 720 
3.64126	3.34117 3 720 
3.72883	3.40105 3 720 
3.60062	3.34032 3 720 
3.7121	3.4164 3 720 
3.55655	3.27783 3 720 
4.64955	3.44293 3 720 
3.63929	3.41613 3 720 
3.78188	3.3622 3 720 
4.53505	3.36792 3 720 
3.76081	3.38494 3 720 
3.60203	3.34426 3 720 
3.92975	3.38833 3 720 
3.7619	3.74222 3 720 
3.70852	3.36774 3 720 
3.75945	3.42456 3 720 
3.61853	3.30959 3 720 
4.52397	3.31309 3 720 
3.6933	3.38194 3 720 
3.6913	3.37471 3 720 
3.65469	3.40971 3 720 
3.71829	3.33963 3 720 
3.44961	3.37744 3 720 
3.60108	3.18332 3 720 
3.58386	3.32755 3 720 
3.76937	3.34274 3 720 
3.61979	3.29623 3 720 
3.67574	3.39306 3 720 
3.63842	3.30822 3 720 
3.61881	3.34804 3 720 
3.49737	3.33918 3 720 
3.6508	3.38738 3 720 
3.61761	3.25624 3 720 
3.58782	3.37979 3 720 
3.6713	3.29385 3 720 
3.54706	3.28345 3 720 
3.68029	3.36215 3 720 
4.23936	3.3697 3 720 
3.59822	3.33102 3 720 
4.50945	3.40435 3 720 
3.77279	3.32681 3 720 
3.60301	3.28513 3 720 
3.72088	3.31834 3 720 
3.66741	3.3734 3 720 
3.58698	3.37462 3 720 
3.43169	3.28272 3 720 
3.63099	3.24904 3 720 
3.50645	3.24225 3 720 
3.61098	3.43905 3 720 
3.5901	3.35225 3 720 
3.53653	3.35156 3 720 
3.70701	3.33457 3 720 
3.6153	3.35007 3 720 
3.56737	3.33741 3 720 
3.56111	3.31748 3 720 
3.63143	3.31082 3 720 
3.70551	3.35042 3 720 
3.46069	3.2864 3 720 
3.68107	3.30241 3 720 
3.64209	3.35947 3 720 
3.49928	3.30798 3 720 
3.73073	3.40906 3 720 
6.22166	3.34834 3 720 
3.57579	3.26062 3 720 
3.59378	3.27052 3 720 
3.48913	3.33319 3 720 
3.65293	3.36594 3 720 
3.58345	3.30513 3 720 
3.47554	3.35792 3 720 
3.62658	3.26958 3 720 
4.54073	3.36523 3 720 
3.56508	3.27375 3 720 
4.50062	3.34846 3 720 
3.68719	3.3394 3 720 
3.55043	3.2926 3 720 
3.57913	3.37373 3 720 
4.58069	3.34432 3 720 
3.44294	3.29729 3 720 
3.60089	3.33454 3 720 
3.56086	3.31573 3 720 
3.56948	3.32849 3 720 
3.60626	3.31451 3 720 
3.59585	3.27736 3 720 
3.53432	3.31199 3 720 
3.6325	3.26269 3 720 
4.42444	3.29818 3 720 
3.52831	3.38889 3 720 
3.61312	3.27806 3 720 
3.60252	3.31859 3 720 
3.65606	3.36818 3 720 
3.51571	3.31857 3 720 
3.56764	3.3403 3 720 
3.57607	3.21836 3 720 
4.40911	3.29024 3 720 
3.59936	3.2858 3 720 
3.51209	3.3301 3 720 
3.73047	3.37576 3 720 
3.54605	3.31896 3 720 
3.59986	3.30817 3 720 
3.6652	3.34276 3 720 
3.97437	3.26136 3 720 
3.65063	3.39823 3 720 
3.63372	3.29789 3 720 
3.61281	3.38854 3 720 
3.72326	3.35872 3 720 
3.59559	3.29963 3 720 
4.49198	3.38236 3 720 
3.53513	3.36099 3 720 
3.61121	3.32309 3 720 
3.6481	3.32782 3 720 
3.59622	3.34644 3 720 
3.63874	3.31826 3 720 
3.60495	3.33479 3 720 
3.61565	3.30622 3 720 
3.75577	3.37417 3 720 
3.64068	3.29168 3 720 
4.63294	3.34029 3 720 
3.6195	3.58466 3 720 
3.67017	3.31435 3 720 
3.62837	3.35682 3 720 
3.55925	3.3581 3 720 
3.67495	3.32337 3 720 
6.08997	3.31633 3 720 
3.68674	3.33451 3 720 
3.60353	3.37185 3 720 
3.57927	3.27191 3 720 
3.59214	3.34256 3 720 
3.57441	3.34147 3 720 
3.55025	3.30295 3 720 
3.61758	3.34714 3 720 
3.65484	3.33854 3 720 
3.55591	3.35547 3 720 
3.56862	3.34733 3 720 
3.63194	3.32875 3 720 
3.69056	3.35603 3 720 
3.56499	3.27938 3 720 
3.60731	3.32258 3 720 
3.47437	3.26382 3 720 
3.66386	3.25842 3 720 
3.51675	3.34218 3 720 
3.69144	3.32699 3 720 
3.48944	3.26681 3 720 
3.73307	3.36114 3 720 
3.59575	3.33427 3 720 
5.24762	3.41039 3 720 
3.64425	3.32613 3 720 
3.6591	3.29478 3 720 
3.55357	3.32684 3 720 
3.63583	3.34841 3 720 
3.63587	3.27406 3 720 
3.64649	3.4193 3 720 
3.65207	3.32525 3 720 
3.59308	3.37198 3 720 
3.56989	3.41923 3 720 
3.60331	3.35596 3 720 
3.56016	3.30825 3 720 
3.69585	3.35632 3 720 
3.70459	3.2895 3 720 
3.58447	3.29721 3 720 
3.53532	3.31951 3 720 
3.58735	3.35344 3 720 
3.64944	3.28952 3 720 
3.61162	3.3002 3 720 
3.65786	3.31534 3 720 
3.4692	3.35586 3 720 
3.59967	3.3864 3 720 
3.56203	3.35011 3 720 
3.71324	3.36331 3 720 
3.55003	3.30587 3 720 
3.75988	3.41651 3 720 
5.24775	3.27305 3 720 
3.64455	3.33017 3 720 
3.52719	3.30846 3 720 
3.67362	3.35173 3 720 
3.64721	3.34121 3 720 
3.60746	3.35383 3 720 
3.5655	3.30901 3 720 
3.57377	3.34465 3 720 
3.72897	3.33021 3 720 
3.54265	3.2996 3 720 
3.62191	3.37341 3 720 
3.72725	3.42345 3 720 
3.53921	3.29257 3 720 
3.62811	3.39904 3 720 
4.06902	3.34394 3 720 
5.31873	3.42381 3 720 
3.65782	3.40019 3 720 
3.56098	3.36234 3 720 
3.5863	3.33559 3 720 
3.64154	3.31666 3 720 
3.65096	3.34272 3 720 
3.5505	3.31387 3 720 
5.66012	3.36145 3 720 
3.72744	3.37947 3 720 
3.58147	3.34367 3 720 
3.66791	3.34026 3 720 
3.55083	3.26514 3 720 
3.59604	3.30899 3 720 
3.66475	3.35521 3 720 
4.49042	3.29992 3 720 
3.57969	3.3298 3 720 
3.63652	3.3798 3 720 
3.62949	3.36294 3 720 
3.55012	3.29077 3 720 
3.61019	3.37888 3 720 
3.58149	3.32478 3 720 
3.63806	3.31286 3 720 
3.48905	3.21687 3 720 
3.69537	3.42017 3 720 
3.48462	3.32757 3 720 
3.56222	3.37063 3 720 
3.69217	3.31597 3 720 
4.43477	3.34548 3 720 
3.68549	3.39954 3 720 
3.60023	3.2979 3 720 
3.63074	3.36236 3 720 
3.5917	3.36711 3 720 
3.65549	3.38953 3 720 
3.59713	3.31772 3 720 
3.61339	3.38874 3 720 
4.4517	3.34105 3 720 
3.62503	3.38398 3 720 
3.58111	3.34555 3 720 
3.60341	3.3437 3 720 
5.46868	3.34976 3 720 
3.58779	3.31481 3 720 
3.65965	3.36103 3 720 
3.78007	3.26984 3 720 
3.54912	3.49071 3 720 
3.49118	3.38273 3 720 
3.58025	3.19632 3 720 
4.68264	3.35943 3 720 
3.75596	3.32845 3 720 
3.50531	3.26951 3 720 
3.59774	3.44672 3 720 
3.55548	3.30321 3 720 
3.51713	3.35079 3 720 
4.595	3.39066 3 720 
3.55384	3.31392 3 720 
3.70328	3.45476 3 720 
3.52753	3.26315 3 720 
3.6107	3.41773 3 720 
3.53254	3.35648 3 720 
3.59168	3.3257 3 720 
4.5152	3.2946 3 720 
3.54426	3.3628 3 720 
