2	241927		2620.22		516.018	4.1968e+06
3	241707		2630.48		518.278	4.46232e+06
4	241715		2629.99		500.468	4.59228e+06
5	241716		2629.98		499.613	4.48338e+06
6	237098		2918.17		497.234	4.23927e+06
7	234781		3054.16		497.905	4.30931e+06
8	237182		2887.31		496.829	4.39574e+06
9	234532		3052.87		496.858	4.46812e+06
10	233086		3104.94		498.646	4.44627e+06
11	230363		3389.28		498.247	4.4553e+06
12	229965		3431.21		498.292	4.31205e+06
13	229663		3351.92		498.353	4.35719e+06
14	229377		3379.58		497.293	4.38495e+06
15	228583		3423.22		496.978	4.40729e+06
16	228289		3438.57		497.778	4.34146e+06
17	229412		3334.42		495.407	4.34935e+06
18	229897		3279.08		495.482	4.32723e+06
19	229855		3284.52		496.065	4.34751e+06
20	230284		3238.58		495.537	4.32838e+06
21	230410		3232.22		495.577	4.35932e+06
22	230487		3199.71		496.263	3.92344e+06
23	231942		3006.53		494.259	3.53114e+06
24	232300		2919.81		494.584	3.17808e+06
25	283262		977.896		494.33	2.86032e+06
26	281611		997.226		496.382	2.57434e+06
27	279242		1026.76		495.788	2.31696e+06
28	275460		1071.98		493.611	2.08531e+06
29	268558		1177.91		494.616	1.87683e+06
30	268729		1176.32		492.386	1.68919e+06
31	263626		1276.71		491.8	1.52032e+06
32	231760		3024.83		490.848	1.36834e+06
33	231405		3088.53		491.535	1.23155e+06
34	231932		3043.63		490.326	1.10845e+06
35	232700		2952.8		487.013	997647
36	232512		2998.04		486.736	897931
37	232571		2988.8		487.187	808187
38	232757		2964.63		487.471	727417
39	232838		2967.81		486.433	654723
40	256452		1470.01		483.894	589297
41	233534		2908.84		483.421	530415
42	233597		2900.81		481.868	477420
43	232133		3129.14		481.825	429726
44	232327		3108.44		480.892	386801
45	232316		3112.98		484.733	348173
46	233151		3012.04		479.057	313398
47	233066		3020.96		477.446	282105
48	233038		3037.3		475.703	253940
49	233174		3035.57		473.433	228592
50	232861		3078.99		473.229	205780
50	244886		1967.38		473.491	185249
50	240751		2214.85		475.545	166774
50	238740		2375.86		474.191	150142
50	235109		2723.18		472.491	135174
50	231069		3328.41		472.853	121704
50	232835		3050.26		470.391	109579
50	234177		2903.91		468.397	98665.8
50	232802		3078.76		470.39	88848
50	231655		3272.88		471.299	80011.1
50	228584		3981.77		472.999	72058.9
50	230703		3506.17		473.676	64900.9
50	231629		3347.46		475.686	58460.2
50	230256		3632.85		478.482	52664.6
50	229081		3900.56		480.217	47447.7
50	229089		3933.32		478.163	42748.9
50	228400		4165.13		480.985	38524.6
50	227410		4411.98		482.542	34721.8
50	227457		4421.59		486.498	31301.9
50	225220		5312.4		485.874	28219.7
50	226414		4770.54		486.924	25447.4
50	225855		4994.29		487.376	22951.8
50	224982		5393.28		489.345	20707.3
50	221731		7613.59		488.934	18685.1
50	219824		10277.4		490.204	16866.7
50	221737		7577.8		492.997	15231.9
50	220664		8967.1		494.336	13759.3
50	223485		6276.5		491.299	12429.8
50	225806		4980.1		492.556	11237.2
50	224507		5656.88		490.825	10161
50	224354		5771.95		490.486	9193.65
50	225316		5186.85		491.711	8324.56
50	230662		3531.54		495.018	7544.58
50	230009		3669.01		492.769	6837.38
50	232508		3152.54		493.538	6203.68
50	232848		3096.03		492.678	5631.81
50	233608		2981.24		491.84	5117.06
50	233517		2990.86		490.881	4653.58
50	232584		3155.9		489.49	4235.92
50	232735		3108.04		489.103	3860.89
50	231630		3271.6		487.839	3522.44
50	231024		3373.88		487.394	3218.54
50	231807		3260.35		485.454	2943.48
50	234333		2861.85		485.459	2697.69
50	233520		2957.41		484.736	2475.74
50	233677		2933.55		483.333	2275.24
50	230396		3422.96		483.382	2096.1
50	231316		3250.99		483.734	1935.18
50	231567		3218.54		483.089	1789.39
50	234628		2776.82		482.649	1658.32
50	231090		3325.28		484.13	1542.23
50	231478		3244.43		482.393	1434.68
50	231521		3262.36		483.577	1340.64
50	233614		2929.56		483.539	1254.9
50	232141		3135.47		483.53	1177.75
50	234592		2778.24		484.924	1109.72
50	234908		2720.24		485.727	1048.05
50	231263		3193.08		485.595	991.681
50	231482		3153.49		484.779	940.257
50	232192		3054.19		486.214	896.144
50	233362		2878.34		482.954	851.891
50	233491		2850.97		485.118	817.161
50	233106		2893.51		485.223	784.062
50	233396		2845.73		485.832	754.787
50	234234		2747.76		487.027	729.087
50	234013		2773.99		487.369	705.222
50	234148		2757.76		489.62	685.688
50	234406		2726.93		489.761	666.222
50	234688		2666.96		490.966	649.781
50	232996		2867.06		490.742	633.676
50	233015		2869.97		491.354	619.994
50	232132		2980.56		489.16	604.936
50	231521		3085.51		490.233	594.431
50	231688		3091.41		489.093	582.872
50	231698		3104.95		489.067	573.467
50	229672		3460.77		487.116	563.076
50	231118		3167.82		489.116	557.481
50	228572		3614.48		489.681	551.209
50	227913		3786.79		486.783	542.158
50	228006		3747.24		486.997	536.835
50	226660		4046.89		486.939	531.793
50	227398		3844.71		487.723	528.092
50	224235		4872.8		486.916	523.247
50	224105		4891.44		486.344	519.043
50	220339		7185.77		484.812	514.241
50	218438		9357.38		484.882	511.368
50	217459		10883.9		485.896	509.734
50	218955		8619.21		482.257	503.71
50	218918		8616.91		486.451	505.759
50	219438		8117.74		484.611	501.988
50	219593		7910.15		486.583	502.223
50	220024		7473.37		487.771	501.847
50	220388		7088.59		485.38	498.048
50	220575		6991.33		485.098	496.499
50	220616		6888.69		485.906	496.167
50	221116		6417.51		486.504	495.739
50	221556		6238.26		486.584	494.895
50	221594		6339.25		485.865	493.346
50	221118		6617.5		486.074	492.806
50	217807		10686.4		486.529	492.588
50	221865		6049.58		484.327	489.78
50	218404		9639.82		485.749	490.657
50	220812		6885.63		484.428	488.845
50	221585		6174.22		485.3	489.276
50	223507		5192.64		485.221	488.798
50	223416		5256.06		484.998	488.218
50	221289		6541.69		485.979	488.877
50	221673		6297.9		486.859	489.467
50	224569		4830.38		484.115	486.462
50	224523		4807.77		485.533	487.645
50	219891		7874.8		484.505	486.406
50	221561		6539.04		486.017	487.729
50	220847		7106.86		484.866	486.406
50	219514		8665.61		483.088	484.474
50	216473		16252.9		484.332	485.58
50	216173		17022		486.073	487.196
50	216849		13847.2		487.044	488.055
50	216043		17924.1		487.076	487.986
50	215741		21096.3		487.204	488.023
50	219097		9251.62		487.725	488.462
50	219085		9160.6		485.648	486.311
50	219848		8144.94		483.71	484.306
50	218367		10581.9		485.74	486.277
50	219105		9099.49		484.285	484.768
50	219881		7983.89		486.648	487.082
50	221442		6583.26		486.72	487.111
50	220821		7132.58		488.823	489.176
50	220379		7461.59		487.728	488.045
50	220849		6898.8		489.696	489.981
50	219638		8080.85		489.326	489.583
50	221079		6749.66		489.949	490.18
50	220664		7089.52		491.738	491.946
50	221071		6764.5		490.755	490.942
50	221148		6672.37		491.071	491.24
50	223093		5575.41		494.648	494.8
50	222877		5704.46		494.986	495.122
50	221740		6384.24		495.068	495.191
50	222618		5712.37		497.771	497.881
50	223618		5206.07		496.703	496.803
50	223572		5187.14		498.017	498.106
50	223136		5413.9		497.583	497.663
50	223753		5084.24		495.116	495.188
50	221800		6027.24		494.175	494.24
50	220890		6551.85		495.128	495.187
50	220855		6599.06		494.69	494.743
50	221991		5948.74		491.815	491.862
50	222897		5396.29		491.547	491.59
50	222060		5758.39		488.057	488.096
50	223241		5185.22		484.949	484.984
50	223548		4964.02		489.201	489.232
50	222120		5608.25		487.474	487.502
50	225467		4200.95		487.671	487.696
50	222688		5185.03		487.897	487.92
50	222338		5389.04		488.798	488.818
50	221723		5687.14		490.514	490.532
50	223520		4837.62		488.205	488.221
50	223684		4848.33		486.549	486.564
50	221744		5857.06		488.79	488.804
50	218066		9295.22		486.967	486.979
50	215633		16875.9		488.954	488.965
50	217525		10440.2		487.081	487.09
50	216776		11798.2		487.617	487.626
50	216233		13312.9		487.011	487.019
50	218649		8441.93		485.073	485.081
50	223724		4806.87		487.479	487.485
50	223252		4964.07		487.191	487.196
50	222859		5103.62		486.205	486.21
50	225770		4079.49		483.477	483.482
50	223609		4845.22		481.912	481.916
50	221171		6112.25		480.445	480.448
50	221756		5738.42		482.005	482.009
50	222156		5492.98		482.198	482.201
50	226847		3814.16		481.774	481.777
50	226126		3993.12		483.173	483.175
50	224735		4433.59		482.584	482.586
50	222097		5690.67		484.213	484.215
50	222530		5461		484.822	484.824
50	225124		4394.87		486.842	486.843
50	222986		5298.46		485.575	485.577
50	223762		4921.7		485.606	485.607
50	223969		4828.48		488.121	488.122
50	222824		5406.3		487.301	487.302
50	220027		7433.48		485.102	485.103
50	222753		5648.37		483.267	483.268
50	224817		4629		483.817	483.817
50	225227		4432.42		484.316	484.317
50	227607		3751.31		484.321	484.322
50	222248		5670.47		485.122	485.122
50	223121		5135.74		485.856	485.856
50	222129		5656.36		484.605	484.606
50	222617		5384.21		485.897	485.898
50	221981		5721.89		485.085	485.085
50	222776		5332.88		484.089	484.09
50	224658		4639.18		483.238	483.239
50	221256		6508.57		482.032	482.033
50	219496		8101.56		479.474	479.474
50	219498		8072.59		479.134	479.134
50	219820		7704.86		479.654	479.655
50	218432		9087.27		479.179	479.18
50	217926		10228.1		478.516	478.516
50	220053		7444.92		477.717	477.718
50	219290		8213.55		478.628	478.628
50	219709		7722.9		478.915	478.915
50	219830		7792.08		476.791	476.791
50	218236		10182.5		478.769	478.769
50	216578		14254.3		481.212	481.212
50	221545		6090.95		484.846	484.846
50	223586		4941.81		482.762	482.762
50	227277		3748.27		485.803	485.803
50	228744		3366.89		487.17	487.17
50	227882		3529.07		486.032	486.032
50	230974		2979.45		488.964	488.964
50	232660		2770.71		487.21	487.21
50	230652		3015.57		486.899	486.899
50	231334		2914.33		488.783	488.783
50	232796		2742.05		489.422	489.422
50	231691		2869.77		489.571	489.571
50	230056		3076.48		489.939	489.939
50	230173		3035.5		492.359	492.359
50	230542		2982.78		492.904	492.904
50	229818		3105.62		493.962	493.962
50	228902		3264.33		494.949	494.949
50	227481		3533.11		495.217	495.217
50	230237		3066.18		491.316	491.316
50	230463		3029.79		492.853	492.853
50	231128		2906.47		491.83	491.83
50	230695		2962.96		491.544	491.544
50	229963		3076.04		495.068	495.068
50	226890		3624.14		490.959	490.959
50	231748		2814.39		492.1	492.1
50	234025		2573.58		490.595	490.595
50	233456		2615.6		490.15	490.15
50	234602		2475.41		490.264	490.264
50	232370		2713.39		489.303	489.303
50	232870		2650.73		489.304	489.304
50	233288		2616.57		489.12	489.12
50	233338		2632.3		489.646	489.646
50	234178		2558.25		490.048	490.048
50	233294		2659.21		492.47	492.47
50	234535		2520.36		492.905	492.905
50	233160		2646.85		491.868	491.868
50	234129		2527.3		493.876	493.876
50	232427		2696.53		493.225	493.225
50	231535		2788.5		492.797	492.797
50	234642		2435.75		494.547	494.547
50	233730		2520.39		494.069	494.069
50	233266		2573.13		493.596	493.596
50	233149		2584.57		494.724	494.724
50	233329		2579.93		494.906	494.906
50	233474		2554.47		498.414	498.414
50	232921		2584.73		501.913	501.913
50	232351		2640.24		501.057	501.057
50	231835		2703.21		501.973	501.973
50	230481		2857.45		500.944	500.944
50	234571		2386.05		504.601	504.601
50	234259		2410.37		502.024	502.024
50	235576		2285.5		502.714	502.714
50	235925		2258.66		503.713	503.713
50	236753		2187.24		504.311	504.311
50	237582		2129.76		503.184	503.184
50	240202		1955.18		506.163	506.163
50	240092		1963.16		504.855	504.855
50	239513		1991.39		501.696	501.696
50	240966		1906.32		501.61	501.61
50	240729		1920.75		501.375	501.375
50	243212		1784.08		502.317	502.317
50	243575		1770.26		502.731	502.731
50	244387		1736.39		499.715	499.715
50	247766		1596.44		499.846	499.846
50	247727		1594.74		500.694	500.694
50	249235		1532.66		500.697	500.697
50	250072		1509.44		500.634	500.634
50	252115		1448.98		501.309	501.309
50	248559		1555.43		500.863	500.863
50	249811		1506.29		501.272	501.272
50	248074		1566.61		502.851	502.851
50	248003		1571.72		500.455	500.455
50	249790		1510.8		500.297	500.297
50	254330		1386.96		500.905	500.905
50	247887		1585.4		499.858	499.858
50	244654		1705.42		496.925	496.925
50	243555		1759.85		498.923	498.923
50	244178		1726.09		498.237	498.237
50	244165		1725.87		499.209	499.209
50	244389		1715.45		500.011	500.011
50	243338		1759.55		500.488	500.488
50	240860		1880.43		497.19	497.19
50	239470		1946.57		498.451	498.451
50	241119		1855.67		494.795	494.795
50	241333		1849.99		494.455	494.455
50	240174		1925.49		496.558	496.558
50	241036		1881.32		497.789	497.789
50	244571		1728.39		496.235	496.235
50	246196		1656.31		497.264	497.264
50	247300		1611.44		501.272	501.272
50	246312		1643.86		501.681	501.681
50	245180		1686.93		504.048	504.048
50	246267		1644.65		500.771	500.771
50	246050		1646.85		500.948	500.948
50	246071		1645.94		501.661	501.661
50	246787		1625.9		501.665	501.665
50	247581		1599.68		503.032	503.032
50	248999		1552.73		501.767	501.767
50	251017		1490.48		503.798	503.798
50	246503		1654.56		503.236	503.236
50	249138		1561.26		502.383	502.383
50	242806		1827.35		501.156	501.156
50	244066		1770.32		500.605	500.605
50	241122		1922.53		499.847	499.847
50	240096		1995.13		499.671	499.671
50	235572		2317.95		498.103	498.103
50	236688		2224.12		499.515	499.515
50	235567		2327.03		500.17	500.17
50	234671		2429.05		500.309	500.309
50	234765		2436.9		498.467	498.467
50	232959		2639.82		496.833	496.833
50	231500		2840.63		495.996	495.996
50	230590		2951.17		495.108	495.108
50	230436		2986.61		495.753	495.753
50	230493		2982.19		495.502	495.502
50	227880		3469.12		495.719	495.719
50	229528		3180.27		493.735	493.735
50	229735		3100.81		494.708	494.708
50	230923		2920.26		494.535	494.535
50	233202		2669.97		491.271	491.271
50	233701		2619.12		491.072	491.072
50	232925		2726.68		492.87	492.87
50	235449		2476.42		493.313	493.313
50	235339		2485.65		494.489	494.489
50	234742		2540.89		494.569	494.569
50	234968		2533.12		493.874	493.874
50	233599		2689.68		493.74	493.74
50	233712		2702.27		492.245	492.245
50	234011		2675.49		490.563	490.563
50	232253		2899.65		491.137	491.137
50	231758		2956.73		490.269	490.269
50	232444		2864.73		491.524	491.524
50	231406		3023.8		491.978	491.978
50	231353		3031.02		491.203	491.203
50	230004		3290.52		488.93	488.93
50	232300		2943.6		488.518	488.518
50	233112		2834.08		490.422	490.422
50	233119		2834.02		489.459	489.459
50	234254		2728.13		488.845	488.845
50	233881		2792.76		488.838	488.838
50	237889		2395.12		486.634	486.634
50	232919		2976.45		483.855	483.855
50	235126		2714.69		484.479	484.479
50	236263		2612.58		483.073	483.073
50	236639		2581.73		484.461	484.461
50	234258		2845.04		483.439	483.439
50	230295		3529.28		482.066	482.066
50	231435		3307.27		481.211	481.211
50	233796		2980.02		480.522	480.522
50	229736		3711.36		480.051	480.051
50	229873		3712.77		477.558	477.558
50	230168		3634.91		477.545	477.545
50	232279		3251.22		476.53	476.53
50	230628		3592.08		477.643	477.643
50	230565		3599.17		478.463	478.463
50	237067		2632.52		480.586	480.586
50	233018		3168.51		481.221	481.221
50	233230		3131.44		482.648	482.648
50	232675		3231.65		480.642	480.642
50	233391		3102.01		482.744	482.744
50	235978		2745.91		484.515	484.515
50	235240		2820.68		475.507	475.507
50	236876		2634.6		477.014	477.014
50	238406		2475.8		478.468	478.468
50	238352		2487.22		478.738	478.738
50	240641		2278.31		479.591	479.591
50	245891		1931.1		480.659	480.659
50	237504		2559.44		480.239	480.239
50	232221		3252.63		481.306	481.306
50	230263		3627.57		483.936	483.936
50	230365		3606.19		481.673	481.673
50	230756		3502.99		482.472	482.472
50	227583		4216.06		486.366	486.366
50	223141		6213.63		486.624	486.624
50	225130		5112.61		487.703	487.703
50	226300		4537.79		488.969	488.969
50	222314		6548.22		491.083	491.083
50	222735		6177.52		491.926	491.926
50	223199		5712.81		492.516	492.516
50	226931		4172.32		494.608	494.608
50	228177		3835.83		496.352	496.352
50	228629		3710.25		496.811	496.811
50	229075		3632.61		495.597	495.597
50	231201		3225.61		495.813	495.813
50	237028		2465.07		495.666	495.666
50	234105		2766.41		496.7	496.7
50	226967		4087.2		495.945	495.945
50	236381		2490.14		497.077	497.077
50	231688		3019.71		496.026	496.026
50	231542		3011.98		497.613	497.613
50	229745		3254.93		498.109	498.109
50	235173		2512.77		499.011	499.011
50	230257		3076.28		499.378	499.378
50	230884		2950.53		502.368	502.368
50	233235		2645.7		498.823	498.823
50	234815		2482.07		498.74	498.74
50	238621		2155.62		496.63	496.63
50	236113		2335.78		495.4	495.4
50	236202		2332.7		493.408	493.408
50	236220		2338.39		491.386	491.386
50	235087		2430.05		490.618	490.618
50	233811		2550.62		492.329	492.329
50	229537		3063.2		494.159	494.159
50	231622		2779.98		493.736	493.736
50	232107		2720.21		494.198	494.198
50	231777		2739.66		495.618	495.618
50	231682		2754.26		496.144	496.144
50	231530		2771.85		496.726	496.726
50	233129		2570.07		498.758	498.758
50	230686		2829.63		497.986	497.986
50	230977		2786.55		497.85	497.85
50	229426		2984.92		499.135	499.135
50	231801		2674.03		500.959	500.959
50	232039		2648.12		496.982	496.982
50	233769		2464.19		497.836	497.836
50	233140		2516.72		496.967	496.967
50	232516		2591.76		496.621	496.621
50	232353		2607.98		494.715	494.715
50	232860		2554.76		497.564	497.564
50	233762		2463.74		496.079	496.079
50	232904		2535.51		496.179	496.179
50	233718		2468.76		493.989	493.989
50	234727		2395.2		493.517	493.517
50	236123		2280.11		495.286	495.286
50	236291		2270.25		493.19	493.19
50	235417		2341.83		492.136	492.136
50	233935		2493.29		493.788	493.788
50	235115		2392.52		490.476	490.476
50	235083		2396.92		490.072	490.072
50	235749		2335.3		490.595	490.595
50	236513		2280.08		489.212	489.212
50	237540		2195.43		489.308	489.308
50	236016		2303.22		488.926	488.926
50	236622		2257.04		488.934	488.934
50	235913		2304.31		490.927	490.927
50	237750		2152.55		492.453	492.453
50	237138		2193.42		492.744	492.744
50	235093		2362.08		490.854	490.854
50	237317		2179.03		492.763	492.763
50	237174		2192.46		494.095	494.095
50	238847		2068.22		497.299	497.299
50	237035		2196.92		499.011	499.011
50	238013		2127.75		498.291	498.291
50	239285		2033.77		500.118	500.118
50	239092		2047.14		500.236	500.236
50	238471		2091.7		499.483	499.483
50	238858		2058		497.326	497.326
50	238533		2075.5		497.225	497.225
50	238844		2049.7		495.164	495.164
50	239309		2020.02		493.834	493.834
50	238170		2084.67		495.602	495.602
50	238935		2034.96		497.606	497.606
50	243219		1798.23		494.987	494.987
50	240319		1949.27		493.863	493.863
50	242101		1858.25		491.785	491.785
50	242394		1847.41		492.734	492.734
50	240787		1940.34		492.608	492.608
50	243663		1791.43		489.714	489.714
50	242890		1831.82		491.237	491.237
50	245500		1714.79		490.529	490.529
50	245369		1721.89		489.519	489.519
50	244004		1780.42		488.919	488.919
50	243814		1788.28		490.127	490.127
50	243397		1803.8		490.985	490.985
50	243462		1796.36		492.613	492.613
50	244998		1732.38		488.792	488.792
50	246083		1686.71		488.808	488.808
50	246393		1674.75		490.998	490.998
50	244871		1746.99		490.779	490.779
50	244080		1782.03		491.773	491.773
50	244087		1781.33		492.086	492.086
50	243164		1819.44		494.734	494.734
50	241667		1884.45		490.737	490.737
50	242062		1864.12		491.298	491.298
50	240214		1972.34		492.367	492.367
50	242631		1853.12		489.796	489.796
50	247817		1617.65		492.333	492.333
50	244776		1738.34		495.034	495.034
50	246691		1662.34		493.984	493.984
50	245033		1736.92		493.935	493.935
50	245396		1724.91		494.652	494.652
50	245400		1729.31		492.954	492.954
50	246795		1669.87		495.769	495.769
50	246426		1681.02		495.94	495.94
50	244353		1776.89		498.056	498.056
50	241164		1935.64		497.388	497.388
50	242233		1876.11		497.833	497.833
50	242233		1873.4		499.708	499.708
50	240419		1974.7		501.554	501.554
50	240561		1970.91		501.243	501.243
50	238892		2080.28		502.014	502.014
