3.53382e-06 3.12949e-06 614400 3960 1.668e-06 1.92276 0.0997968 19.348 1166.67
3.10715e-06 3.61723e-06 223488 107 2.29761 0.917413 0.027244 3.78586 1992.87
2.76402e-06 3.36843e-06 129024 23 3.15718 0.370406 0.00830223 3.82276 2281.22
2.94522e-06 3.45176e-06 278016 118 1.87101 1.02914 0.0327234 3.76264 1664.88
3.09305e-06 3.42273e-06 302592 87 1.85007 1.00055 0.0374937 3.64905 1567.26
3.36416e-06 3.43099e-06 327936 147 1.9097 1.1387 0.057621 4.4548 1307.36
3.23662e-06 3.32716e-06 129024 22 3.0369 0.348903 0.00929473 3.67325 1361.23
3.35887e-06 3.34586e-06 331008 156 2.13175 1.15084 0.0488988 4.52141 1267.8
3.0043e-06 3.27924e-06 193536 44 2.36245 0.531498 0.0110062 3.2907 42604.8
2.69607e-06 3.22547e-06 193536 52 1.53654 0.530588 0.0106756 2.66144 -87154.6
2.37078e-06 3.23396e-06 721920 320 2.155e-06 2.39592 0.166764 5.43067 -19197.9
1.84819e-06 3.11608e-06 193536 45 2.43264 0.511818 0.00996861 3.34122 -32169.2
1.26984e-06 3.13057e-06 721920 354 1.566e-06 2.30187 0.172756 5.42318 -15078.6
7.8854e-07 3.14549e-06 721920 329 1.806e-06 2.31388 0.160882 5.40057 -14915.7
7.57651e-07 3.11797e-06 643584 199 0.995113 1.93584 0.10755 5.12873 24302.3
6.63741e-07 3.07294e-06 129024 23 1.454e-06 0.373242 0.00686065 2.09352 32235.9
8.05337e-07 3.10507e-06 447744 127 1.522e-06 1.44781 0.07483 2.91602 10546.8
1.71237e-06 3.13222e-06 786432 142 0.361332 2.5487 0.173594 5.7119 949.08
2.28334e-06 3.17736e-06 786432 410 0.356885 2.64079 0.140794 6.21182 948.713
2.76821e-06 3.21599e-06 786432 350 0.349178 2.65065 0.145873 6.11552 951.857
2.77594e-06 3.12987e-06 129024 29 2.93597 0.359384 0.00964015 3.60233 951.577
3.21435e-06 3.15641e-06 786432 242 0.410635 2.56581 0.218411 5.88912 955.779
3.48167e-06 3.19263e-06 786432 410 0.40005 2.6247 0.22777 6.24974 961.291
3.34344e-06 3.1039e-06 129024 25 2.93279 0.354686 0.00832023 3.58593 961.906
3.66573e-06 3.10885e-06 348672 102 1.75756 1.09086 0.0499481 3.96744 965.323
3.866e-06 3.19691e-06 331008 161 2.15256 1.1748 0.0483334 4.57606 953.977
3.74102e-06 3.1227e-06 193536 40 2.42125 0.546911 0.00934023 3.36967 949.322
3.62782e-06 3.07939e-06 193536 46 2.33597 0.562445 0.00977665 3.30715 942.232
3.85271e-06 3.10653e-06 697344 292 2.821e-06 2.24202 0.119638 4.89538 950.583
4.04338e-06 3.12273e-06 677376 305 1.931e-06 2.15916 0.15332 4.88847 958.192
4.23427e-06 3.17888e-06 655104 268 1.574e-06 2.22964 0.120286 5.47884 957.917
4.3298e-06 3.2475e-06 650496 379 1.476e-06 2.29103 0.144063 5.07523 958.782
4.57212e-06 3.27336e-06 656640 162 1.993e-06 2.21735 0.135755 4.69694 972.046
4.54893e-06 3.21589e-06 636672 304 2.191e-06 1.90109 0.109359 4.51005 976.597
4.6205e-06 3.23202e-06 633600 190 1.776e-06 2.08871 0.120449 4.28602 993.13
4.62205e-06 3.16694e-06 619776 286 2.269e-06 1.80145 0.132346 4.40298 996.81
4.57403e-06 3.13659e-06 577536 267 2.403e-06 1.74137 0.0929146 3.99922 997.146
4.64235e-06 3.18092e-06 622848 202 1.624e-06 2.09169 0.12184 4.31188 1010.7
4.64639e-06 3.26755e-06 590592 320 2.165e-06 2.13445 0.11829 4.53946 1004.87
4.70873e-06 3.22406e-06 609024 207 1.959e-06 1.85756 0.123888 4.32196 1011.9
4.59774e-06 3.18521e-06 577536 335 1.844e-06 1.74982 0.119706 4.06293 1003.5
4.70545e-06 3.19862e-06 637440 132 3.413e-06 2.07314 0.133303 4.16387 1022.78
4.72205e-06 3.27956e-06 606720 257 2.179e-06 2.18622 0.131221 4.51049 1026.82
4.73491e-06 3.30517e-06 604416 257 2.474e-06 2.0596 0.116264 4.39938 1028.96
4.72799e-06 3.25165e-06 611328 259 2.163e-06 1.85694 0.128666 4.35214 1031.37
4.66008e-06 3.1912e-06 568320 282 4.1e-06 1.67622 0.0942891 4.02688 1020.93
4.77395e-06 3.2505e-06 596736 177 2.418e-06 2.08124 0.118413 4.28706 1034.71
4.75213e-06 3.19489e-06 603648 278 1.6e-06 1.7943 0.121427 4.35116 1031.75
4.79751e-06 3.17266e-06 594432 214 3.499e-06 1.83309 0.122382 4.3276 1035.67
4.78397e-06 3.23182e-06 604416 269 2.759e-06 2.0964 0.108425 4.41137 1032.1
4.796e-06 3.27129e-06 612864 207 2.049e-06 2.10161 0.138948 4.34903 1114.62
4.68485e-06 3.23277e-06 573696 300 1.729e-06 1.76624 0.100823 4.09022 1051.98
4.76674e-06 3.28771e-06 596736 197 2.097e-06 2.09302 0.113828 4.29438 1009.82
4.76531e-06 3.31301e-06 612864 257 1.971e-06 2.09246 0.132106 4.38997 1010.19
4.70827e-06 3.2316e-06 573696 282 2.206e-06 1.66713 0.0906779 4.02529 926.186
4.68691e-06 3.41497e-06 641280 215 1.518e-06 2.66032 0.115653 4.20591 1006.35
4.62175e-06 3.38173e-06 312576 72 2.13397 1.01549 0.0377235 3.92967 1011.48
4.59274e-06 3.32581e-06 627456 329 1.958e-06 1.94645 0.09871 4.57071 986.955
4.61195e-06 3.23035e-06 580608 206 2.198e-06 1.65387 0.0895938 3.90817 943.411
4.63574e-06 3.28602e-06 605184 304 1.863e-06 2.12339 0.117435 4.5028 922.281
4.67613e-06 3.21889e-06 627456 259 2.107e-06 1.85123 0.189837 4.37946 889.381
4.73702e-06 3.226e-06 599808 304 1.874e-06 1.95205 0.128334 4.58006 826.703
4.84334e-06 3.25055e-06 612864 202 2.125e-06 2.05233 0.111557 4.28665 788.429
4.86737e-06 3.20132e-06 625920 294 1.636e-06 1.8805 0.0980949 4.52367 759.358
4.92751e-06 3.24925e-06 604416 294 1.923e-06 2.07979 0.122197 4.45017 741.683
5.01204e-06 3.20248e-06 611328 202 2.929e-06 1.84339 0.131042 4.3081 742.06
5.03328e-06 3.19047e-06 608256 304 2.031e-06 1.91139 0.122414 4.50877 714.407
5.08206e-06 3.30444e-06 582144 304 1.448e-06 2.18905 0.125773 4.55586 735.93
5.13372e-06 3.29949e-06 685056 225 1.88e-06 2.24676 0.117879 4.81648 738.236
5.12156e-06 3.26202e-06 599808 320 1.549e-06 1.86669 0.143486 4.51429 745.438
5.23164e-06 3.28227e-06 648960 211 1.741e-06 2.18264 0.12697 4.74383 725.017
5.21914e-06 3.30027e-06 637440 214 1.707e-06 2.14963 0.106623 4.37431 744.867
5.25705e-06 3.37095e-06 633600 214 2.042e-06 2.31495 0.146818 4.53558 768.705
5.24231e-06 3.38413e-06 609024 239 1.773e-06 2.09313 0.159874 4.33235 740.345
5.26143e-06 3.4108e-06 595968 257 1.921e-06 2.09632 0.135475 4.4058 721.813
5.28626e-06 3.43596e-06 607488 220 1.998e-06 2.14842 0.107973 4.37143 731.138
5.29495e-06 3.4592e-06 590592 269 1.848e-06 2.0979 0.143628 4.43967 734.399
4.84606e-06 3.33006e-06 129024 10 2.90396 0.363004 0.00830069 3.53767 755.178
4.56442e-06 3.20539e-06 193536 50 2.37564 0.523847 0.00973015 3.30859 720.47
4.66788e-06 3.39272e-06 639744 232 2.705e-06 2.64984 0.14297 4.91551 741.595
4.3426e-06 3.33794e-06 129024 23 2.98657 0.402404 0.00829973 3.6925 739.683
4.05442e-06 3.23149e-06 129024 25 3.22985 0.362004 0.00856023 3.8869 695.455
4.34846e-06 3.21433e-06 721920 266 1.799e-06 2.27094 0.137619 5.35775 722.368
4.30046e-06 3.35315e-06 250368 101 2.27311 0.978547 0.0250106 3.79723 712.238
4.03845e-06 3.24546e-06 129024 23 3.01117 0.363162 0.00744611 3.66903 685.867
4.22506e-06 3.21566e-06 317184 31 2.0979 0.982145 0.0341825 3.79476 771.299
4.38886e-06 3.26576e-06 658944 342 2.32e-06 2.284 0.131964 4.99929 801.989
4.63675e-06 3.24036e-06 721920 205 1.83e-06 2.26595 0.152171 5.12827 769.626
4.74618e-06 3.25981e-06 334080 154 1.90248 1.11503 0.054635 4.24694 740.111
4.8399e-06 3.237e-06 343296 115 1.71702 1.07993 0.0505314 3.95701 761.432
4.83816e-06 3.21965e-06 350976 148 1.71608 1.10566 0.0501972 4.03517 770.278
5.02764e-06 3.25698e-06 327168 78 2.06893 1.11443 0.0467939 4.27146 804.161
4.81926e-06 3.21129e-06 321792 131 1.75576 0.974559 0.0334248 3.60336 863.308
4.89119e-06 3.22778e-06 620544 179 2.01e-06 2.04392 0.125866 4.23205 873.541
4.93178e-06 3.29698e-06 588288 257 2.262e-06 2.10241 0.120582 4.4311 902.807
5.02121e-06 3.31318e-06 609024 157 1.642e-06 2.05728 0.10726 4.20932 910.96
4.89547e-06 3.25673e-06 579840 259 1.882e-06 1.75744 0.0955 4.00391 1017.35
4.95225e-06 3.27271e-06 620544 153 3.096e-06 2.07053 0.153046 4.22344 1020.69
4.83388e-06 3.20091e-06 580608 250 2.854e-06 1.69173 0.0974686 4.01745 1039.4
4.89654e-06 3.24969e-06 595968 184 1.705e-06 2.05299 0.137191 4.25736 1013.62
4.843e-06 3.20897e-06 567552 206 1.426e-06 1.7288 0.0960721 3.90536 1029.35
4.83321e-06 3.1616e-06 569856 155 3.448e-06 1.69368 0.0887657 3.76772 1076.36
4.92702e-06 3.32501e-06 619008 151 1.583e-06 2.46281 0.114689 4.274 1059.13
4.52214e-06 3.2113e-06 193536 50 2.36508 0.533478 0.00969777 3.32715 1121.66
4.47317e-06 3.18324e-06 576000 259 1.738e-06 1.7689 0.120631 3.97785 1125.65
4.63862e-06 3.21404e-06 613632 132 1.806e-06 2.04784 0.117901 4.15911 1051.76
4.33039e-06 3.15798e-06 193536 52 2.39405 0.567784 0.00959194 3.36977 934.131
4.47712e-06 3.11863e-06 612096 203 1.935e-06 1.81257 0.152607 4.27199 981.21
4.54649e-06 3.09276e-06 585984 269 3.101e-06 1.75165 0.101355 4.40965 1017.5
4.75256e-06 3.12082e-06 681216 110 1.905e-06 2.2024 0.126089 4.59897 964.649
4.76489e-06 3.11584e-06 611328 269 2.181e-06 1.89264 0.115882 4.48195 962.764
4.73929e-06 3.10874e-06 571392 226 1.95e-06 1.76007 0.116744 3.93451 968.776
4.87129e-06 3.16532e-06 604416 138 1.792e-06 2.04998 0.141271 4.16134 962.332
4.82436e-06 3.15089e-06 572160 224 2.026e-06 1.76977 0.0971634 3.98405 972.643
4.90751e-06 3.14676e-06 640512 98 1.55e-06 2.00496 0.122937 4.04731 1005.29
4.89762e-06 3.13247e-06 582144 269 9.223e-06 1.79026 0.121625 4.33969 1013.61
4.8781e-06 3.11294e-06 575232 148 1.912e-06 1.74575 0.0963818 3.79739 1057.46
4.95138e-06 3.19181e-06 591360 177 2.255e-06 2.07405 0.12143 4.2637 1036.8
4.88354e-06 3.16701e-06 572928 194 2.793e-06 1.75765 0.122178 3.89593 1050.94
5.00888e-06 3.25251e-06 588288 127 3.064e-06 2.11459 0.116308 4.20844 1029.74
4.6292e-06 3.15365e-06 193536 40 2.38631 0.53382 0.0109954 3.31247 1032.15
4.61263e-06 3.11372e-06 569088 225 1.806e-06 1.68109 0.112888 3.88546 1013.58
4.66095e-06 3.07087e-06 569856 148 2.154e-06 1.65228 0.100533 3.77215 1015.16
4.83499e-06 3.10764e-06 661248 142 1.736e-06 2.15217 0.140778 4.60654 979.709
4.78686e-06 3.09206e-06 577536 235 1.828e-06 1.74978 0.0942514 3.98485 948.352
4.79564e-06 3.06597e-06 575232 137 1.704e-06 1.70361 0.13064 4.34737 972.777
4.91248e-06 3.1046e-06 687360 148 1.706e-06 2.24019 0.125167 4.67734 922.703
4.90198e-06 3.07248e-06 612864 269 2.199e-06 1.80428 0.106258 4.42354 889.797
4.9509e-06 3.15231e-06 605952 225 1.905e-06 2.10363 0.107453 4.33971 880.66
5.0346e-06 3.15479e-06 592896 239 1.799e-06 1.87634 0.153719 4.58972 927.512
5.03537e-06 3.23469e-06 581376 257 2.823e-06 2.06637 0.131704 4.38168 929.198
5.10576e-06 3.25983e-06 613632 129 1.692e-06 2.06204 0.127308 4.17103 930.666
5.08969e-06 3.25295e-06 581376 269 2.522e-06 1.87518 0.122364 4.44035 936.758
5.09119e-06 3.19821e-06 574464 121 1.832e-06 1.71147 0.10026 3.73454 971.051
5.12429e-06 3.20215e-06 587520 214 1.649e-06 1.8906 0.136077 4.39701 963.187
5.19731e-06 3.25685e-06 600576 132 2.294e-06 2.0874 0.143772 4.20261 920.685
4.8234e-06 3.17342e-06 193536 44 2.39436 0.549585 0.0104426 3.34042 840.219
4.88056e-06 3.16792e-06 592896 259 2.113e-06 1.8652 0.111277 4.38708 860.182
4.97868e-06 3.17091e-06 592896 197 2.222e-06 1.88711 0.124802 4.28483 887.381
5.03873e-06 3.25922e-06 592128 202 1.858e-06 2.13904 0.131307 4.35738 890.614
5.06539e-06 3.32489e-06 587520 224 2.104e-06 2.10776 0.133841 4.35679 915.322
5.11552e-06 3.34386e-06 595968 189 2.749e-06 2.03806 0.150139 4.23756 897.379
5.05147e-06 3.2659e-06 576768 194 1.757e-06 1.70381 0.0974709 3.80036 901.404
5.10481e-06 3.23387e-06 585984 207 2.013e-06 1.81992 0.128015 4.3031 910.444
5.12235e-06 3.29984e-06 582144 239 2.144e-06 2.07459 0.108342 4.34088 899.974
5.19315e-06 3.33962e-06 585984 157 3.666e-06 2.0502 0.114841 4.1824 905.826
5.16945e-06 3.36224e-06 599808 232 1.813e-06 2.07098 0.137816 4.3049 936.299
5.03257e-06 3.50265e-06 235776 64 2.22523 0.958262 0.0268776 3.65455 897.75
4.55868e-06 3.40336e-06 129024 26 3.04353 0.387871 0.00905752 3.72211 901.962
4.20827e-06 3.28066e-06 129024 12 3.30924 0.359956 0.0103917 3.93647 945.351
4.16138e-06 3.41111e-06 235008 110 2.20245 0.924273 0.0249306 3.66912 895.375
4.35872e-06 3.49355e-06 275712 80 2.09782 1.05413 0.0336266 3.93982 889.939
4.03224e-06 3.38893e-06 129024 30 3.19859 0.383258 0.00906777 3.89678 863.654
3.78573e-06 3.31855e-06 129024 18 3.13441 0.39185 0.00867357 3.79769 869.822
4.02852e-06 3.32549e-06 721920 353 2.02e-06 2.42079 0.143898 5.52572 941.967
3.80937e-06 3.26283e-06 129024 18 2.86612 0.388642 0.00841202 3.54937 973.456
3.61015e-06 3.24541e-06 129024 26 2.92799 0.409748 0.00833644 3.63183 968.036
3.46383e-06 3.16646e-06 129024 12 2.91573 0.367801 0.00891594 3.55826 1022.55
3.32724e-06 3.09875e-06 129024 30 3.01132 0.364873 0.00837694 3.70151 999.407
3.85384e-06 3.10562e-06 721920 85 2.036e-06 2.26184 0.132128 4.94454 973.937
3.8586e-06 3.27923e-06 239616 103 2.04604 0.952153 0.0248439 3.5342 922.338
3.65349e-06 3.18205e-06 129024 8 3.13783 0.360408 0.00858265 3.75223 998.111
4.07598e-06 3.31404e-06 258816 60 2.21762 0.994367 0.0444336 3.96115 1040.74
3.81233e-06 3.24176e-06 129024 10 3.12473 0.380962 0.0091709 3.76232 1096
3.70976e-06 3.13838e-06 193536 25 2.40695 0.527359 0.00928123 3.29718 1155.82
3.87955e-06 3.20495e-06 649728 317 1.895e-06 2.25536 0.142058 4.95812 1189.01
3.70849e-06 3.11737e-06 193536 33 2.35276 0.535519 0.0101754 3.26278 1210.51
3.85273e-06 3.17819e-06 659712 343 1.71e-06 2.2572 0.167384 5.00209 1193.62
4.08446e-06 3.21165e-06 653568 211 2.254e-06 2.18649 0.138935 4.75568 1183.6
3.82213e-06 3.67452e-06 193536 41 2.32971 1.06949 0.00819982 3.84312 1268.1
3.55052e-06 3.52404e-06 129024 25 2.95969 0.377023 0.00930857 3.62828 1238.68
3.58749e-06 3.60947e-06 235008 75 2.1787 0.928563 0.0263858 3.61097 1245.86
