3.45813e-06 2.85864e-06 129024 440 3.22859 0.368833 0.0111248 5.72076 1166.67
4.38122e-06 3.08952e-06 691968 268 1.527e-06 2.29761 0.14886 5.00319 759.627
4.63443e-06 3.1187e-06 695040 286 1.621e-06 2.20818 0.14753 4.93132 772.027
4.73195e-06 3.07282e-06 637440 257 1.525e-06 1.871 0.110946 4.45517 772.961
4.8444e-06 3.062e-06 612864 257 1.802e-06 1.85007 0.121657 4.49634 756.357
4.94673e-06 3.09341e-06 587520 273 1.586e-06 1.9097 0.128266 4.55725 750.257
5.03447e-06 3.10611e-06 590592 214 2.371e-06 1.87947 0.141855 4.45053 755.838
5.07927e-06 3.17378e-06 584448 286 6.292e-06 2.13174 0.136835 4.53478 748.312
5.14258e-06 3.18474e-06 721920 256 1.57e-06 2.36244 0.141732 5.3746 729.76
5.15395e-06 3.22806e-06 424704 119 1.607e-06 1.53653 0.106854 3.01487 757.238
5.02268e-06 3.18058e-06 193536 23 2.39592 0.523669 0.0114066 3.28455 777.723
5.10544e-06 3.21839e-06 721920 328 1.0394e-05 2.43262 0.16838 5.56887 781.887
4.50308e-06 3.13149e-06 193536 25 2.30187 0.538776 0.0118932 3.21103 3336.02
3.93091e-06 3.08099e-06 193536 24 2.31389 0.557188 0.012832 3.23169 4912.84
3.44169e-06 3.04643e-06 129024 16 1.818e-06 0.37523 0.00662263 2.16614 5571.38
3.0577e-06 3.02486e-06 129024 12 1.771e-06 0.379148 0.00692555 2.04491 6220.27
2.72894e-06 2.9475e-06 129024 13 1.799e-06 0.340368 0.00691818 2.08314 7039.57
2.44126e-06 2.9937e-06 129024 13 1.989e-06 0.410103 0.00615493 2.16892 7961.85
2.36475e-06 3.127e-06 271872 70 2.168e-06 0.995108 0.0744941 2.20739 7185.3
2.29824e-06 3.18095e-06 786432 413 0.373246 2.67132 0.214736 6.29595 4322.68
2.11524e-06 3.09346e-06 129024 26 3.0774 0.353978 0.0095973 3.74333 4666.54
2.07879e-06 3.03486e-06 129024 8 2.154e-06 0.361327 0.00724572 1.98618 5603.79
1.91696e-06 2.98109e-06 129024 23 1.679e-06 0.356881 0.00629072 2.19453 5779.98
1.82659e-06 2.92613e-06 129024 15 2.012e-06 0.349174 0.00494484 2.162 6246.27
1.80019e-06 3.01254e-06 530688 257 1.677e-06 1.78216 0.0979703 4.06652 6282
1.90076e-06 3.04655e-06 129024 12 1.869e-06 0.41063 0.00623638 1.96258 6617.85
1.73808e-06 3.05735e-06 129024 23 2.643e-06 0.400042 0.00522701 1.99457 6765.42
1.72125e-06 3.08735e-06 536064 235 1.832e-06 1.71935 0.112741 3.97197 6764.66
1.9291e-06 3.09006e-06 566784 148 1.92e-06 1.75755 0.111373 3.85591 4633.03
1.99458e-06 3.20866e-06 584448 286 1.59e-06 2.15255 0.183097 4.54804 4341.43
1.90796e-06 3.1461e-06 129024 18 2.96816 0.373632 0.00886163 3.63071 4638.05
1.80727e-06 3.11837e-06 129024 22 2.89842 0.388037 0.00912568 3.58142 4905.7
1.83249e-06 3.34245e-06 218112 53 2.24202 0.924526 0.0308796 3.63058 5347.71
1.6888e-06 3.22341e-06 129024 25 3.07393 0.354463 0.0100465 3.71523 5797.68
1.88124e-06 3.38141e-06 260352 54 2.22964 1.0449 0.0345337 4.03767 5468.65
1.71478e-06 3.29594e-06 129024 30 3.33868 0.381144 0.0093753 4.02838 5774.38
1.9848e-06 3.45082e-06 258816 46 2.21735 1.05347 0.0460078 4.01428 5128.15
1.80422e-06 3.30731e-06 129024 30 2.95295 0.352657 0.00993688 3.60591 5320.57
2.01347e-06 3.36119e-06 276480 47 2.08871 0.988887 0.0500525 3.83057 5107.71
2.07767e-06 3.3593e-06 295680 58 1.80145 0.991042 0.0416706 3.55949 5290.99
2.02059e-06 3.40183e-06 325632 146 1.74137 1.16315 0.0502718 4.14817 5000.3
2.06786e-06 3.41876e-06 292608 65 2.09169 1.02017 0.0456161 3.90001 5229.38
2.03387e-06 3.4269e-06 304128 81 2.13445 1.05213 0.0468151 4.00516 5369.44
2.1991e-06 3.40368e-06 306432 39 1.85757 1.01453 0.0427924 3.61482 5259.29
1.97988e-06 3.30891e-06 129024 32 2.90359 0.37802 0.0103661 3.59858 5311.48
2.17782e-06 3.37575e-06 249600 19 2.07314 0.909316 0.0358143 3.37887 5454.03
2.27436e-06 3.39618e-06 289536 46 2.18622 1.00697 0.0432581 3.95424 5397.4
2.28924e-06 3.35625e-06 305664 53 2.0596 0.97707 0.0478067 3.8034 5495.46
2.33495e-06 3.35968e-06 304128 47 1.85695 1.02595 0.046564 3.62834 5499.65
2.13551e-06 3.38182e-06 297216 157 1.67622 1.03146 0.0470523 3.65226 5078.77
2.27728e-06 3.41798e-06 287232 43 2.08124 1.0233 0.0411028 3.84453 5191.14
2.32914e-06 3.41192e-06 298752 49 1.7943 1.01207 0.0460244 3.56539 5264.4
2.33024e-06 3.41969e-06 314880 54 1.83309 1.08658 0.0384718 3.69425 5317.67
2.32952e-06 3.40877e-06 310272 56 2.09641 1.04409 0.0502363 3.92663 5375.56
2.41228e-06 3.41971e-06 302592 45 2.10162 1.04802 0.0454736 3.90151 5105.9
2.26883e-06 3.46989e-06 284928 112 1.76625 1.04587 0.0459641 3.65752 4863.41
2.38223e-06 3.4676e-06 294144 46 2.09302 1.01727 0.0426286 3.87381 4964.63
2.43164e-06 3.44407e-06 302592 51 2.09247 1.01368 0.0511109 3.87511 4873.22
2.30604e-06 3.47522e-06 288768 107 1.66713 1.03951 0.0483747 3.56367 4784.48
2.13781e-06 3.35359e-06 129024 18 3.72276 0.369922 0.00889472 4.36631 5047.27
2.18413e-06 3.39261e-06 601344 224 1.818e-06 2.13397 0.145417 4.42831 4951.06
2.26541e-06 3.40605e-06 288000 59 1.94645 0.996425 0.0471116 3.72582 4616.1
2.26073e-06 3.40608e-06 334848 113 1.65388 1.14056 0.0584228 3.96019 4420.04
2.27427e-06 3.40783e-06 297216 77 2.1234 1.01494 0.0403584 3.95418 4285.75
2.39273e-06 3.41106e-06 288000 54 1.85123 0.986103 0.0529918 3.60278 4200.86
2.18111e-06 3.32811e-06 129024 30 3.00565 0.386597 0.00905168 3.69666 4139.19
2.40425e-06 3.38284e-06 288768 42 2.05233 1.04008 0.0474204 3.83152 4034.31
2.41357e-06 3.40427e-06 289536 77 1.8805 1.01047 0.0481285 3.69576 3989.93
2.20276e-06 3.32275e-06 129024 29 3.11899 0.386642 0.00922455 3.80329 4053.82
2.41903e-06 3.34023e-06 288768 37 1.84339 0.984747 0.0467813 3.56848 4638.51
2.40972e-06 3.35894e-06 307200 63 1.9114 1.05485 0.0414802 3.74579 4638.06
2.28994e-06 3.34238e-06 309504 110 2.18905 1.01399 0.0415461 4.07544 4352.33
2.38009e-06 3.4582e-06 230400 34 2.24677 0.90351 0.0304962 3.57055 4426.85
2.26265e-06 3.57102e-06 139008 60 2.88125 0.55913 0.0216267 4.09604 4226.22
2.55566e-06 3.59393e-06 146688 39 3.08204 0.540626 0.0222912 4.25263 1762.69
2.69571e-06 3.59651e-06 154368 53 3.06525 0.556782 0.0221566 4.26818 1650.69
2.94329e-06 3.66499e-06 139008 39 3.36502 0.54754 0.0214518 4.52823 1626.88
2.82143e-06 3.48133e-06 129024 23 3.11135 0.354392 0.00845047 3.75413 1636.9
3.03545e-06 3.69859e-06 141312 47 3.13858 0.645461 0.0163794 4.41437 1509.24
2.92321e-06 3.54318e-06 129024 18 3.18263 0.376945 0.0090813 3.83615 1610.93
2.79983e-06 3.43579e-06 129024 25 3.22032 0.387875 0.00971584 3.90314 1560.48
3.24834e-06 3.40338e-06 721920 166 1.533e-06 2.36338 0.13859 5.12592 1601.37
3.07337e-06 3.31065e-06 129024 25 2.89949 0.379298 0.00915851 3.57664 1591.15
2.95907e-06 3.27139e-06 129024 22 3.66972 0.401826 0.00851001 4.36956 1536.63
3.168e-06 3.28092e-06 721920 329 1.985e-06 2.39609 0.19616 5.46165 1657.99
3.309e-06 3.2903e-06 692736 300 2.026e-06 2.3053 0.20578 5.01815 1645.08
3.16341e-06 3.15407e-06 193536 32 2.27094 0.504963 0.00862797 3.14072 1759.31
2.93236e-06 3.20681e-06 665088 330 1.796e-06 2.27311 0.129976 5.0485 4843.91
2.84559e-06 3.17335e-06 516096 136 2.14e-06 1.56869 0.085635 3.36311 4870.12
2.94357e-06 3.24e-06 598272 111 1.487e-06 2.09789 0.11406 4.16427 4904.83
2.60864e-06 3.34097e-06 247296 100 2.284 0.926088 0.026337 3.72637 4880.71
2.35783e-06 3.23234e-06 193536 35 2.26595 0.541482 0.00736593 3.18582 4924.17
2.28414e-06 3.24035e-06 581376 287 1.827e-06 1.90248 0.122584 4.52083 5072.82
2.27897e-06 3.19247e-06 572160 190 1.492e-06 1.71702 0.120249 3.82934 5040.61
2.21998e-06 3.18075e-06 547584 238 1.694e-06 1.71607 0.0975035 3.9532 5208.61
2.29565e-06 3.24797e-06 588288 184 1.876e-06 2.06893 0.109846 4.27913 4954.91
2.21751e-06 3.21293e-06 571392 263 1.708e-06 1.75575 0.0905203 3.9717 4907.04
2.12815e-06 3.25533e-06 294912 106 2.04392 1.01004 0.0376658 3.87388 4670.15
2.02962e-06 3.3337e-06 288768 132 2.10241 1.05319 0.0380756 4.03785 4471.56
1.97395e-06 3.36089e-06 306432 99 2.05729 1.06322 0.0380183 3.93974 4925.86
1.80831e-06 3.41097e-06 148224 119 2.82171 0.535277 0.0208953 4.14266 4365.58
1.82138e-06 3.30987e-06 129024 12 3.10734 0.374879 0.00889426 3.76084 4573
1.74147e-06 3.31302e-06 313344 179 1.69173 1.04206 0.0483798 3.70187 4044.54
1.76264e-06 3.30932e-06 319488 115 2.053 1.05255 0.0341797 3.96548 4027.84
1.88061e-06 3.35097e-06 287232 181 1.72881 1.01036 0.0383214 3.69532 2193.79
1.96852e-06 3.45729e-06 145152 102 2.84271 0.563563 0.0183424 4.14752 2020.14
2.08196e-06 3.32018e-06 129024 11 3.48343 0.357621 0.00826301 4.1181 2107.54
2.39161e-06 3.31136e-06 721920 328 2.917e-06 2.36508 0.147695 5.4393 2085.41
2.32503e-06 3.25729e-06 129024 25 2.91974 0.392363 0.00818597 3.6049 2141.25
2.51087e-06 3.3036e-06 301824 85 2.04785 1.05301 0.0422009 3.90056 2150.95
2.40886e-06 3.17964e-06 129024 25 2.96184 0.346277 0.00853201 3.60957 2310.04
2.48232e-06 3.2412e-06 303360 114 1.81257 1.05795 0.036051 3.71935 2237.56
2.44987e-06 3.44237e-06 129792 129 2.91321 0.551232 0.0162959 4.2616 1850.46
2.48438e-06 3.39426e-06 129024 10 3.13312 0.413113 0.00841426 3.8231 1896.02
2.61728e-06 3.3769e-06 304128 125 1.89264 1.0059 0.0277898 3.77059 1784.22
2.55086e-06 3.31017e-06 129024 23 2.90612 0.392647 0.00731213 3.58809 1815.13
2.69954e-06 3.29662e-06 311040 91 2.04998 1.00853 0.0373555 3.85986 1839.23
2.68251e-06 3.40424e-06 143616 114 2.9084 0.550722 0.0175226 4.21965 1575.41
2.68276e-06 3.28153e-06 129024 9 3.05929 0.360071 0.00835443 3.67366 1648.63
2.86791e-06 3.32598e-06 333312 199 1.79028 1.16785 0.0487449 4.2651 1448.44
2.81624e-06 3.23878e-06 129024 17 2.90578 0.372878 0.00755572 3.55987 1415.61
3.06876e-06 3.32137e-06 324096 161 2.07406 1.1835 0.0564956 4.49019 1339.82
2.99049e-06 3.20267e-06 129024 20 2.9441 0.351963 0.0093693 3.59319 1299.42
3.28572e-06 3.25453e-06 327168 130 2.1146 1.13265 0.0529484 4.428 1303.16
3.1355e-06 3.18017e-06 129024 20 2.92014 0.371941 0.00904988 3.576 1350.45
3.25236e-06 3.21424e-06 346368 222 1.68109 1.16051 0.0515321 4.17641 1189.56
3.25192e-06 3.34169e-06 136704 134 2.81228 0.526516 0.0179209 4.10735 1062.03
3.17607e-06 3.24501e-06 129024 10 3.04734 0.368785 0.0082918 3.68108 1106.66
3.35255e-06 3.25781e-06 337920 236 1.74979 1.11818 0.0502758 4.23438 987.668
3.46231e-06 4.91938e-06 133632 115 3.17859 1.54554 0.0181246 5.47254 890.913
3.36239e-06 4.53379e-06 129024 10 3.1719 0.385966 0.00919013 3.83366 938.608
3.19067e-06 4.30069e-06 129024 25 2.8895 0.434594 0.0088673 3.61295 1314.15
3.068e-06 4.01138e-06 129024 18 3.21339 0.368248 0.0090828 3.86365 1333.1
2.94742e-06 3.78992e-06 129024 23 2.91932 0.374699 0.00855476 3.58486 1335.3
2.84138e-06 3.59152e-06 129024 23 3.22307 0.360997 0.00847893 3.86922 1345.18
2.81697e-06 3.47217e-06 129024 10 3.10557 0.386398 0.00968763 3.75635 1469.2
2.98566e-06 3.49721e-06 334080 223 1.87519 1.20181 0.0563563 4.41499 1252.64
2.93322e-06 3.37246e-06 129024 12 2.86575 0.370746 0.0108903 3.49937 1267.23
2.82674e-06 3.31193e-06 129024 22 3.03256 0.396078 0.00905984 3.72681 1707.96
2.63403e-06 3.33148e-06 314880 122 2.0874 1.07364 0.0378252 4.03011 3833.25
2.4172e-06 3.21693e-06 129024 23 2.94395 0.355944 0.00917876 3.59767 3857.82
2.30787e-06 3.27057e-06 303360 139 1.86521 1.05725 0.0349458 3.82603 3608.74
2.23342e-06 3.28721e-06 313344 123 1.88712 1.05088 0.0360591 3.79745 3572.09
2.24078e-06 3.33313e-06 323328 149 2.13904 1.13708 0.0487482 4.49193 3520.79
2.20705e-06 3.40965e-06 325632 172 2.10776 1.20997 0.0461131 4.56853 3535.14
2.12947e-06 3.36581e-06 319488 139 2.03806 1.01931 0.0312385 3.93823 3540.42
2.05225e-06 3.41623e-06 296448 156 1.70382 1.07253 0.0350584 3.67653 3508.01
2.10724e-06 3.45728e-06 329472 143 1.81993 1.19317 0.0458525 4.21044 3485.41
2.04747e-06 3.46889e-06 333312 221 2.0746 1.1717 0.047171 4.58538 3480.08
2.03701e-06 3.34083e-06 129024 13 3.33808 0.364959 0.00869701 3.9777 3737.94
1.94742e-06 3.3496e-06 315648 159 2.07098 1.06837 0.0363341 4.0589 3913.82
2.14409e-06 3.33447e-06 679680 219 3.862e-06 2.22522 0.150876 4.80785 3853.39
1.91587e-06 3.23218e-06 193536 86 2.49716 0.546362 0.00895609 3.51971 3928.7
2.19804e-06 3.25512e-06 712704 183 1.205e-05 2.38531 0.15933 5.23931 4032.08
2.20708e-06 3.25144e-06 680448 323 2.364e-06 2.20244 0.137725 4.95193 4177.87
2.27068e-06 3.25699e-06 639744 214 2.521e-06 2.09782 0.1302 4.35654 4339.18
2.25356e-06 3.32151e-06 595200 304 2.923e-06 2.13059 0.121042 4.52167 4219.86
2.74299e-06 3.33061e-06 622080 184 8.781e-06 2.09454 0.12035 4.28534 1291.84
2.67984e-06 3.20314e-06 193536 90 2.4208 0.52124 0.00938726 3.42549 1175.86
3.24325e-06 3.20365e-06 721920 243 2.316e-06 2.31427 0.174497 5.28346 826.218
3.2078e-06 3.12085e-06 193536 90 2.38808 0.539901 0.00870872 3.40746 747.108
3.79565e-06 3.15104e-06 721920 183 3.963e-06 2.36198 0.132495 5.2118 544.913
4.08814e-06 3.34433e-06 221184 161 2.1006 0.910716 0.026316 3.64829 480.703
3.8982e-06 3.27507e-06 129024 5 2.83955 0.386822 0.00833734 3.48681 526.707
3.75705e-06 3.1876e-06 129024 30 2.9982 0.36613 0.0102964 3.68602 544.404
4.01592e-06 3.31354e-06 238848 75 2.22607 0.911759 0.0284515 3.62304 529.367
3.81259e-06 3.27332e-06 129024 13 3.21199 0.401582 0.0110756 3.87809 545.247
4.16192e-06 3.33409e-06 282624 98 2.11374 1.01099 0.0377572 3.94949 571.846
3.94952e-06 3.23753e-06 129024 18 2.93432 0.367883 0.00905663 3.57977 571.335
3.78198e-06 3.18319e-06 129024 25 3.29279 0.38266 0.00953497 3.97656 598.605
4.25817e-06 3.19835e-06 721920 234 1.54e-06 2.35275 0.13863 5.30483 499.07
4.31852e-06 3.2899e-06 255744 134 2.2572 0.935024 0.026603 3.77489 440.059
4.08744e-06 3.20253e-06 129024 18 3.19545 0.368109 0.00901301 3.85041 447.867
4.4397e-06 3.20744e-06 721920 316 1.0989e-05 2.32969 0.136765 5.30469 490.866
4.73105e-06 3.22342e-06 721920 336 2.238e-06 2.37319 0.150282 5.50481 524.73
4.8925e-06 3.2191e-06 680448 287 3.442e-06 2.17869 0.132482 4.88932 567.162
