2	311911		4210.07		596.019	4.4619e+06
2	275105		6318.32		786.736	3.33825e+06
3	283608		5627.88		712.463	3.43701e+06
3	296856		4940.54		738.864	3.97366e+06
4	301721		4615.76		689.388	3.96698e+06
4	281942		5735.89		781.316	3.57996e+06
5	304224		4468.54		664.734	3.95225e+06
5	279093		5923.5		827.068	3.4204e+06
6	281661		5692.31		776.845	3.43206e+06
6	351753		1309.75		673.541	3.81135e+06
7	350370		1328.52		646.984	3.91362e+06
7	281661		5693.17		756.792	3.38148e+06
8	350548		1324.74		616.721	3.80356e+06
8	284076		5581.05		787.257	3.2711e+06
9	298810		4807.57		588.711	3.78629e+06
9	280961		5776.96		770.807	3.24824e+06
10	298129		4859.16		573.019	3.69964e+06
10	279614		5852.94		761.685	3.23592e+06
11	308695		4209.78		574.79	3.76427e+06
11	279900		5850.53		746.05	3.2194e+06
12	281119		5710.76		727.979	3.49973e+06
12	308655		4213.71		568.023	3.85653e+06
13	330236		3459.32		573.629	3.85274e+06
13	281275		5694.57		765.508	3.49929e+06
14	283133		5494.52		756.342	3.70749e+06
14	323132		3640.91		575.414	3.88048e+06
15	288755		5134.71		745.755	3.9191e+06
15	319745		3443.54		572.857	3.92969e+06
16	288755		5134.71		730.82	3.91387e+06
16	316126		3367.48		569.159	3.96592e+06
17	319091		3322.53		571.501	3.94838e+06
17	331824		3507.39		718.057	3.90905e+06
18	335911		3395.47		695.766	4.20891e+06
18	325427		3255.08		581.353	3.9084e+06
19	342310		3241.78		725.543	4.32926e+06
19	323186		3085.21		578.645	3.89063e+06
20	349601		3078.84		750.856	4.3061e+06
20	319559		3170.3		574.932	3.92291e+06
21	352173		3024.85		744.53	4.41387e+06
21	316548		3015.45		574.044	3.96604e+06
22	352624		3029.62		732.477	3.97254e+06
22	315734		3049.58		566.063	3.56948e+06
23	357295		3045.46		749.484	3.57538e+06
23	313635		2911.58		563.21	3.21259e+06
24	362888		2932.96		791.001	3.21796e+06
24	309978		3144.25		553.281	2.89138e+06
25	305909		3255.67		551.74	2.60229e+06
25	365020		3052.56		839.365	2.89629e+06
26	370453		2949.56		827.59	2.60673e+06
26	383287		929.299		540.587	2.34211e+06
27	374639		2880.7		855.946	2.34617e+06
27	316290		3031.64		534.176	2.10794e+06
28	318457		2904.07		543.479	1.89721e+06
28	395046		2649.81		823.478	2.11161e+06
29	396909		2629.12		799.784	1.90051e+06
29	321599		3080.11		546.952	1.70755e+06
30	397258		2633.27		791.309	1.71053e+06
30	329507		2765.91		548.71	1.53685e+06
31	396486		2619.16		772.755	1.53953e+06
31	330336		2767.85		563.358	1.38323e+06
32	332444		2675.67		568.534	1.24497e+06
32	424250		2328.38		742.605	1.38563e+06
33	426106		2312.4		728.924	1.24713e+06
33	331894		2658.97		564.921	1.12053e+06
34	333550		2603.06		572.52	1.00854e+06
34	435138		2272.5		731.193	1.12249e+06
35	332697		2747.08		640.332	907811
35	448934		2174.62		715.548	1.0103e+06
36	332760		2840.67		662.883	817116
36	447265		2184.61		699.749	909323
37	450382		2161.67		747.264	818508
37	332837		2853.96		651.585	735460
38	330495		2876.6		637.55	661965
39	328331		3396		654.268	595849
40	329758		3642.49		669.4	536345
41	329960		4132.86		689.034	482797
42	328884		4124.74		675.196	434572
43	328421		3890.88		664.921	391172
44	327175		3832.21		651.846	352108
45	327243		3669.62		642.212	316953
46	326714		3596.09		631.816	285311
47	326590		3581.1		627.99	256840
48	326060		3498.18		625.521	231216
49	326337		3392.29		623.692	208155
50	325732		3403.56		616.007	187394
50	348695		1994.66		597.388	168698
50	351449		1903.32		596.925	151887
50	355215		1784.52		599.602	136761
50	358689		1685.14		606.163	123151
50	364197		1572.09		616.109	110907
50	367509		1485.62		608.054	99869.7
50	374164		1385.96		601.455	89936.9
50	367587		1432.11		594.401	80996.3
50	389730		1187.26		590.568	72952.3
50	405339		1069.59		583.431	65709
50	401098		1084.67		578.664	59191.7
50	368917		1322.79		576.212	53327.9
50	359629		1380.14		570.288	48046.8
50	377996		1175.42		568.811	43297.7
50	378148		1175.62		564.133	39020.1
50	394528		1045.6		563.73	35174.1
50	393051		1034.81		562.122	31711.5
50	373172		1139.35		560.855	28595.3
50	371877		1150.18		559.493	25790.5
50	382233		1072.82		558.766	23266.6
50	376585		1110.05		568.83	21005.9
50	383907		1057.98		573.198	18966.6
50	383419		1060.67		573.338	17127.4
50	426571		846.934		578.104	15476.7
50	434671		819.967		574.415	13983.2
50	462552		746.334		573.219	12641.1
50	428774		834.291		568.654	11429.8
50	405582		922.665		567.47	10342.5
50	401154		940.83		563.085	9360.58
50	392399		982.876		560.133	8477.88
50	372226		1106.54		559.492	7685.46
50	358844		1221.98		559.493	6972.87
50	340896		1428.43		557.572	6329.61
50	335891		1505.5		556.748	5751.58
50	320557		1838.88		552.973	5228.32
50	322036		1795.55		552.438	4760.25
50	315164		1996.15		549.212	4336.24
50	321422		1794.97		551.536	3959.86
50	318645		1868.26		550.54	3618.04
50	317984		1874.06		551.593	3312.34
50	314164		1989.73		548.199	3032.87
50	306675		2239.41		548.218	2784.42
50	305667		2269.84		544.63	2557.21
50	304258		2330.15		544.349	2355.67
50	305300		2260.8		545.112	2175.3
50	304638		2279.76		545.628	2012.8
50	304398		2285.55		546.506	1866.96
50	303544		2317.86		546.308	1734.72
50	303917		2293.88		546.329	1615.9
50	304894		2240.27		546.168	1508.78
50	303935		2290.76		545.316	1411.67
50	303699		2302.41		544.474	1324.19
50	304806		2248.76		544.323	1246.07
50	302283		2373.92		546.307	1177.88
50	303900		2297.85		543.836	1112.25
50	303891		2295.55		545.627	1057.2
50	304880		2246.01		544.914	1005.33
50	304766		2264.42		546.548	960.921
50	304322		2281.44		542.378	915.313
50	305675		2222.01		543.416	879.058
50	306180		2186.23		545.056	847.134
50	305484		2225.76		545.69	817.56
50	303474		2313.55		546.005	790.688
50	305566		2198.82		547.647	767.862
50	305354		2209.58		546.621	744.814
50	306091		2172.92		547.734	726.108
50	305728		2184.45		544.217	704.753
50	304010		2272.89		546.052	690.535
50	304869		2242.1		544.107	674.141
50	303941		2294.19		545.622	662.653
50	304292		2279.48		543.371	648.699
50	304196		2287.02		545.697	640.493
50	304567		2268.94		545.026	630.342
50	303455		2333.81		546.391	623.175
50	302493		2380.21		544.686	613.792
50	301947		2416.86		546.749	608.944
50	303027		2365.54		545.174	601.15
50	303338		2343.85		545.482	595.86
50	303342		2343.98		544.576	589.916
50	303112		2355.99		543.798	584.604
50	302169		2423.92		544.377	581.102
50	301810		2449.06		543.818	576.871
50	301883		2446.42		542.273	572.021
50	302651		2400.76		543.603	570.376
50	304742		2298.73		542.793	566.889
50	304487		2311.59		543.482	565.168
50	306427		2223.68		541.652	561.17
50	303631		2371.53		543.025	560.59
50	303600		2376.21		541.082	556.892
50	302487		2446.6		543.134	557.362
50	302300		2454.81		544.34	557.146
50	298245		2737.6		545.04	556.565
50	299575		2651.62		545.183	555.555
50	299161		2678.89		546.544	555.879
50	298567		2728.9		547.192	555.594
50	298770		2719.79		547.735	555.297
50	300098		2637.73		548.685	555.491
50	300227		2626.49		550.26	556.385
50	300369		2628.97		549.082	554.594
50	300529		2620.89		550.368	555.329
50	301279		2576.33		548.764	553.229
50	300377		2643.63		549.968	553.986
50	299663		2686.81		547.542	551.158
50	301740		2537.47		548.11	551.365
50	298722		2727.37		546.017	548.946
50	298077		2773.2		544.767	547.404
50	297076		2846.58		545.005	547.378
50	297345		2824		546.54	548.676
50	301093		2569.78		545.517	547.439
50	300986		2581.06		547.017	548.747
50	300001		2648		546.524	548.081
50	300891		2581.08		548.624	550.025
50	302714		2481.44		548.636	549.897
50	303022		2462.58		550.399	551.534
50	302337		2496.68		548.245	549.266
50	301274		2563.2		547.999	548.918
50	302773		2470.83		548.251	549.078
50	299764		2657.1		545.42	546.164
50	299062		2705.13		546.802	547.472
50	302512		2482.81		543.997	544.6
50	303238		2438.74		545.171	545.714
50	302900		2459.76		544.749	545.238
50	303354		2429.31		545.495	545.934
50	304144		2383.78		546.365	546.761
50	304293		2376.54		545.018	545.375
50	308819		2152.7		547.433	547.754
50	308706		2157.65		543.211	543.499
50	309692		2118.4		545.635	545.894
50	308822		2152.28		544.182	544.416
50	309471		2120.86		546.062	546.273
50	309411		2116.52		545.613	545.802
50	310494		2069.64		546.525	546.696
50	310746		2061.27		543.487	543.64
50	310385		2075.75		543.504	543.642
50	311099		2053.12		542.414	542.538
50	311263		2046.71		543.698	543.809
50	310708		2062.22		543.986	544.087
50	312303		1998.12		545.198	545.288
50	310145		2074.42		541.997	542.079
50	312886		1966.67		543.854	543.927
50	311505		2013.82		541.307	541.373
50	311841		1996.76		541.322	541.382
50	310924		2023.81		540.6	540.654
50	311197		2012.58		540.515	540.563
50	312527		1969.34		539.587	539.631
50	312019		1987.65		541.643	541.682
50	310291		2043.72		541.365	541.4
50	310144		2053.02		541.826	541.857
50	309328		2082.12		542.369	542.397
50	309280		2088.02		543.934	543.96
50	307628		2153.29		544.353	544.376
50	307150		2173.39		545.626	545.647
50	308873		2104.17		544.795	544.814
50	307930		2148.89		546.291	546.308
50	308863		2113.11		545.599	545.614
50	307539		2176.63		546.855	546.868
50	308031		2156.99		545.552	545.564
50	307990		2149.87		545.565	545.575
50	305781		2242.35		544.147	544.157
50	306461		2210.75		543.71	543.719
50	305260		2274.65		544.775	544.783
50	304260		2316.96		543.176	543.183
50	303175		2361.56		541.844	541.85
50	303524		2334.97		542.595	542.601
50	302289		2393.76		542.535	542.54
50	302105		2405.33		544.356	544.36
50	301671		2433.27		556.709	556.714
50	302630		2383.79		552.983	552.987
50	303574		2330.56		579.247	579.25
50	303731		2310.23		584.098	584.101
50	304501		2277.43		579.434	579.436
50	303738		2315.97		577.219	577.221
50	303805		2317.48		572.806	572.808
50	302925		2367.51		569.661	569.663
50	301008		2467.89		565.509	565.511
50	297943		2684.3		561.162	561.164
50	296980		2753.74		559.51	559.512
50	295444		2881.18		558.932	558.933
50	296314		2819.37		557.138	557.139
50	295123		2928.47		556.495	556.496
50	294755		2958.1		555.791	555.792
50	293178		3110.66		555.005	555.006
50	292574		3171.28		552.002	552.003
50	293330		3092.15		551.051	551.052
50	293056		3109.8		548.533	548.534
50	294085		3006.83		549.643	549.644
50	293389		3079.23		549.014	549.014
50	292687		3154.14		548.658	548.659
50	293283		3093.89		547.738	547.739
50	291912		3234.87		550.349	550.35
50	292579		3177.85		549.113	549.114
50	292753		3158.92		548.169	548.17
50	292358		3200.6		547.214	547.215
50	292493		3186.2		550.762	550.763
50	294160		3022.87		547.084	547.084
50	293372		3092.13		547.12	547.12
50	293355		3100.33		547.036	547.036
50	294614		2969.95		547.284	547.284
50	294314		2993.86		546.655	546.655
50	298162		2669.4		549.543	549.543
50	301860		2444.19		545.304	545.304
50	302353		2419.24		546.197	546.197
50	301055		2480.96		546.847	546.847
50	302235		2404.74		546.855	546.855
50	303059		2354.87		547.777	547.777
50	305758		2219.3		546.926	546.926
50	303040		2359.18		547.185	547.185
50	305888		2232.8		546.211	546.211
50	305231		2270.16		545.609	545.609
50	304999		2274.68		545.304	545.304
50	307278		2155.9		545.669	545.669
50	309231		2078.27		546.259	546.259
50	309399		2072.56		547.49	547.49
50	309491		2075.65		547.565	547.565
50	309637		2069.44		548.416	548.416
50	309739		2064.64		549.778	549.778
50	312044		1988.2		548.396	548.396
50	310219		2053.85		551.017	551.017
50	309642		2074.83		547.51	547.51
50	308456		2125.6		548.92	548.92
50	306005		2221.86		548.02	548.02
50	305436		2254.48		550.456	550.456
50	304348		2298.27		548.51	548.51
50	304947		2255.05		558.856	558.856
50	307522		2152.49		563.682	563.682
50	307392		2146.1		563.644	563.644
50	311432		2004.12		558.906	558.906
50	311921		1989.19		568.009	568.009
50	310996		2017.24		565.592	565.592
50	311221		2006.54		565.436	565.436
50	311188		2007.78		561.116	561.116
50	311210		2014.33		560.19	560.19
50	312312		1977.96		558.083	558.083
50	311510		2010.69		557.887	557.887
50	312989		1962.55		554.284	554.284
50	316431		1850.61		555.323	555.323
50	317519		1821.06		553.408	553.408
50	318695		1785.43		554.302	554.302
50	318801		1783.84		550.848	550.848
50	317623		1817.57		550.993	550.993
50	316172		1852.96		551.576	551.576
50	315651		1869.35		549.879	549.879
50	315057		1894.74		550.448	550.448
50	314554		1907.48		548.48	548.48
50	312141		1984.41		547.587	547.587
50	311487		2008.4		546.339	546.339
50	311757		1992.2		547.499	547.499
50	311436		2005.29		548.705	548.705
50	312288		1978.86		548.461	548.461
50	312373		1984.5		548.605	548.605
50	307771		2152.1		548.466	548.466
50	307871		2142.55		548.455	548.455
50	308980		2106.04		544.756	544.756
50	309482		2098.01		545.806	545.806
50	308067		2159.13		545.127	545.127
50	308193		2147.78		545.836	545.836
50	308433		2123.83		547.482	547.482
50	306476		2199.82		546.706	546.706
50	305881		2218.05		547.11	547.11
50	306157		2208.53		547.536	547.536
50	307198		2165.71		548.1	548.1
50	307396		2160.62		546.898	546.898
50	308581		2105.45		549.5	549.5
50	308989		2088.9		547.775	547.775
50	307727		2155.12		549.2	549.2
50	307224		2175.38		548.245	548.245
50	305161		2264.63		549.96	549.96
50	307776		2149.1		547.682	547.682
50	307910		2146.23		547.45	547.45
50	307679		2163.19		546.537	546.537
50	307458		2184.43		546.79	546.79
50	308961		2110.58		546.049	546.049
50	308552		2131.04		547.272	547.272
50	310142		2069.89		546.003	546.003
50	313225		1952.29		548.806	548.806
50	312791		1966.94		548.302	548.302
50	308841		2116.72		548.916	548.916
50	312271		1988.54		546.497	546.497
50	313540		1944.23		547.765	547.765
50	310013		2070.05		543.591	543.591
50	310897		2037.7		544.378	544.378
50	310293		2053.43		544.474	544.474
50	310999		2024.38		544.726	544.726
50	312845		1948.32		543.198	543.198
50	312341		1966.91		540.88	540.88
50	309789		2064.56		540.773	540.773
50	308784		2104.71		541.046	541.046
50	307128		2181.32		540.676	540.676
50	306642		2200		539.978	539.978
50	307073		2180.1		539.89	539.89
50	305586		2241.78		537.134	537.134
50	306380		2205.37		538.402	538.402
50	304714		2271.16		537.508	537.508
50	306654		2181.5		538.513	538.513
50	307567		2144.53		538.037	538.037
50	306433		2188.18		537.24	537.24
50	307399		2146.56		539.721	539.721
50	306656		2181.51		541.044	541.044
50	303582		2314.35		540.728	540.728
50	303820		2294.1		540.599	540.599
50	304056		2280.86		542.345	542.345
50	303778		2291.67		542.046	542.046
50	302404		2355.23		542.935	542.935
50	303188		2311.17		542.802	542.802
50	304183		2267.47		542.123	542.123
50	302580		2352.1		545.189	545.189
50	304448		2265.95		545.419	545.419
50	305679		2206.97		546.819	546.819
50	307574		2130.69		544.519	544.519
50	307242		2150.87		545.237	545.237
50	306418		2188.11		543.411	543.411
50	306634		2173.84		544.819	544.819
50	304324		2282.88		546.16	546.16
