1.09837e-06 1.28151e-06 129024 440 3.15727 0.165346 4.83824 1166.67
1.5837e-06 1.27197e-06 721920 296 2.85e-06 0.911374 2.04081 702.754
1.74844e-06 1.25642e-06 721920 314 1.56e-06 0.884576 2.04846 677.706
1.82667e-06 1.25468e-06 721920 314 9.626e-06 0.902024 2.06261 683.737
1.86482e-06 1.24825e-06 721920 314 1.858e-06 0.882562 2.0052 684.772
1.89333e-06 1.24098e-06 721920 314 2.121e-06 0.869666 2.01946 680.443
1.91459e-06 1.2393e-06 721920 328 4.42e-06 0.887368 2.03834 674.518
1.93238e-06 1.24206e-06 721920 296 2.017e-06 0.910628 2.05068 680.334
1.94807e-06 1.23876e-06 721920 314 2.221e-06 0.87523 2.0284 675.786
1.95777e-06 1.23649e-06 721920 314 6.278e-06 0.877884 2.01899 674.961
1.9666e-06 1.23658e-06 721920 314 1.718e-06 0.893375 2.04158 673.861
1.98015e-06 1.23589e-06 721920 314 1.688e-06 0.89023 2.01671 673.969
1.99324e-06 1.23607e-06 721920 314 1.628e-06 0.892861 2.03869 675.502
2.0061e-06 1.23455e-06 721920 314 2.286e-06 0.886852 2.03575 677.689
2.01801e-06 1.23444e-06 721920 314 8.133e-06 0.890857 2.05469 678.388
2.02546e-06 1.23283e-06 721920 314 1.737e-06 0.885345 2.03308 677.856
1.98788e-06 1.2335e-06 721920 314 1.806e-06 0.892437 1.96114 676.092
2.0012e-06 1.23224e-06 721920 314 2.301e-06 0.885918 2.04383 676.564
2.01065e-06 1.22651e-06 721920 314 2.047e-06 0.868902 2.00641 676.015
2.01872e-06 1.2271e-06 721920 328 6.708e-06 0.887584 2.05481 675.784
2.04644e-06 1.22834e-06 721920 296 2.17e-06 0.890328 2.10546 675.885
2.04003e-06 1.22588e-06 721920 328 5.036e-06 0.877894 2.01751 673.799
2.03248e-06 1.22001e-06 721920 296 1.662e-06 0.863789 1.96212 678.547
2.02955e-06 1.22129e-06 721920 328 9.29e-06 0.885387 2.03231 676.86
2.03235e-06 1.21991e-06 721920 296 2.67e-06 0.876694 1.99957 676.127
2.03213e-06 1.21836e-06 721920 328 2.012e-06 0.875079 2.03207 675.032
2.03638e-06 1.22717e-06 721920 296 1.447e-06 0.911345 2.02212 680.455
2.03095e-06 1.22509e-06 721920 335 7.879e-06 0.878433 2.02354 678.269
2.03988e-06 1.22634e-06 721920 296 5.235e-06 0.888916 2.02851 679.261
2.03382e-06 1.2234e-06 721920 335 1.596e-06 0.874699 2.02186 676.958
2.03948e-06 1.22375e-06 721920 296 5.245e-06 0.884482 2.01174 677.595
2.03845e-06 1.22259e-06 721920 335 1.589e-06 0.87926 2.04894 673.105
2.04373e-06 1.22208e-06 721920 296 2.427e-06 0.880774 2.00457 674.649
2.03367e-06 1.22426e-06 721920 335 2.846e-06 0.890109 2.03397 670.713
2.03872e-06 1.2259e-06 721920 296 1.624e-06 0.88975 2.01398 675.357
2.04052e-06 1.22468e-06 721920 335 6.774e-06 0.880592 2.05072 673.212
2.04501e-06 1.22498e-06 721920 296 2.16e-06 0.885189 2.02325 676.106
2.04185e-06 1.2292e-06 721920 335 2.6e-06 0.899584 2.05404 674.689
