10.7359	2.26099 3 720 
7.40835	7.09783 3 720 
7.21996	7.3451 3 720 
6.96294	6.95013 3 720 
6.98523	7.04671 3 720 
7.13058	7.17029 3 720 
7.24465	7.04735 3 720 
7.23627	7.10572 3 720 
6.89914	7.28331 3 720 
6.94689	7.01169 3 720 
6.88212	6.8494 3 720 
6.91726	6.88137 3 720 
7.08137	6.8499 3 720 
6.82102	6.79306 3 720 
7.01705	6.69672 3 720 
6.76349	6.77342 3 720 
6.90929	6.57052 3 720 
6.90618	6.82089 3 720 
6.91308	6.84902 3 720 
7.01264	6.63085 3 720 
7.16548	6.85073 3 720 
6.9659	6.97776 3 720 
6.86093	6.57073 3 720 
7.02088	7.00368 3 720 
6.96194	6.61174 3 720 
6.85384	6.82719 3 720 
7.06204	6.64871 3 720 
6.72037	6.77992 3 720 
7.15621	6.84047 3 720 
6.67479	6.65883 3 720 
7.17804	6.46823 3 720 
6.75833	6.82908 3 720 
7.10699	6.7425 3 720 
6.82544	6.64525 3 720 
6.94592	6.72619 3 720 
6.93318	6.89202 3 720 
6.96808	6.70768 3 720 
6.88168	6.85247 3 720 
7.00709	6.69395 3 720 
7.03989	6.85506 3 720 
7.20913	6.95724 3 720 
6.81272	6.83962 3 720 
7.09187	6.85912 3 720 
6.87089	6.53854 3 720 
6.96944	6.79135 3 720 
6.84336	6.76013 3 720 
7.62691	6.93442 3 720 
6.78441	6.82982 3 720 
6.76958	6.3016 3 720 
6.84001	6.52058 3 720 
7.01761	6.89197 3 720 
6.79302	6.7016 3 720 
6.91804	6.60886 3 720 
7.02954	6.4759 3 720 
7.10467	7.05754 3 720 
6.52681	6.68713 3 720 
7.21174	6.38981 3 720 
7.09027	7.15558 3 720 
7.17411	6.67098 3 720 
6.85814	7.2332 3 720 
6.88185	6.5317 3 720 
6.98563	6.81028 3 720 
6.99206	7.01168 3 720 
7.00736	6.57586 3 720 
6.88798	6.87304 3 720 
6.9752	6.70371 3 720 
7.87939	6.6841 3 720 
7.15975	6.41005 3 720 
7.14007	7.04009 3 720 
7.35577	7.01163 3 720 
6.94189	6.80235 3 720 
7.10031	7.03665 3 720 
7.0565	6.71211 3 720 
7.15559	7.07699 3 720 
7.20982	7.04744 3 720 
7.2698	6.92672 3 720 
6.80771	6.85813 3 720 
7.38565	7.12798 3 720 
7.03299	6.98173 3 720 
7.05183	7.08613 3 720 
7.21109	6.97707 3 720 
7.46022	7.10441 3 720 
7.02218	6.92144 3 720 
7.38748	7.12836 3 720 
7.10132	6.97229 3 720 
7.10816	6.9052 3 720 
6.96922	7.08739 3 720 
7.21267	6.88666 3 720 
7.71058	6.91517 3 720 
6.83082	6.98854 3 720 
6.55611	6.58391 3 720 
7.0185	6.24896 3 720 
6.51059	6.7946 3 720 
7.14519	6.34508 3 720 
7.24049	7.08859 3 720 
6.99598	7.00685 3 720 
7.20972	7.11267 3 720 
7.09504	6.87999 3 720 
7.0433	6.93816 3 720 
7.23299	7.25909 3 720 
6.8691	6.70028 3 720 
7.30153	7.15223 3 720 
7.04304	6.92222 3 720 
7.11272	6.82825 3 720 
7.14651	7.31085 3 720 
7.24109	6.86115 3 720 
6.88896	6.91774 3 720 
7.23923	7.1893 3 720 
7.13505	7.02615 3 720 
7.97483	6.69586 3 720 
6.76367	7.49509 3 720 
6.57857	6.33642 3 720 
6.93162	6.39397 3 720 
6.7529	6.6759 3 720 
7.02011	6.57095 3 720 
6.99783	6.82087 3 720 
6.77092	6.74511 3 720 
7.09277	6.58023 3 720 
6.91522	6.70578 3 720 
7.16771	6.87121 3 720 
6.89052	6.77369 3 720 
6.96508	6.79726 3 720 
7.02514	6.71342 3 720 
7.04652	6.69823 3 720 
6.84087	6.76587 3 720 
6.80589	6.87044 3 720 
7.1706	6.59306 3 720 
7.08435	6.55423 3 720 
6.82953	6.93424 3 720 
6.78011	6.53502 3 720 
7.06547	6.79378 3 720 
7.01826	6.65334 3 720 
6.85221	6.72249 3 720 
6.8508	6.47438 3 720 
7.03605	6.98589 3 720 
6.91651	6.77468 3 720 
6.98049	6.31982 3 720 
7.30078	7.0833 3 720 
6.9624	6.97076 3 720 
7.1503	6.94658 3 720 
7.59504	6.91749 3 720 
7.12658	6.89576 3 720 
7.06933	7.13969 3 720 
7.23082	6.94485 3 720 
7.67244	7.06995 3 720 
7.20567	6.8951 3 720 
7.05974	6.8906 3 720 
7.19481	7.0017 3 720 
7.59256	6.90875 3 720 
7.11047	6.89354 3 720 
7.20073	7.16869 3 720 
7.23226	6.52545 3 720 
6.98351	7.37125 3 720 
6.7476	6.66842 3 720 
7.15246	6.50597 3 720 
6.93329	6.84039 3 720 
6.82755	6.69678 3 720 
6.92121	6.23272 3 720 
6.90511	7.09216 3 720 
7.07507	6.57199 3 720 
6.89394	6.5447 3 720 
7.2118	6.86266 3 720 
7.27758	7.18296 3 720 
6.89654	6.70554 3 720 
6.98636	6.92604 3 720 
7.31691	6.35387 3 720 
6.87686	6.77541 3 720 
6.49893	6.11817 3 720 
7.16675	6.55852 3 720 
6.75877	6.60933 3 720 
7.59553	6.78087 3 720 
6.9632	7.11466 3 720 
6.85464	6.37053 3 720 
7.13514	6.91428 3 720 
6.88112	6.68215 3 720 
7.06465	6.62999 3 720 
6.81437	6.97444 3 720 
6.95052	6.45714 3 720 
7.1847	6.34594 3 720 
7.14988	6.51907 3 720 
7.18275	6.97807 3 720 
7.06154	6.82272 3 720 
7.11298	6.995 3 720 
7.27449	6.65454 3 720 
6.98855	6.73121 3 720 
7.02757	6.6656 3 720 
7.18134	7.12254 3 720 
6.9952	6.61977 3 720 
6.9493	6.87971 3 720 
7.21222	6.62165 3 720 
7.05387	6.72562 3 720 
7.12736	6.97335 3 720 
7.10401	7.00041 3 720 
7.18252	6.85837 3 720 
6.99065	6.9583 3 720 
7.32531	7.02244 3 720 
7.13693	6.81196 3 720 
7.23035	6.9445 3 720 
7.10937	6.95958 3 720 
7.133	6.8561 3 720 
7.09542	6.92237 3 720 
7.22602	6.85517 3 720 
7.0281	7.03247 3 720 
7.23242	6.92712 3 720 
7.04669	6.8605 3 720 
7.22527	7.00949 3 720 
7.19284	7.06097 3 720 
6.9672	6.73763 3 720 
7.27639	7.06219 3 720 
7.08004	6.77189 3 720 
7.22015	7.05914 3 720 
7.66395	6.842 3 720 
7.03035	7.01807 3 720 
7.00056	7.03511 3 720 
6.72282	6.61536 3 720 
7.07019	6.7949 3 720 
6.84248	6.85549 3 720 
7.00378	6.69895 3 720 
6.75614	6.74719 3 720 
7.02668	6.73968 3 720 
6.65302	6.85668 3 720 
7.2031	6.2403 3 720 
7.25391	7.08011 3 720 
7.05383	6.91548 3 720 
7.08011	7.11245 3 720 
7.0797	6.76157 3 720 
7.21785	6.97899 3 720 
7.08315	6.80066 3 720 
8.71322	7.23184 3 720 
6.55205	6.99699 3 720 
6.3895	6.46089 3 720 
7.07861	6.11043 3 720 
6.72549	6.63167 3 720 
7.26979	6.46825 3 720 
6.99608	7.13672 3 720 
7.30227	6.86989 3 720 
7.07434	7.0222 3 720 
8.00925	6.9472 3 720 
6.82619	6.83713 3 720 
7.21209	6.88796 3 720 
6.70175	6.58622 3 720 
6.89281	6.24109 3 720 
6.97969	6.77337 3 720 
7.05913	6.79357 3 720 
6.98428	6.60116 3 720 
6.73438	6.96665 3 720 
7.30845	6.35991 3 720 
7.21594	7.12029 3 720 
7.09065	7.00996 3 720 
7.35102	6.93437 3 720 
7.08238	7.32794 3 720 
7.01946	7.09423 3 720 
6.96151	6.76167 3 720 
6.8532	6.84294 3 720 
7.01962	6.63805 3 720 
7.18894	7.06827 3 720 
6.92299	6.59034 3 720 
6.77965	7.15099 3 720 
7.08295	6.21335 3 720 
6.95466	7.06759 3 720 
7.35803	7.11412 3 720 
7.23451	7.0776 3 720 
6.96097	7.12028 3 720 
7.10104	6.98666 3 720 
7.10914	6.8498 3 720 
7.16949	6.96043 3 720 
7.02163	7.10142 3 720 
7.2262	6.64412 3 720 
6.95727	6.92604 3 720 
7.4498	6.94994 3 720 
7.38056	7.10646 3 720 
6.68809	7.16259 3 720 
6.7731	6.48997 3 720 
7.08668	6.81946 3 720 
6.79144	6.8676 3 720 
7.24434	6.82547 3 720 
6.88549	7.08269 3 720 
6.89418	6.6383 3 720 
7.26605	7.08536 3 720 
6.87722	6.68755 3 720 
6.89174	6.938 3 720 
7.08157	6.79136 3 720 
6.67539	6.72289 3 720 
7.12901	6.4243 3 720 
6.73931	6.77901 3 720 
6.98725	6.68201 3 720 
6.96476	6.86766 3 720 
6.76458	7.08641 3 720 
6.94169	6.5553 3 720 
6.94656	6.8482 3 720 
7.32715	7.1379 3 720 
6.99987	7.00438 3 720 
7.29534	7.08632 3 720 
7.16603	7.02455 3 720 
7.18211	6.87286 3 720 
7.08126	7.02113 3 720 
6.70938	6.90227 3 720 
7.27485	6.67324 3 720 
6.97985	7.17095 3 720 
7.1516	6.89972 3 720 
7.06396	6.85313 3 720 
7.12943	7.08394 3 720 
7.04484	6.88337 3 720 
7.29934	7.05822 3 720 
6.93676	6.90409 3 720 
7.17344	7.19554 3 720 
7.19485	6.91265 3 720 
7.15901	7.07527 3 720 
7.95127	6.91904 3 720 
6.96242	7.05572 3 720 
6.76021	6.56737 3 720 
6.84429	6.77007 3 720 
7.08877	6.82996 3 720 
7.27734	6.44107 3 720 
7.43581	6.99256 3 720 
7.06484	7.04422 3 720 
7.20929	6.93692 3 720 
7.32968	7.2188 3 720 
7.11331	7.19378 3 720 
7.14645	7.04674 3 720 
7.24245	7.02666 3 720 
7.90379	7.11814 3 720 
7.30275	6.9322 3 720 
6.97593	7.06206 3 720 
7.39226	6.95123 3 720 
7.19384	6.94985 3 720 
7.39817	7.0804 3 720 
7.12919	6.97632 3 720 
7.26236	6.78056 3 720 
6.98843	7.03871 3 720 
7.33279	7.09326 3 720 
7.10234	6.9841 3 720 
7.16151	6.94319 3 720 
7.24503	7.04967 3 720 
7.10033	6.84322 3 720 
7.29167	7.16597 3 720 
7.28413	7.00987 3 720 
7.01445	7.00137 3 720 
7.15025	6.93854 3 720 
7.2242	7.01831 3 720 
7.0323	6.89428 3 720 
7.28575	7.0319 3 720 
7.02171	7.22282 3 720 
7.15386	6.84696 3 720 
6.99521	7.04289 3 720 
7.17853	7.1145 3 720 
7.14475	6.84759 3 720 
7.22108	7.30086 3 720 
7.11479	7.12938 3 720 
7.10954	6.97336 3 720 
7.33848	7.1232 3 720 
6.89471	7.05079 3 720 
7.21303	6.75975 3 720 
7.27079	7.09906 3 720 
7.1067	7.08516 3 720 
7.36681	6.95843 3 720 
6.90949	7.03565 3 720 
7.26968	7.06232 3 720 
