9.56615	0 3 360  4 720 
6.36655	0 4 360  3 720 
6.56106	0 4 360  3 720 
6.47027	0 3 360  4 720 
6.38609	0 4 360  3 720 
6.32791	0 3 360  4 720 
6.42419	0 4 360  3 720 
6.48694	0 3 360  4 720 
6.52122	0 4 360  3 720 
5.78912	0 3 360  4 720 
4.89275	3.89396 3 486  4 720 
5.65268	3.71795 3 629  4 720 
5.53386	4.27192 3 636  4 720 
5.8534	3.90801 3 636  4 720 
5.5666	3.87849 3 636  4 720 
6.10997	3.40469 3 623  4 720 
5.37328	4.34639 3 636  4 720 
5.80175	3.70127 3 636  4 720 
5.60748	3.56793 3 636  4 720 
6.22364	3.57303 3 636  4 720 
5.74426	3.67335 3 626  4 720 
6.24572	3.54243 3 636  4 720 
5.04708	3.30827 3 531  4 720 
5.40149	3.62105 3 636  4 720 
5.63347	2.88367 3 513  4 720 
5.25745	3.59119 3 571  4 720 
6.18557	3.583 4 636  3 720 
4.61357	2.69117 4 398  3 720 
6.74281	3.13512 3 636  4 720 
6.62619	3.19458 4 622  3 720 
5.13416	3.55806 4 528  3 720 
6.44508	3.92863 4 636  3 720 
6.09936	2.72796 4 365  3 720 
5.46927	3.44324 4 443  3 720 
5.11767	3.82165 4 487  3 720 
5.70351	3.77742 3 617  4 720 
5.39519	4.35046 3 636  4 720 
5.79939	3.73125 3 636  4 720 
5.62335	3.80432 3 636  4 720 
5.62189	4.05851 3 636  4 720 
5.71896	3.53976 3 636  4 720 
5.66446	3.36574 3 636  4 720 
5.92947	3.6084 3 636  4 720 
5.59974	3.96798 3 636  4 720 
6.03867	3.64889 3 636  4 720 
5.56321	3.20576 3 605  4 720 
5.38243	3.62666 3 636  4 720 
5.08587	2.94347 3 564  4 720 
6.95888	3.90675 3 636  4 720 
6.19198	2.75639 4 636  3 720 
5.72608	3.81664 4 615  3 720 
5.25761	4.28048 4 636  3 720 
5.94255	3.36551 4 636  3 720 
5.49363	3.36839 4 636  3 720 
5.81726	3.80558 4 636  3 720 
5.47507	3.86957 4 636  3 720 
5.51163	3.81218 4 636  3 720 
5.71625	3.58379 4 636  3 720 
5.51973	3.70865 4 636  3 720 
5.72991	2.9173 4 636  3 720 
6.34801	2.82509 4 636  3 720 
6.05987	2.90149 4 636  3 720 
6.48539	2.79441 4 636  3 720 
6.50778	1.98221 4 0  3 720 
6.63183	1.941 4 0  3 720 
6.89821	1.93768 4 0  3 720 
6.79231	1.96646 4 0  3 720 
6.77956	3.28834 3 636  4 720 
6.55708	2.86603 4 636  3 720 
6.80814	2.83228 3 636  4 720 
6.6665	2.91142 4 636  3 720 
6.76582	2.82822 3 636  4 720 
6.76131	2.95403 4 636  3 720 
6.83531	2.87545 3 636  4 720 
6.87218	2.9437 4 636  3 720 
6.90463	2.66969 3 636  4 720 
6.74782	2.80739 4 636  3 720 
6.94778	2.73667 3 0  4 720 
7.17443	3.65565 4 0  3 720 
5.80312	3.57148 4 636  3 720 
5.6006	3.13124 4 0  3 720 
6.22621	3.14308 4 0  3 720 
5.73817	3.15168 4 0  3 720 
6.03391	3.14512 4 0  3 720 
5.61032	3.14812 4 0  3 720 
6.34598	3.13462 4 0  3 720 
5.79872	3.14003 4 0  3 720 
5.8308	3.14028 4 0  3 720 
5.80139	3.13866 4 0  3 720 
5.74543	3.16095 4 0  3 720 
5.99129	3.14508 4 0  3 720 
5.81779	3.15257 4 0  3 720 
5.88524	3.14435 4 0  3 720 
5.75941	3.14474 4 0  3 720 
5.98489	3.13703 4 0  3 720 
5.70172	3.14706 4 0  3 720 
6.00215	3.13499 4 0  3 720 
5.85192	3.14441 4 0  3 720 
5.6949	3.1429 4 0  3 720 
6.15971	3.14317 4 0  3 720 
5.65302	3.14464 4 0  3 720 
6.03514	3.13808 4 0  3 720 
5.92175	3.14124 4 0  3 720 
5.75769	3.14085 4 0  3 720 
5.92706	3.13567 4 0  3 720 
6.04555	3.1426 4 0  3 720 
5.62601	3.14017 4 0  3 720 
5.90381	3.13574 4 0  3 720 
6.11676	3.13775 4 0  3 720 
5.37776	3.15283 4 0  3 720 
5.82788	3.12917 4 0  3 720 
5.89294	3.13799 4 0  3 720 
5.83976	3.14383 4 0  3 720 
5.92183	3.13546 4 0  3 720 
5.87226	3.14058 4 0  3 720 
5.9112	3.1419 4 0  3 720 
5.89943	3.1414 4 0  3 720 
5.90424	3.16368 4 0  3 720 
5.71589	3.13909 4 0  3 720 
5.92732	3.14154 4 0  3 720 
5.69399	3.14168 4 0  3 720 
5.85954	3.1376 4 0  3 720 
5.95724	3.14076 4 0  3 720 
5.93502	3.14431 4 0  3 720 
5.74298	3.14061 4 0  3 720 
5.85853	3.1415 4 0  3 720 
6.06672	3.14128 4 0  3 720 
5.7112	3.14381 4 0  3 720 
5.91122	3.14194 4 0  3 720 
5.78547	3.13966 4 0  3 720 
6.81712	3.13842 4 0  3 720 
5.84593	3.14189 4 0  3 720 
5.86531	3.14281 4 0  3 720 
5.7849	3.1438 4 0  3 720 
5.86185	3.14453 4 0  3 720 
5.89869	3.1385 4 0  3 720 
5.99503	3.14317 4 0  3 720 
5.87844	3.14391 4 0  3 720 
5.72972	3.13753 4 0  3 720 
5.88487	3.1371 4 0  3 720 
5.90989	3.13624 4 0  3 720 
5.86597	3.1453 4 0  3 720 
5.89824	3.14762 4 0  3 720 
6.19094	3.14346 4 0  3 720 
5.87414	3.15306 4 0  3 720 
5.90755	3.14065 4 0  3 720 
5.95061	3.14032 4 0  3 720 
5.98092	3.15309 4 0  3 720 
5.84964	3.14388 4 0  3 720 
5.75429	3.13666 4 0  3 720 
6.01235	3.1432 4 0  3 720 
5.62502	3.13923 4 0  3 720 
5.88567	3.13553 4 0  3 720 
5.87999	3.14043 4 0  3 720 
5.83901	3.1471 4 0  3 720 
5.89901	3.15851 4 0  3 720 
5.96919	3.14493 4 0  3 720 
6.11008	3.14161 4 0  3 720 
5.90294	3.13273 4 0  3 720 
6.09286	3.13822 4 0  3 720 
5.85286	3.1505 4 0  3 720 
5.75659	3.14943 4 0  3 720 
6.05096	3.14276 4 0  3 720 
5.73622	3.14267 4 0  3 720 
5.92604	3.13933 4 0  3 720 
5.70669	3.13887 4 0  3 720 
5.9261	3.13598 4 0  3 720 
5.69905	3.13972 4 0  3 720 
6.06325	3.13919 4 0  3 720 
5.68152	3.15214 4 0  3 720 
5.91429	3.13626 4 0  3 720 
6.00699	3.14743 4 0  3 720 
5.64518	3.1411 4 0  3 720 
5.99548	3.14293 4 0  3 720 
5.66032	3.14462 4 0  3 720 
5.77479	3.14528 4 0  3 720 
5.92471	3.13443 4 0  3 720 
6.0519	3.14325 4 0  3 720 
5.82547	3.14796 4 0  3 720 
5.84143	3.13898 4 0  3 720 
5.86552	3.15923 4 0  3 720 
5.68957	3.15695 4 0  3 720 
5.88534	3.12986 4 0  3 720 
5.93349	3.13986 4 0  3 720 
5.99247	3.14122 4 0  3 720 
5.76746	3.14408 4 0  3 720 
5.98989	3.16202 4 0  3 720 
5.82428	3.13364 4 0  3 720 
5.95199	3.13893 4 0  3 720 
5.90578	3.14102 4 0  3 720 
5.67682	3.14032 4 0  3 720 
5.7533	3.13793 4 0  3 720 
5.94249	3.13393 4 0  3 720 
5.84336	3.14876 4 0  3 720 
5.73172	3.14306 4 0  3 720 
5.93837	3.14427 4 0  3 720 
5.75198	3.14466 4 0  3 720 
6.19454	3.13856 4 0  3 720 
5.9229	3.13556 4 0  3 720 
5.86471	3.13927 4 0  3 720 
5.81939	3.1439 4 0  3 720 
5.86924	3.1354 4 0  3 720 
5.76938	3.14955 4 0  3 720 
5.91824	3.13468 4 0  3 720 
5.735	3.14053 4 0  3 720 
5.80863	3.14056 4 0  3 720 
6.03996	3.13728 4 0  3 720 
5.64273	3.15169 4 0  3 720 
5.98857	3.13388 4 0  3 720 
5.6837	3.14021 4 0  3 720 
5.90562	3.14002 4 0  3 720 
5.74781	3.13851 4 0  3 720 
5.78709	3.13667 4 0  3 720 
6.01667	3.13407 4 0  3 720 
5.73477	3.14207 4 0  3 720 
5.80442	3.13652 4 0  3 720 
5.86964	3.14904 4 0  3 720 
5.84376	3.15029 4 0  3 720 
5.79439	3.13674 4 0  3 720 
5.93907	3.13824 4 0  3 720 
5.90862	3.16525 4 0  3 720 
5.77338	3.14396 4 0  3 720 
5.90951	3.13606 4 0  3 720 
5.87278	3.13869 4 0  3 720 
5.92509	3.15458 4 0  3 720 
5.85184	3.13636 4 0  3 720 
6.0132	3.14056 4 0  3 720 
5.75446	3.1472 4 0  3 720 
5.88678	3.14291 4 0  3 720 
5.82042	3.14417 4 0  3 720 
5.89958	3.13388 4 0  3 720 
6.13574	3.1406 4 0  3 720 
5.71424	3.13581 4 0  3 720 
5.84656	3.13991 4 0  3 720 
5.89374	3.13784 4 0  3 720 
5.85426	3.14776 4 0  3 720 
5.84428	3.13928 4 0  3 720 
6.05875	3.14487 4 0  3 720 
5.68633	3.1407 4 0  3 720 
5.75503	3.1384 4 0  3 720 
5.93324	3.13716 4 0  3 720 
5.84571	3.14307 4 0  3 720 
5.82575	3.14798 4 0  3 720 
6.06511	3.14036 4 0  3 720 
5.68441	3.15086 4 0  3 720 
5.77588	3.13428 4 0  3 720 
5.82539	3.13479 4 0  3 720 
5.93421	3.13867 4 0  3 720 
5.95137	3.14483 4 0  3 720 
5.81112	3.1507 4 0  3 720 
5.77179	3.14049 4 0  3 720 
5.83401	3.13403 4 0  3 720 
5.87387	3.15842 4 0  3 720 
5.90954	3.1366 4 0  3 720 
5.89712	3.16071 4 0  3 720 
5.97902	3.16544 4 0  3 720 
5.62788	3.14086 4 0  3 720 
5.99788	3.13707 4 0  3 720 
5.7205	3.14333 4 0  3 720 
5.66209	3.13259 4 0  3 720 
5.9978	3.13812 4 0  3 720 
5.81637	3.13632 4 0  3 720 
5.73921	3.16376 4 0  3 720 
5.92235	3.16284 4 0  3 720 
5.90733	3.13416 4 0  3 720 
5.78593	3.14053 4 0  3 720 
5.77193	3.13362 4 0  3 720 
5.98987	3.12954 4 0  3 720 
5.7981	3.13756 4 0  3 720 
5.86314	3.13586 4 0  3 720 
5.64477	3.13837 4 0  3 720 
5.85925	3.13211 4 0  3 720 
5.64236	3.13161 4 0  3 720 
