10.6449	2.26099 3 720 
7.35572	3.88142 3 720 
7.22017	7.35949 3 720 
6.95134	6.98286 3 720 
7.00722	7.30748 3 720 
7.08894	6.97046 3 720 
7.24765	7.38285 3 720 
6.75433	7.18444 3 720 
6.8644	6.88358 3 720 
6.98898	7.08443 3 720 
6.91506	7.13829 3 720 
6.84667	6.77872 3 720 
7.07229	7.28158 3 720 
6.84667	6.93373 3 720 
7.05335	7.26655 3 720 
6.73659	6.93999 3 720 
6.94093	6.87577 3 720 
6.88883	6.97788 3 720 
7.20191	7.21069 3 720 
6.71408	6.91585 3 720 
7.18956	7.13047 3 720 
6.93027	7.04538 3 720 
6.93747	7.29076 3 720 
6.90862	6.86676 3 720 
7.03799	7.31553 3 720 
6.86107	7.09719 3 720 
7.05309	7.11038 3 720 
6.75415	7.12157 3 720 
7.11167	7.24499 3 720 
6.70738	7.07807 3 720 
7.19414	7.17178 3 720 
6.78193	7.02914 3 720 
7.07096	7.1546 3 720 
6.86974	7.13724 3 720 
6.94678	7.09458 3 720 
6.85021	7.15073 3 720 
7.03715	7.17332 3 720 
6.84371	6.96338 3 720 
7.04533	7.28958 3 720 
7.00449	6.98287 3 720 
7.20987	7.17053 3 720 
6.79708	7.40508 3 720 
7.35838	7.30011 3 720 
6.60877	7.23999 3 720 
6.97455	6.95896 3 720 
6.88718	7.08239 3 720 
6.97709	7.03463 3 720 
6.95576	7.08762 3 720 
7.18556	6.99093 3 720 
6.83398	6.88983 3 720 
7.03471	7.37669 3 720 
6.79801	6.9752 3 720 
7.21933	7.20694 3 720 
6.71608	7.15436 3 720 
7.09208	7.11131 3 720 
7.15234	7.01316 3 720 
7.13404	6.97093 3 720 
6.90927	7.25755 3 720 
6.88114	7.0463 3 720 
6.79577	6.85542 3 720 
6.93809	7.33159 3 720 
6.98936	7.11473 3 720 
6.93912	6.91668 3 720 
7.06141	7.33141 3 720 
6.90215	6.97312 3 720 
6.98002	7.19296 3 720 
8.5134	7.12581 3 720 
7.12766	7.15423 3 720 
7.1561	7.21206 3 720 
7.35159	7.39969 3 720 
6.97252	7.17946 3 720 
7.14451	7.25971 3 720 
7.11052	7.15216 3 720 
7.14403	7.22675 3 720 
7.17617	7.12388 3 720 
7.2608	7.17788 3 720 
6.83305	7.13927 3 720 
7.34702	7.23676 3 720 
7.09625	7.11326 3 720 
7.03411	7.22276 3 720 
7.23524	7.32727 3 720 
7.38872	7.17452 3 720 
7.05552	7.15002 3 720 
7.39036	7.35493 3 720 
7.12639	7.02984 3 720 
7.13778	7.57831 3 720 
6.96827	6.73195 3 720 
7.00671	7.45905 3 720 
6.7847	6.37207 3 720 
7.01856	7.14128 3 720 
6.89201	6.16091 3 720 
7.13578	7.3929 3 720 
7.04499	6.49764 3 720 
7.22268	7.35719 3 720 
7.23289	7.15889 3 720 
6.97557	7.04593 3 720 
7.19675	6.97434 3 720 
7.10396	7.27657 3 720 
7.06657	7.16206 3 720 
7.18952	6.95485 3 720 
6.93347	6.88882 3 720 
7.26086	7.11443 3 720 
7.03914	7.20355 3 720 
7.19783	7.08953 3 720 
7.12394	6.84353 3 720 
7.29836	7.42544 3 720 
6.92591	7.02428 3 720 
7.21308	7.3048 3 720 
7.09063	6.829 3 720 
6.89967	7.80173 3 720 
6.86696	6.76317 3 720 
7.00336	6.46466 3 720 
6.92159	6.6572 3 720 
6.80678	7.10438 3 720 
6.85497	6.66812 3 720 
7.00826	7.06648 3 720 
6.76687	6.8103 3 720 
7.19671	7.13846 3 720 
6.91687	6.43809 3 720 
7.13263	7.40601 3 720 
6.86687	6.76766 3 720 
6.97658	7.28202 3 720 
6.98372	6.86887 3 720 
7.05205	7.31864 3 720 
6.84539	6.80599 3 720 
7.13774	7.09538 3 720 
6.85731	6.66601 3 720 
6.95619	7.3722 3 720 
6.96504	6.94182 3 720 
6.82307	7.1544 3 720 
7.00895	6.88722 3 720 
6.85526	6.87823 3 720 
7.02326	7.00221 3 720 
6.86653	7.19794 3 720 
6.9694	6.78269 3 720 
7.5566	7.21201 3 720 
6.98101	7.07946 3 720 
7.27871	7.20572 3 720 
6.98901	7.04515 3 720 
7.16594	7.37703 3 720 
7.61327	7.18083 3 720 
7.11093	7.34803 3 720 
7.0433	7.12379 3 720 
7.2155	7.18998 3 720 
7.70099	7.07394 3 720 
7.22255	7.39191 3 720 
7.08107	7.10137 3 720 
7.16818	7.25456 3 720 
7.59457	7.18731 3 720 
7.15101	7.3503 3 720 
7.13587	6.7944 3 720 
6.74016	7.55773 3 720 
6.92046	6.56792 3 720 
7.11087	7.1847 3 720 
6.80641	6.83108 3 720 
6.86658	7.13741 3 720 
6.96885	7.00169 3 720 
6.92778	6.8139 3 720 
6.84551	6.69877 3 720 
7.12134	7.30841 3 720 
6.92678	7.16519 3 720 
7.50694	7.09469 3 720 
6.85268	7.06581 3 720 
7.03626	7.19983 3 720 
6.90573	6.6636 3 720 
6.75552	7.46111 3 720 
7.06404	6.98978 3 720 
6.94549	6.85302 3 720 
7.15641	7.36825 3 720 
6.73447	6.97186 3 720 
7.63698	7.24095 3 720 
6.95499	7.11042 3 720 
6.88648	7.25876 3 720 
7.09424	6.84164 3 720 
6.90833	7.09233 3 720 
7.09861	7.28174 3 720 
6.74402	6.74849 3 720 
7.37684	7.38751 3 720 
7.4439	6.98923 3 720 
7.1578	7.12126 3 720 
7.13826	7.12215 3 720 
7.14225	7.3783 3 720 
7.0626	6.91114 3 720 
7.07905	7.55945 3 720 
7.24443	6.63324 3 720 
7.04771	7.09193 3 720 
7.14994	6.84518 3 720 
7.0055	7.24615 3 720 
6.97419	6.88761 3 720 
7.28195	7.67376 3 720 
7.04856	6.75667 3 720 
7.18547	7.65861 3 720 
7.07508	7.04955 3 720 
7.19521	7.08098 3 720 
6.99543	7.00478 3 720 
7.33522	7.2836 3 720 
7.13872	6.8055 3 720 
7.22913	7.50428 3 720 
7.06319	7.01444 3 720 
7.16413	7.12402 3 720 
7.10937	7.06738 3 720 
7.22146	7.1636 3 720 
7.0497	6.85918 3 720 
7.24789	7.3427 3 720 
7.03153	6.89986 3 720 
7.27184	7.4359 3 720 
7.16533	6.86219 3 720 
7.01377	7.3909 3 720 
7.24112	6.98828 3 720 
7.12409	7.15974 3 720 
7.24797	7.14294 3 720 
7.2576	6.79422 3 720 
6.94356	7.35328 3 720 
7.0275	6.87275 3 720 
6.75314	7.0305 3 720 
7.03904	6.92692 3 720 
6.86068	6.82054 3 720 
6.99255	7.16615 3 720 
6.77844	6.8042 3 720 
7.02351	7.1735 3 720 
7.26019	6.48519 3 720 
7.26913	7.18399 3 720 
7.24319	6.88125 3 720 
7.09792	7.1837 3 720 
7.08529	6.91045 3 720 
7.08587	7.53109 3 720 
7.19696	6.96148 3 720 
7.11894	7.23489 3 720 
7.09883	7.14842 3 720 
6.83115	7.26898 3 720 
7.12519	6.57557 3 720 
7.10387	7.07614 3 720 
7.31631	6.8818 3 720 
7.30168	7.30148 3 720 
7.0096	6.76928 3 720 
7.38117	7.51551 3 720 
7.05971	6.91632 3 720 
7.20324	7.41478 3 720 
7.14143	6.8955 3 720 
6.96106	7.52122 3 720 
6.98836	6.84258 3 720 
6.96692	7.0402 3 720 
6.93875	6.93799 3 720 
7.37815	7.288 3 720 
6.71965	6.50496 3 720 
7.34303	7.36456 3 720 
7.25841	7.05091 3 720 
7.227	7.16048 3 720 
7.13324	7.06591 3 720 
7.35919	7.43961 3 720 
6.5245	6.8326 3 720 
7.04057	7.1784 3 720 
6.97244	7.00752 3 720 
6.91347	6.92946 3 720 
6.92857	6.96159 3 720 
7.13442	6.99791 3 720 
6.95474	7.1906 3 720 
7.30784	6.85576 3 720 
7.1085	7.39449 3 720 
6.9954	7.12347 3 720 
7.29414	7.06987 3 720 
7.22046	7.31791 3 720 
6.9879	7.19202 3 720 
7.1258	7.03691 3 720 
7.08746	7.24281 3 720 
7.16651	7.24086 3 720 
7.09262	7.05838 3 720 
7.22552	6.92292 3 720 
6.98554	6.89669 3 720 
7.25409	7.52868 3 720 
6.73129	6.80673 3 720 
7.04036	7.1186 3 720 
6.78649	6.73994 3 720 
7.10185	7.14782 3 720 
6.80396	6.8766 3 720 
7.0745	7.3037 3 720 
6.94646	6.88777 3 720 
6.85132	7.42011 3 720 
7.10518	6.90246 3 720 
6.95281	7.37203 3 720 
6.88618	6.94194 3 720 
7.07776	7.35168 3 720 
6.68638	7.21691 3 720 
7.15691	6.96719 3 720 
6.76189	7.05378 3 720 
7.26223	7.42199 3 720 
6.6377	6.87219 3 720 
7.37596	7.2431 3 720 
6.91103	6.79933 3 720 
7.00034	7.51008 3 720 
7.32257	7.07302 3 720 
7.05056	7.12587 3 720 
7.27801	7.3109 3 720 
7.15015	6.96611 3 720 
7.20374	7.33084 3 720 
7.08006	7.22174 3 720 
6.74475	7.31077 3 720 
7.25861	6.78258 3 720 
7.0032	7.02451 3 720 
7.12533	7.25344 3 720 
7.05769	7.02534 3 720 
7.13164	7.03354 3 720 
7.04637	7.05417 3 720 
7.27552	7.21837 3 720 
6.96934	7.11803 3 720 
7.18871	7.18315 3 720 
7.16586	7.04438 3 720 
7.12666	7.02058 3 720 
7.31568	7.1134 3 720 
7.03712	7.17294 3 720 
6.80417	7.00344 3 720 
6.80399	6.41819 3 720 
7.71167	7.20519 3 720 
7.22805	6.79816 3 720 
7.43863	7.29992 3 720 
7.09463	6.92129 3 720 
7.25609	7.58314 3 720 
7.30626	6.7932 3 720 
7.14599	7.76911 3 720 
7.15275	6.96509 3 720 
7.23702	7.35408 3 720 
7.92488	6.96681 3 720 
7.32645	7.30055 3 720 
6.98153	6.92671 3 720 
7.42522	7.396 3 720 
7.22908	6.56786 3 720 
7.42517	7.3189 3 720 
7.05153	6.97802 3 720 
7.36914	7.77838 3 720 
6.95466	6.59057 3 720 
7.4195	7.72108 3 720 
7.0969	6.91986 3 720 
7.21952	7.4242 3 720 
7.21892	7.07041 3 720 
7.13394	7.14109 3 720 
7.25491	7.00927 3 720 
7.26343	7.24362 3 720 
7.06918	7.30211 3 720 
7.1544	6.7689 3 720 
7.23605	7.34537 3 720 
7.02781	7.1013 3 720 
7.29273	7.29428 3 720 
6.99827	6.87603 3 720 
7.21762	7.61644 3 720 
7.01493	6.80087 3 720 
7.17001	7.20553 3 720 
7.19526	7.35981 3 720 
7.17251	6.9898 3 720 
7.06773	6.88315 3 720 
7.1694	7.37943 3 720 
7.31667	6.93889 3 720 
6.90601	6.95832 3 720 
7.23562	7.17843 3 720 
7.28386	7.02913 3 720 
7.12091	7.20076 3 720 
7.32483	7.26383 3 720 
6.95095	6.86316 3 720 
7.37108	7.3784 3 720 
