2	201108		2252.09		507.476	2.45181e+06
3	216447		1958.85		443.15	2.57092e+06
4	222758		1859.96		401.927	2.61067e+06
5	228307		1790.79		382.279	2.71269e+06
6	231765		1747.05		365.535	2.6569e+06
7	231765		1747.05		355.837	2.71919e+06
8	223943		1846.92		362.557	2.70254e+06
9	219362		1911.51		366.382	2.71674e+06
10	214760		1982.21		376.744	2.73833e+06
11	219708		1907.13		366.196	2.72008e+06
12	200591		2299.71		367.239	2.6841e+06
13	195779		2406.18		373.281	2.61602e+06
14	189704		2656.18		378.939	2.65242e+06
15	185816		2769.89		384.43	2.66384e+06
16	183844		2861.7		388.886	2.68278e+06
17	181885		2940.33		392.571	2.6738e+06
18	179311		3102.28		393.59	2.69902e+06
19	177841		3141.58		397.584	2.68337e+06
20	176562		3253.61		398.552	2.65851e+06
21	174679		3312.34		401.515	2.64156e+06
22	172762		3488.08		403.507	2.37744e+06
23	172011		3518.69		407.608	2.13974e+06
24	170479		3694.18		407.923	1.92581e+06
25	169404		3765.71		410.378	1.73327e+06
26	168340		3891.05		412.566	1.55999e+06
27	167314		3996.09		412.036	1.40403e+06
28	165845		4244.87		413.962	1.26367e+06
29	164929		4300.5		415.971	1.13735e+06
30	163509		4542		412.408	1.02365e+06
31	153617		7072.67		413.249	921327
32	152625		7686.69		416.636	829239
33	152549		7715.61		419.014	746359
34	153299		7276.43		421.027	671767
35	153187		7378.1		426.229	604638
36	153769		7036.09		428.94	544219
37	153666		7112.31		429.725	489841
38	153521		7207.45		425.313	440895
39	153486		7278.28		423.32	396846
40	153298		7375.41		423.91	357205
41	153027		7459.46		421.696	321524
42	152979		7497.2		420.32	289413
43	152917		7535.63		418.574	260512
44	152939		7536.05		422.472	234506
45	152734		7582.64		425.843	211101
46	152857		7525.6		424.963	190033
47	152847		7527.61		424.724	171072
48	152536		7691.17		422.137	154005
49	152745		7709.92		411.123	138635
50	152944		7563.51		407.842	124810
50	157397		3305.69		414.161	112376
50	157415		3300.39		415.908	101181
50	157033		3510.45		417.079	91105.9
50	157066		3497.94		411.86	82031.8
50	156690		3733.93		416.724	73874.7
50	156652		3798.73		416.87	66529
50	156652		3798.72		405.277	59906.2
50	156663		3794.02		405.92	53956.8
50	155118		4860.47		407.105	48602.9
50	158619		3161.85		403.398	43779.6
50	158579		3182.02		402.884	39441.5
50	156057		4432.96		409.613	35544.3
50	156995		3746.85		414.03	32035.3
50	160772		2518.16		417.445	28876.6
50	158978		3029.09		418.362	26031.6
50	158191		3269.64		416.979	23468.9
50	158737		3053.87		418.114	21164.8
50	159349		2895.49		407.25	19079.3
50	159867		2742.11		395.122	17199.9
50	157013		3697.61		387.699	15512
50	154600		5646.66		378.579	13990.5
50	155559		4767.09		373.435	12624.2
50	156827		3848.82		367.46	11393.1
50	157284		3626.33		362.072	10285.2
50	156619		4026.76		356.971	9287.74
50	156604		4031.41		352.04	8389.73
50	158358		3278.05		346.195	7580.12
50	161594		2446.1		343.654	6854.18
50	160419		2759.09		338.348	6197.83
50	191807		1161.86		332.978	5606.51
50	182559		1691.68		329.951	5076.13
50	177627		2425.52		328.868	4600.43
50	184544		1825.12		323.49	4167.89
50	173904		4162.93		324.52	3784.48
50	206372		1016.31		318.998	3432.96
50	193041		1513.08		320.712	3123.28
50	196310		1417.4		317.352	2839.66
50	214137		939.901		329.034	2599.11
50	204629		1157.1		335.798	2378.87
50	228657		764.654		342.373	2181.14
50	217779		905.756		332.954	1987.84
50	223507		852.256		329.059	1818.46
50	204738		1218.63		336.197	1676.66
50	211670		1082.51		333.174	1539.59
50	203998		1364.52		331.884	1417.66
50	207907		1285.09		329.957	1307.15
50	205674		1433.4		327.13	1206.61
50	211998		1271.53		324.401	1115.93
50	202120		1797.43		322.93	1035.3
50	217325		1210.37		324.626	965.763
50	210974		1504.28		322.646	899.67
50	225657		1117.77		321.833	841.155
50	222710		1231.24		321.451	788.841
50	215823		1515.64		321.131	741.781
50	211200		1906.53		317.953	696.539
50	210161		2201.65		317.424	658.151
50	220196		1596.84		314.385	621.039
50	263590		1001.53		314.699	590.687
50	254016		1135.48		310.622	559.012
50	254410		1128.63		320.566	544.117
50	254470		1127.66		324.095	525.291
50	256963		1084.5		320.202	501.278
50	257065		1083.03		326.58	489.548
50	257050		1083.24		342.247	488.919
50	257083		1082.77		344.894	476.899
50	257131		1082.08		353.763	472.567
50	256994		1084.05		362.625	469.549
50	274616		878.711		355.526	451.757
50	231528		1172.58		356.175	442.783
50	244703		907.512		364.961	442.908
50	219678		1356.87		369.155	439.308
50	225858		1126.24		372.205	435.343
50	212766		1450.56		374.436	431.26
50	224271		1068.77		380.345	431.487
50	214637		1253.45		386.261	432.288
50	230696		897.904		395.722	437.147
50	208849		1334.98		391.663	428.945
50	216464		1075.77		392.717	426.271
50	207919		1245.23		399.456	429.654
50	199523		1517.15		403.316	430.494
50	199391		1508.83		390.281	414.742
50	205750		1209.59		393.094	415.109
50	193874		1641.73		396.837	416.65
50	204313		1161.04		400.675	418.507
50	178521		3519.14		399.515	415.564
50	193336		1440.9		403.289	417.733
50	185754		1962.22		393.756	406.756
50	173999		5764.31		386.462	398.162
50	184058		2334.62		375.711	386.241
50	163172		-4632.62		369.354	378.831
50	165293		-6228.64		362.715	371.244
50	168892		-17540.1		357.319	364.995
50	188876		2210.83		351.834	358.743
50	182439		3449.46		348.246	354.463
50	196447		1594.55		342.72	348.316
50	189665		2138.26		338.885	343.922
50	191348		1970.6		333.992	338.525
50	187343		2473.83		330.991	335.07
50	201178		1380.21		327.26	330.931
50	198120		1518.21		326.55	329.855
50	204557		1254.1		322.644	325.618
50	209299		1089.15		332.235	334.912
50	200380		1311.86		339.785	342.194
50	222282		817.189		346.922	349.09
50	209869		991.752		350.233	352.184
50	219036		824.003		359.98	361.736
50	198485		1211.3		352.021	353.601
50	214864		843.971		359.425	360.847
50	179438		2375.4		362.245	363.525
50	180826		2147.8		366.633	367.786
50	174598		3402.15		371.955	372.991
50	182177		1953.19		373.454	374.387
50	188688		1518.03		376.017	376.857
50	181646		2172.59		367.528	368.284
50	172295		4841.81		371.139	371.819
50	166673		33038.7		374.049	374.661
50	178729		2555.42		374.677	375.228
50	167910		9982.99		375.861	376.357
50	188382		1496.37		383.516	383.962
50	168521		7768.31		388.798	389.2
50	171557		4980.74		389.486	389.847
50	163238		-18345.4		396.921	397.247
50	174937		3318.77		403.683	403.976
50	173591		3780.33		405.483	405.747
50	173685		3753.13		401.137	401.375
50	184535		1767.73		406.419	406.633
50	175760		2953.43		405.589	405.781
50	184318		1752.82		408.502	408.674
50	191202		1392.97		405.178	405.333
50	188077		1629.5		395.613	395.753
50	197941		1190.5		386.034	386.16
50	185635		1928.08		380.027	380.14
50	211101		962.042		369.793	369.895
50	211190		964.516		373.713	373.805
50	220479		849.081		366.98	367.062
50	208267		1099.46		362.483	362.558
50	206409		1149.67		355.401	355.468
50	209637		1075.52		351.274	351.335
50	214272		979.891		342.739	342.794
50	208409		1094.97		341.659	341.708
50	222550		852.588		334.635	334.679
50	223583		839.18		331.592	331.632
50	221637		859.936		328.639	328.675
50	224472		823.752		325.957	325.989
50	224913		816.678		321.935	321.964
50	217799		904.978		321.872	321.898
50	225100		810.357		318.385	318.408
50	223449		826.46		316.056	316.077
50	219472		878.955		313.483	313.502
50	226401		799.461		312.116	312.133
50	215056		950.06		310.744	310.759
50	205880		1171.12		311.237	311.25
50	215984		977.477		308.345	308.357
50	206508		1230.8		309.435	309.446
50	218120		981.766		306.103	306.113
50	213333		1114.89		306.817	306.826
50	218727		1023.29		305.878	305.886
50	215009		1129.76		306.951	306.958
50	229930		893.485		307.24	307.246
50	231528		899.163		307.12	307.126
50	234598		894.093		308.734	308.74
50	229706		996.361		307.542	307.546
50	231882		943.477		317.893	317.898
50	227696		986.038		331.901	331.905
50	247275		764.322		342.908	342.912
50	265935		643.365		351.119	351.122
50	237184		860.993		357.052	357.054
50	276496		600.592		363.247	363.249
50	228061		995.149		371.506	371.508
50	284999		571.815		380.201	380.203
50	263426		653.182		389.272	389.274
50	269937		638.827		381.968	381.97
50	258137		722.19		374.084	374.085
50	242041		894.216		367.942	367.943
50	282119		642.422		359.649	359.65
50	262717		959.355		356.265	356.266
50	265029		940.611		350.964	350.965
50	266517		928.57		345.926	345.927
50	272105		879.072		340.862	340.863
50	272329		875.539		342.695	342.696
50	271140		885.13		337.067	337.068
50	279630		810.698		347.16	347.16
50	245053		892.121		356.785	356.785
50	270118		891.404		352.936	352.937
50	273309		862.67		346.121	346.121
50	273309		862.67		342.279	342.279
50	273223		863.323		336.341	336.341
50	266996		925.566		334.601	334.601
50	197626		3480.27		337.165	337.165
50	211726		1642.32		346.004	346.004
50	192950		4174.57		337.29	337.29
50	201228		2150.09		345.704	345.705
50	185495		7490.41		353.46	353.46
50	220067		1109.43		364.581	364.581
50	207223		1478.4		364.234	364.235
50	212657		1229.03		369.173	369.173
50	197945		1951.96		362.966	362.966
50	198167		1925.37		358.489	358.489
50	204129		1543.8		352.916	352.916
50	187781		3573.24		350.808	350.808
50	186517		3862.77		350.245	350.245
50	193107		2245.75		355.911	355.911
50	192413		2184.24		367.713	367.713
50	196678		1699.04		377.507	377.507
50	187458		2482.29		378.247	378.247
50	192988		1772.3		382.638	382.638
50	193518		1642.1		386.155	386.155
50	183980		2480.95		388.414	388.414
50	180905		3158.88		379.616	379.616
50	179406		3636.01		372.265	372.265
50	186192		2193.32		384.622	384.622
50	175094		6212.85		377.177	377.177
50	172991		14376.2		370.279	370.279
50	173592		19070.3		363.858	363.859
50	179706		5191.55		358.097	358.097
50	168999		-6709.26		353.407	353.407
50	176320		24014.9		357.571	357.571
50	162153		-2385.27		356.129	356.129
50	183520		6187.25		348.546	348.546
50	175513		-14053.6		355.217	355.217
50	180034		30413.2		358.898	358.898
50	185218		5230.83		352.748	352.748
50	177904		31548		360.507	360.507
50	190416		2574.78		371.194	371.194
50	172108		-15811.4		375.42	375.42
50	179443		5634.52		377.58	377.58
50	169896		-15882.2		377.47	377.47
50	171004		175035		385.499	385.499
50	167295		-11371.7		382.32	382.32
50	169488		-50539.4		387.395	387.395
50	163901		-5657.31		387.944	387.944
50	162671		-4568.77		391.348	391.348
50	164480		-6403.1		390.913	390.913
50	175825		4578.84		393.234	393.234
50	158937		-3700.3		388.83	388.83
50	172911		4736.96		394.678	394.678
50	167183		17283.6		387.923	387.923
50	178787		2291.82		394.948	394.948
50	196510		1198.88		382.141	382.141
50	194930		1310.22		373.618	373.618
50	189928		1596.54		367.786	367.786
50	194874		1413.77		359.727	359.727
50	196994		1380.12		355.507	355.507
50	190743		1826.73		349.829	349.829
50	190950		1860.15		345.023	345.023
50	197659		1519.73		338.743	338.743
50	203921		1267.52		335.908	335.908
50	200008		1429.88		332.846	332.846
50	198339		1505.4		327.984	327.984
50	218134		932.297		326.976	326.976
50	218993		927.037		325.24	325.24
50	212085		1093		322.797	322.797
50	216957		1030.55		320.146	320.146
50	215448		1104.73		319.634	319.634
50	221332		1019.02		316.888	316.888
50	222036		1035.98		314.376	314.376
50	212864		1295.73		313.376	313.376
50	228801		973.393		312.295	312.295
50	231793		922.025		309.197	309.197
50	234057		865.195		320.524	320.524
50	229822		928		315.467	315.467
50	217825		1100.53		322.503	322.503
50	230996		855.252		335.375	335.375
50	235240		807.666		331.771	331.771
50	216886		1083.16		330.266	330.266
50	238398		776.465		324.754	324.754
50	226116		929.735		324.473	324.473
50	264250		608.821		320.133	320.133
50	236575		794.745		318.843	318.843
50	247367		709.177		316.563	316.563
50	247715		716.443		315.229	315.229
50	253201		688.072		312.805	312.805
50	265010		640.155		312.201	312.201
50	254957		718.897		309.364	309.364
50	276301		620.154		311.115	311.115
50	254130		764.521		309.274	309.274
50	291386		596.71		308.32	308.32
50	238574		1360.9		304.298	304.298
50	253787		1050.6		308.017	308.017
50	252723		1068.1		304.405	304.405
50	248317		1158.99		304.993	304.993
50	252217		1096.2		303.001	303.001
50	252784		1093.18		302.017	302.017
50	253334		1092.35		301.226	301.226
50	252548		1110.37		299.605	299.605
50	252581		1114.22		298.608	298.608
50	252832		1114.25		297.792	297.792
50	255347		1066.32		299.45	299.45
50	254285		1081.65		297.821	297.821
50	253797		1088.67		298.226	298.226
50	255928		1053.34		296.512	296.512
50	254346		1074.8		314.892	314.892
50	254070		1086.58		310.471	310.471
50	256168		1046.06		309.457	309.457
50	256516		1041.63		305.635	305.635
50	256493		1041.65		303.06	303.06
50	253339		1088.74		302.244	302.244
50	251357		1121.2		302.511	302.511
50	252245		1107.07		300.479	300.479
50	251802		1116.82		300.697	300.697
50	254513		1075.22		301.218	301.218
50	252156		1099.76		300.208	300.208
50	253096		1068.73		300.341	300.341
50	254788		1033.37		298.876	298.876
50	250824		1079.97		298.262	298.262
50	253698		1037.18		299.468	299.468
50	256322		1014.05		296.634	296.634
50	248002		1163.94		318.131	318.131
