7.90692	0 3 360  4 720 
5.56727	0 4 360  3 720 
6.12838	0 4 360  3 720 
6.66218	0 4 360  3 720 
6.50774	0 4 360  3 720 
6.56378	0 4 360  3 720 
5.82666	0 3 360  4 720 
6.1013	0 3 360  4 720 
5.38769	0 4 360  3 720 
5.49901	0 4 360  3 720 
5.53213	4.6113 4 505  3 720 
5.52428	4.58363 4 518  3 720 
5.73415	4.79973 4 518  3 720 
6.0742	4.83858 4 520  3 720 
5.8332	5.09506 4 534  3 720 
5.61541	5.1537 4 528  3 720 
4.9781	5.28797 4 562  3 720 
5.48659	5.01611 4 563  3 720 
5.52004	5.04423 4 561  3 720 
5.51665	4.79616 4 552  3 720 
5.46163	4.80999 4 550  3 720 
5.33027	4.84444 4 557  3 720 
5.60524	4.58098 4 520  3 720 
5.29413	4.87184 4 545  3 720 
5.49582	4.95465 4 548  3 720 
5.2377	4.97649 4 544  3 720 
5.29672	4.81298 4 561  3 720 
5.41022	4.54812 4 533  3 720 
5.1506	4.79661 4 534  3 720 
4.82855	4.67135 4 521  3 720 
5.5367	4.54513 4 563  3 720 
4.51958	4.66079 4 501  3 720 
5.39417	4.50762 4 533  3 720 
5.4916	4.68559 4 535  3 720 
5.24557	4.87245 4 519  3 720 
5.7519	4.92251 4 522  3 720 
4.40294	5.2595 4 533  3 720 
5.3744	4.52151 4 575  3 720 
5.35967	4.68233 4 511  3 720 
5.22487	4.79918 4 524  3 720 
5.63672	4.87509 4 516  3 720 
5.43925	4.90352 4 511  3 720 
4.88187	4.85374 4 503  3 720 
5.88185	4.76059 4 521  3 720 
5.29643	4.73749 4 545  3 720 
5.66559	4.76577 4 531  3 720 
5.44409	4.83292 4 508  3 720 
5.26975	4.79378 4 506  3 720 
5.44475	4.91427 4 516  3 720 
5.23327	4.713 4 515  3 720 
4.71662	4.92192 4 503  3 720 
4.7681	4.52451 4 493  3 720 
5.61371	4.50763 4 509  3 720 
5.34019	4.55843 4 513  3 720 
5.19035	4.5285 4 501  3 720 
4.86887	4.47796 4 501  3 720 
4.83507	4.57793 4 497  3 720 
5.02057	4.59726 4 480  3 720 
4.6147	4.27424 4 476  3 720 
4.74971	4.36665 4 478  3 720 
4.84208	4.33595 4 483  3 720 
4.89036	4.35427 4 475  3 720 
4.78404	4.44774 4 484  3 720 
4.76059	4.31272 4 486  3 720 
4.56014	4.38694 4 478  3 720 
4.79263	4.21321 4 481  3 720 
4.81291	4.3064 4 485  3 720 
6.33863	4.30314 4 478  3 720 
4.68188	4.39438 4 479  3 720 
4.93891	4.31319 4 486  3 720 
5.32541	4.26818 4 472  3 720 
4.90724	4.53041 4 488  3 720 
5.15756	4.54909 4 502  3 720 
5.92998	4.49909 4 544  3 720 
4.97326	4.53997 4 516  3 720 
5.49433	4.67592 4 535  3 720 
5.29231	4.94581 4 558  3 720 
5.51415	4.90243 4 563  3 720 
5.47842	4.66911 4 532  3 720 
5.49607	4.63047 4 535  3 720 
5.31494	4.94193 4 540  3 720 
5.70419	4.74444 4 542  3 720 
5.12093	4.94997 4 550  3 720 
5.27703	4.85678 4 558  3 720 
5.40748	4.47003 4 522  3 720 
5.31116	4.79857 4 520  3 720 
5.74266	4.85422 4 511  3 720 
5.15342	5.15405 4 560  3 720 
5.29134	4.5082 4 531  3 720 
5.07874	4.49932 4 531  3 720 
5.02376	4.58993 4 533  3 720 
5.1948	4.68175 4 539  3 720 
4.26336	5.03756 4 572  3 720 
5.4819	4.04083 4 564  3 720 
5.45408	4.54445 4 551  3 720 
5.00721	4.71734 4 567  3 720 
5.542	4.56275 4 542  3 720 
5.49332	4.63464 4 540  3 720 
5.31644	4.85138 4 523  3 720 
5.49527	4.82159 4 505  3 720 
5.70737	4.46328 4 492  3 720 
5.45304	4.98389 4 534  3 720 
4.81573	4.83109 4 574  3 720 
5.74971	4.17927 4 518  3 720 
5.34256	4.88123 4 553  3 720 
5.73353	4.79019 4 535  3 720 
5.34299	4.59043 4 542  3 720 
5.34988	4.83739 4 522  3 720 
5.4489	4.6233 4 515  3 720 
5.35386	4.64843 4 505  3 720 
4.57497	4.80435 4 490  3 720 
4.76925	4.50989 4 498  3 720 
5.33459	4.66088 4 507  3 720 
5.45202	4.63692 4 505  3 720 
4.35564	4.77148 4 497  3 720 
6.12859	4.11764 4 592  3 720 
5.07925	4.7211 4 543  3 720 
4.88369	4.38298 4 541  3 720 
5.43621	4.51735 4 547  3 720 
5.10257	4.65572 4 548  3 720 
4.48656	4.68299 4 551  3 720 
5.23485	4.3993 4 588  3 720 
5.2287	4.80973 4 551  3 720 
5.8025	4.65903 4 595  3 720 
5.17164	4.31871 4 524  3 720 
4.91079	5.0111 4 571  3 720 
6.19976	4.15653 4 517  3 720 
5.42675	4.16133 4 521  3 720 
4.96167	4.87711 4 557  3 720 
5.99117	4.12332 4 518  3 720 
4.77597	4.59759 4 543  3 720 
5.35887	4.37947 4 554  3 720 
5.25219	4.24231 4 517  3 720 
5.15964	4.336 4 529  3 720 
5.24776	4.73927 4 530  3 720 
5.35274	4.84954 4 550  3 720 
5.99075	5.03549 4 589  3 720 
5.33201	5.23829 4 587  3 720 
5.32814	4.77949 4 565  3 720 
5.559	4.27004 4 533  3 720 
6.06749	4.49266 4 531  3 720 
4.80283	5.2048 4 548  3 720 
5.39548	4.59339 4 564  3 720 
5.19591	4.39746 4 531  3 720 
5.13543	4.52249 4 539  3 720 
5.16818	4.88075 4 537  3 720 
5.52413	4.75508 4 543  3 720 
5.1542	5.00122 4 536  3 720 
5.70928	4.77405 4 540  3 720 
5.05862	4.89422 4 543  3 720 
5.50272	4.99242 4 557  3 720 
5.51859	4.67251 4 519  3 720 
5.12356	4.72381 4 516  3 720 
5.60632	4.89481 4 525  3 720 
5.52084	5.05075 4 512  3 720 
5.13113	4.88378 4 526  3 720 
5.21943	5.00571 4 544  3 720 
5.20233	4.92206 4 550  3 720 
6.40448	5.08802 4 594  3 720 
5.32027	5.53277 4 587  3 720 
5.5583	4.87351 4 585  3 720 
5.49154	4.91693 4 561  3 720 
5.64636	4.75512 4 562  3 720 
5.27607	4.61972 4 546  3 720 
5.04704	4.91988 4 573  3 720 
5.05829	4.64887 4 563  3 720 
4.56306	3.99367 4 504  3 720 
5.12816	4.16326 4 516  3 720 
4.8743	4.3824 4 500  3 720 
5.2539	4.51113 4 501  3 720 
5.40254	4.42709 4 529  3 720 
5.48663	4.71699 4 531  3 720 
5.49044	4.86655 4 523  3 720 
5.32069	4.87227 4 509  3 720 
5.56069	4.76801 4 512  3 720 
4.73001	4.86206 4 502  3 720 
5.36553	4.33513 4 505  3 720 
4.66834	4.67024 4 502  3 720 
5.77017	4.68026 4 507  3 720 
5.22879	4.70968 4 510  3 720 
5.86553	4.84119 4 520  3 720 
5.44668	4.80521 4 520  3 720 
5.25905	4.8442 4 518  3 720 
5.62805	4.79208 4 512  3 720 
4.6777	4.77309 4 498  3 720 
5.27669	4.52132 4 520  3 720 
5.54409	4.83651 4 531  3 720 
5.06083	4.7515 4 536  3 720 
5.23635	4.55552 4 530  3 720 
4.98733	4.58808 4 524  3 720 
5.3969	4.48119 4 526  3 720 
5.10452	4.37136 4 511  3 720 
4.99679	4.8184 4 554  3 720 
4.47991	4.03471 4 494  3 720 
4.9878	4.18026 4 505  3 720 
5.21292	4.20676 4 494  3 720 
5.49237	4.59907 4 523  3 720 
5.28838	4.55871 4 521  3 720 
4.65747	4.52299 4 493  3 720 
5.57971	4.40288 4 507  3 720 
5.41697	4.65013 4 516  3 720 
4.65502	4.61871 4 496  3 720 
4.80234	4.39623 4 484  3 720 
4.66435	4.45279 4 493  3 720 
4.67802	4.44545 4 498  3 720 
4.56818	4.40087 4 499  3 720 
4.87385	4.31656 4 481  3 720 
5.28614	4.32348 4 511  3 720 
4.7432	4.21651 4 489  3 720 
5.03701	4.20228 4 447  3 720 
4.6457	4.5558 4 497  3 720 
4.81443	4.39908 4 483  3 720 
4.65273	4.38083 4 484  3 720 
5.07568	4.31572 4 486  3 720 
5.49923	4.44941 4 522  3 720 
5.26983	4.63903 4 550  3 720 
5.5588	4.94512 4 559  3 720 
5.3327	4.51804 4 523  3 720 
6.20114	4.61687 4 531  3 720 
5.29968	4.92445 4 561  3 720 
4.81352	4.34667 4 502  3 720 
4.91592	4.63759 4 509  3 720 
5.65056	4.51646 4 536  3 720 
5.30237	4.92683 4 527  3 720 
5.54436	4.70144 4 538  3 720 
5.2226	4.60287 4 545  3 720 
5.13576	4.56722 4 541  3 720 
5.15652	4.48523 4 538  3 720 
5.51054	4.50887 4 537  3 720 
5.78538	4.38379 4 525  3 720 
4.84973	4.37686 4 534  3 720 
5.57359	4.34427 4 531  3 720 
5.28224	4.42104 4 530  3 720 
5.38223	4.40672 4 523  3 720 
5.17197	4.90406 4 540  3 720 
4.76708	4.84769 4 563  3 720 
5.6004	3.99692 4 509  3 720 
5.22486	4.74614 4 534  3 720 
5.28721	4.82128 4 552  3 720 
5.75069	4.48217 4 523  3 720 
6.32512	4.53699 4 527  3 720 
5.67573	4.32333 4 533  3 720 
5.59396	4.65663 4 508  3 720 
4.80019	4.54678 4 500  3 720 
4.68078	4.47723 4 499  3 720 
4.67314	4.52251 4 496  3 720 
4.7746	4.59864 4 497  3 720 
4.81321	4.50409 4 502  3 720 
4.72063	4.48261 4 499  3 720 
5.07351	4.43978 4 493  3 720 
5.43851	4.55079 4 522  3 720 
5.52443	4.67858 4 546  3 720 
5.18482	4.86678 4 580  3 720 
5.47814	4.73527 4 539  3 720 
5.50102	4.75091 4 581  3 720 
5.38148	4.83914 4 528  3 720 
5.22368	4.42385 4 570  3 720 
5.33358	4.61145 4 509  3 720 
5.44195	4.56966 4 549  3 720 
4.94544	4.7769 4 544  3 720 
5.26585	4.69242 4 583  3 720 
5.54869	4.58216 4 526  3 720 
5.14656	4.5638 4 547  3 720 
5.41885	4.87924 4 556  3 720 
4.74905	4.44316 4 502  3 720 
5.22876	4.44117 4 530  3 720 
5.12995	4.64916 4 536  3 720 
5.66444	4.82247 4 542  3 720 
5.19135	4.91421 4 545  3 720 
5.29654	4.82805 4 557  3 720 
5.44287	4.4295 4 516  3 720 
5.27389	4.70649 4 523  3 720 
5.18542	4.89582 4 511  3 720 
5.46929	4.73682 4 523  3 720 
5.37462	4.89655 4 527  3 720 
5.12645	4.95255 4 522  3 720 
5.57723	4.73521 4 539  3 720 
5.40975	5.07598 4 523  3 720 
5.00579	4.81465 4 539  3 720 
5.43035	4.54556 4 541  3 720 
5.05302	4.59989 4 542  3 720 
5.14235	4.71152 4 540  3 720 
5.10555	4.60353 4 543  3 720 
5.61556	4.78908 4 541  3 720 
4.96816	4.97058 4 539  3 720 
5.40263	4.60111 4 577  3 720 
5.4914	4.7299 4 517  3 720 
5.09941	4.74194 4 524  3 720 
5.7059	4.95328 4 542  3 720 
4.91043	5.07301 4 579  3 720 
5.2138	4.69576 4 543  3 720 
4.99915	4.58709 4 558  3 720 
5.24499	4.67422 4 533  3 720 
5.59948	4.68387 4 540  3 720 
5.40572	4.99689 4 581  3 720 
5.80515	5.07266 4 583  3 720 
5.2111	4.80251 4 563  3 720 
5.36457	4.62678 4 561  3 720 
5.35499	4.69967 4 561  3 720 
5.51514	4.61059 4 549  3 720 
4.8124	4.91121 4 574  3 720 
7.15543	4.36052 4 543  3 720 
5.21288	4.58785 4 576  3 720 
5.82921	4.57385 4 525  3 720 
5.62171	4.6044 4 541  3 720 
5.15864	4.84227 4 581  3 720 
5.32685	4.51848 4 539  3 720 
5.28187	4.63269 4 543  3 720 
5.287	4.7958 4 542  3 720 
5.36043	4.90138 4 546  3 720 
5.13635	4.82347 4 546  3 720 
5.46281	5.04777 4 556  3 720 
5.03859	4.72814 4 524  3 720 
5.55474	4.53934 4 529  3 720 
5.68097	5.02916 4 512  3 720 
5.34461	4.91971 4 529  3 720 
5.08615	5.10018 4 537  3 720 
5.60377	5.01127 4 561  3 720 
5.31863	4.92297 4 533  3 720 
5.38637	4.74286 4 550  3 720 
5.34344	5.04748 4 556  3 720 
5.64895	4.66811 4 505  3 720 
4.96055	4.68343 4 521  3 720 
5.13177	4.66269 4 532  3 720 
4.6796	4.78356 4 555  3 720 
5.26595	4.48118 4 550  3 720 
5.3015	4.60212 4 551  3 720 
5.81909	4.99306 4 589  3 720 
5.42056	4.98004 4 555  3 720 
5.4602	4.64276 4 519  3 720 
5.08834	4.71598 4 511  3 720 
5.30964	5.08205 4 530  3 720 
5.53448	4.81802 4 540  3 720 
5.28587	5.14999 4 526  3 720 
5.24466	5.1206 4 536  3 720 
5.39458	5.04454 4 545  3 720 
5.56821	5.21918 4 553  3 720 
4.46969	4.6262 4 495  3 720 
5.31894	4.3997 4 568  3 720 
5.93719	4.64338 4 523  3 720 
4.52313	4.66303 4 492  3 720 
5.41646	4.34275 4 525  3 720 
5.17172	4.68608 4 524  3 720 
5.57489	4.97792 4 528  3 720 
5.36615	5.05456 4 531  3 720 
5.45414	5.15408 4 535  3 720 
5.13452	4.99617 4 542  3 720 
5.34151	5.11386 4 553  3 720 
5.48232	5.02269 4 550  3 720 
5.20842	4.87686 4 566  3 720 
5.59645	5.09579 4 583  3 720 
5.43174	4.89498 4 573  3 720 
5.1779	4.48117 4 527  3 720 
5.47288	4.63675 4 528  3 720 
5.40755	5.02112 4 527  3 720 
5.19528	4.89494 4 524  3 720 
5.50617	4.872 4 522  3 720 
5.21282	5.0122 4 520  3 720 
5.19573	4.99869 4 516  3 720 
5.09446	4.87075 4 521  3 720 
5.55807	5.1683 4 534  3 720 
5.48756	5.08231 4 553  3 720 
5.15902	4.95478 4 531  3 720 
5.38855	4.72114 4 537  3 720 
5.12051	5.2227 4 575  3 720 
5.49845	5.01711 4 570  3 720 
5.34578	4.88029 4 573  3 720 
5.31259	5.0242 4 582  3 720 
5.61511	4.84843 4 572  3 720 
5.17419	4.77625 4 558  3 720 
5.23151	4.53995 4 555  3 720 
5.47214	4.60508 4 531  3 720 
5.22243	4.69788 4 555  3 720 
5.86286	4.64156 4 537  3 720 
5.12617	4.83326 4 515  3 720 
5.60959	4.97452 4 524  3 720 
6.07619	4.83863 4 507  3 720 
5.21636	5.49717 4 535  3 720 
4.87733	5.18712 4 576  3 720 
4.96747	4.39501 4 532  3 720 
5.37216	4.3741 4 535  3 720 
5.15495	4.61685 4 538  3 720 
5.18169	4.82911 4 539  3 720 
5.57103	4.93831 4 535  3 720 
5.62954	4.97133 4 550  3 720 
5.30407	4.98755 4 558  3 720 
5.44839	4.80222 4 536  3 720 
5.31725	4.733 4 527  3 720 
5.20447	4.9442 4 516  3 720 
5.31345	4.85132 4 519  3 720 
5.60549	5.13782 4 520  3 720 
4.69997	4.83206 4 504  3 720 
5.53216	4.75813 4 526  3 720 
6.2796	4.79751 4 524  3 720 
4.69413	5.55007 4 549  3 720 
6.13965	4.99562 4 592  3 720 
4.99017	4.65954 4 546  3 720 
5.18295	4.74457 4 576  3 720 
5.46098	4.69972 4 529  3 720 
5.07524	4.62532 4 523  3 720 
5.39359	5.00638 4 531  3 720 
5.23847	5.06795 4 529  3 720 
5.5519	4.91937 4 534  3 720 
5.44705	5.1051 4 529  3 720 
5.37802	4.98641 4 539  3 720 
5.13758	5.15217 4 560  3 720 
5.56214	4.73107 4 543  3 720 
5.35613	4.88375 4 535  3 720 
4.83775	4.88626 4 520  3 720 
5.54032	4.64288 4 570  3 720 
5.2277	5.10542 4 523  3 720 
5.28579	4.59449 4 527  3 720 
5.43497	5.02517 4 531  3 720 
5.52731	4.6471 4 537  3 720 
7.88367	4.74971 4 526  3 720 
5.30584	4.96244 4 586  3 720 
5.53418	4.70627 4 532  3 720 
5.02829	4.71369 4 516  3 720 
5.6688	4.84314 4 518  3 720 
4.64612	4.97951 4 503  3 720 
4.64904	4.7334 4 489  3 720 
4.88505	4.3979 4 490  3 720 
5.01877	4.70762 4 487  3 720 
5.81914	4.59178 4 507  3 720 
5.29413	4.75861 4 516  3 720 
6.02315	4.95229 4 525  3 720 
5.28917	4.92907 4 526  3 720 
5.59864	4.90067 4 523  3 720 
5.86256	5.04354 4 517  3 720 
4.80832	5.24178 4 568  3 720 
5.54064	4.51564 4 533  3 720 
4.62503	4.56722 4 538  3 720 
5.36795	4.73601 4 573  3 720 
5.16151	4.62246 4 524  3 720 
5.41046	4.45026 4 530  3 720 
5.66406	4.84527 4 533  3 720 
5.37484	4.9537 4 530  3 720 
5.59008	4.37505 4 568  3 720 
5.4258	4.63908 4 517  3 720 
4.91129	4.7395 4 549  3 720 
4.77895	4.54023 4 558  3 720 
5.44168	4.25891 4 533  3 720 
5.15553	4.45862 4 533  3 720 
5.12985	4.92258 4 542  3 720 
5.69574	4.90858 4 548  3 720 
5.06859	5.00847 4 549  3 720 
5.48495	4.79336 4 564  3 720 
5.54768	4.89586 4 546  3 720 
5.30842	4.56991 4 548  3 720 
5.57749	4.96336 4 539  3 720 
5.34916	4.88697 4 528  3 720 
5.14049	4.90327 4 523  3 720 
5.49412	5.09788 4 530  3 720 
5.39871	5.04842 4 535  3 720 
5.23991	5.08767 4 531  3 720 
5.33211	4.95741 4 541  3 720 
5.69051	5.08604 4 540  3 720 
5.62858	4.97468 4 527  3 720 
4.79829	5.37243 4 575  3 720 
5.23037	4.57689 4 541  3 720 
5.10538	4.66546 4 560  3 720 
5.37178	4.78313 4 533  3 720 
5.39275	4.60664 4 541  3 720 
5.18903	5.01677 4 547  3 720 
5.57792	5.07366 4 559  3 720 
4.77586	4.80486 4 533  3 720 
5.36385	4.48125 4 577  3 720 
5.46735	4.75915 4 520  3 720 
5.36025	4.7058 4 515  3 720 
5.58043	4.87037 4 519  3 720 
5.35734	5.07523 4 514  3 720 
4.74944	4.64357 4 518  3 720 
5.00361	4.61125 4 536  3 720 
5.399	4.5642 4 538  3 720 
5.31226	4.62477 4 542  3 720 
5.28908	4.89883 4 539  3 720 
5.32592	4.81381 4 528  3 720 
5.65447	4.92513 4 524  3 720 
5.38604	5.02583 4 532  3 720 
5.23097	5.08806 4 535  3 720 
5.73733	4.94905 4 540  3 720 
5.21868	5.04248 4 538  3 720 
5.27209	5.08729 4 550  3 720 
5.64353	5.05331 4 563  3 720 
5.29102	4.87104 4 528  3 720 
5.58899	4.73961 4 534  3 720 
5.82332	5.22932 4 529  3 720 
5.15051	5.04411 4 534  3 720 
5.67111	4.85929 4 540  3 720 
5.39302	5.13745 4 528  3 720 
5.74798	4.97618 4 546  3 720 
4.60913	5.37114 4 534  3 720 
5.41478	4.61337 4 580  3 720 
5.31487	4.85048 4 528  3 720 
5.41738	4.59935 4 532  3 720 
5.70272	4.96413 4 530  3 720 
5.7013	5.22785 4 566  3 720 
4.82287	4.9664 4 536  3 720 
5.47275	4.51232 4 573  3 720 
5.58613	4.95783 4 526  3 720 
5.35137	4.73163 4 514  3 720 
5.20088	4.82965 4 534  3 720 
5.0821	4.60325 4 530  3 720 
5.24987	4.67631 4 543  3 720 
5.85406	4.49996 4 529  3 720 
4.76567	5.09916 4 561  3 720 
5.35581	4.35853 4 534  3 720 
5.34956	4.70164 4 548  3 720 
5.24964	4.84479 4 556  3 720 
5.5173	4.67426 4 525  3 720 
5.47532	4.71685 4 511  3 720 
5.4689	4.83892 4 510  3 720 
5.16754	4.94949 4 510  3 720 
5.38711	4.80756 4 515  3 720 
5.31478	4.92887 4 509  3 720 
4.86176	4.80588 4 503  3 720 
5.57786	4.85914 4 513  3 720 
5.32465	4.61711 4 530  3 720 
5.50432	5.04829 4 552  3 720 
5.35325	4.75627 4 534  3 720 
4.99937	4.76149 4 565  3 720 
5.51517	4.98357 4 559  3 720 
5.53059	4.70386 4 548  3 720 
5.12495	4.83615 4 567  3 720 
5.54851	4.7422 4 543  3 720 
4.92559	4.80713 4 542  3 720 
5.56311	4.97072 4 559  3 720 
5.50253	4.86132 4 547  3 720 
5.28373	4.86169 4 553  3 720 
5.34157	4.65778 4 511  3 720 
5.3671	4.58334 4 512  3 720 
5.59228	5.08996 4 510  3 720 
5.43473	4.72347 4 504  3 720 
5.72009	4.92921 4 520  3 720 
5.02688	4.49524 4 520  3 720 
5.20751	4.9116 4 524  3 720 
5.25365	4.87592 4 521  3 720 
5.12217	4.93533 4 518  3 720 
5.47922	4.69266 4 522  3 720 
5.58342	4.78085 4 528  3 720 
5.12426	4.94139 4 514  3 720 
5.28839	4.93107 4 516  3 720 
5.39955	5.01095 4 516  3 720 
5.09159	4.96414 4 506  3 720 
5.50557	4.94565 4 518  3 720 
5.41799	5.11159 4 517  3 720 
6.21069	4.41936 3 636  4 720 
5.53974	4.39706 3 503  4 720 
6.06473	4.87512 3 524  4 720 
5.84296	4.98178 3 557  4 720 
5.87474	4.61513 3 512  4 720 
6.01562	5.08037 3 534  4 720 
6.32897	5.37489 4 594  3 720 
4.99348	5.22239 4 511  3 720 
4.91643	4.92326 4 538  3 720 
5.4408	4.6332 4 536  3 720 
5.60747	4.74294 4 532  3 720 
4.97896	5.08169 4 542  3 720 
5.31896	4.76318 4 538  3 720 
4.80193	4.7768 4 549  3 720 
5.2871	4.53772 4 542  3 720 
5.14172	4.54223 4 535  3 720 
5.57976	4.45901 4 531  3 720 
4.76105	4.42 4 521  3 720 
4.98524	4.32186 4 518  3 720 
6.10677	4.50532 4 525  3 720 
4.96946	5.1371 4 551  3 720 
5.33728	4.64263 4 545  3 720 
5.13455	4.67018 4 537  3 720 
5.57684	4.72284 4 528  3 720 
5.11159	4.93871 4 515  3 720 
5.35685	4.91007 4 520  3 720 
5.41714	4.89629 4 516  3 720 
4.75617	5.06286 4 509  3 720 
5.67754	4.65496 4 551  3 720 
5.51301	5.24756 4 535  3 720 
5.01981	5.00547 4 562  3 720 
5.05252	4.29205 4 521  3 720 
5.09912	4.57849 4 521  3 720 
5.48604	4.56762 4 521  3 720 
5.18469	4.91994 4 515  3 720 
5.62997	4.94167 4 513  3 720 
4.68526	5.0148 4 500  3 720 
5.22209	4.67765 4 505  3 720 
5.593	4.70613 4 495  3 720 
5.65777	4.61851 4 516  3 720 
4.51687	4.5175 4 488  3 720 
5.49053	4.52233 4 505  3 720 
4.75039	4.71127 4 494  3 720 
4.51972	4.62033 4 491  3 720 
5.07141	4.44214 4 491  3 720 
5.54932	4.54825 4 511  3 720 
5.42856	4.77697 4 515  3 720 
5.23746	4.93781 4 521  3 720 
5.73157	4.96049 4 541  3 720 
5.16865	5.10986 4 535  3 720 
5.51424	4.94211 4 545  3 720 
5.35252	5.1629 4 553  3 720 
5.39254	4.65295 4 526  3 720 
5.3691	4.71717 4 531  3 720 
5.5252	5.03502 4 527  3 720 
5.16244	4.9471 4 521  3 720 
5.22818	4.82379 4 534  3 720 
