3.30898	0 3 360  4 720 
2.70121	0 3 360  4 720 
1.81671	0 3 360  4 720 
1.85367	0 3 360  4 720 
2.25546	0 4 360  3 720 
2.36909	0 4 360  3 720 
1.91196	0 3 360  4 720 
2.01694	0 4 360  3 720 
2.36565	0 4 360  3 720 
2.41316	0 4 360  3 720 
1.847	0.49887 3 0  4 720 
1.89628	0.495265 3 0  4 720 
2.36727	0.444737 3 0  4 720 
2.49782	0.454004 3 0  4 720 
2.59395	1.61321 4 636  3 720 
2.13313	1.14549 3 636  4 720 
1.9207	0.681208 3 0  4 720 
1.95688	0.684524 3 0  4 720 
2.00201	0.68389 3 0  4 720 
1.87561	0.681905 3 0  4 720 
2.27443	0.679855 3 0  4 720 
1.89901	0.684844 3 0  4 720 
2.10085	0.681336 3 0  4 720 
1.87702	0.683593 3 0  4 720 
1.96936	0.681199 3 0  4 720 
1.92025	0.689916 3 0  4 720 
1.99153	0.681387 3 0  4 720 
1.84863	0.680671 3 0  4 720 
1.99911	0.680567 3 0  4 720 
1.90016	0.681898 3 0  4 720 
2.01262	0.688954 3 0  4 720 
1.89968	0.682841 3 0  4 720 
1.98052	0.681977 3 0  4 720 
1.91191	0.68022 3 0  4 720 
1.96639	0.681037 3 0  4 720 
1.91449	0.681759 3 0  4 720 
1.9915	0.688122 3 0  4 720 
1.87063	0.680783 3 0  4 720 
2.01708	0.686523 3 0  4 720 
1.84551	0.681643 3 0  4 720 
1.95208	0.679126 3 0  4 720 
1.85659	0.679603 3 0  4 720 
1.92393	0.687909 3 0  4 720 
1.93039	0.687394 3 0  4 720 
1.98768	0.681504 3 0  4 720 
1.91662	0.682614 3 0  4 720 
1.99607	0.681132 3 0  4 720 
1.92235	0.68086 3 0  4 720 
1.99751	0.679781 3 0  4 720 
1.87885	0.682066 3 0  4 720 
1.99924	0.687888 3 0  4 720 
1.91771	0.689227 3 0  4 720 
1.95476	0.681871 3 0  4 720 
1.91227	0.679918 3 0  4 720 
1.98497	0.689474 3 0  4 720 
1.93517	0.681736 3 0  4 720 
1.93314	0.680347 3 0  4 720 
1.91371	0.679525 3 0  4 720 
1.96421	0.681301 3 0  4 720 
1.84861	0.679606 3 0  4 720 
1.95198	0.680495 3 0  4 720 
1.98808	0.681905 3 0  4 720 
1.8797	0.680617 3 0  4 720 
1.97632	0.686048 3 0  4 720 
1.89142	0.682605 3 0  4 720 
1.94181	0.686779 3 0  4 720 
1.97067	0.683114 3 0  4 720 
1.91603	0.681688 3 0  4 720 
1.9361	0.681517 3 0  4 720 
1.94924	0.690433 3 0  4 720 
1.93467	0.682103 3 0  4 720 
1.94956	0.689238 3 0  4 720 
1.95636	0.681466 3 0  4 720 
1.92951	0.681209 3 0  4 720 
1.97756	0.680709 3 0  4 720 
1.94996	0.681984 3 0  4 720 
1.87514	0.681425 3 0  4 720 
1.98231	0.67898 3 0  4 720 
2.29776	0.684442 3 0  4 720 
1.79398	1.22414 4 636  3 720 
1.95895	1.21901 4 636  3 720 
2.04736	1.08267 4 636  3 720 
2.42364	1.19884 4 636  3 720 
2.45494	1.15813 3 636  4 720 
2.36337	1.1179 4 636  3 720 
2.46384	1.20941 3 636  4 720 
2.47821	1.07648 4 636  3 720 
2.51432	1.22365 3 636  4 720 
2.50663	1.20347 4 636  3 720 
1.88853	1.19072 3 636  4 720 
1.77511	1.03861 3 622  4 720 
1.85201	1.12575 3 627  4 720 
1.73971	1.09934 3 635  4 720 
1.7287	1.1968 3 636  4 720 
1.90245	1.20065 3 636  4 720 
1.84721	1.02358 3 636  4 720 
1.83542	0.994717 3 610  4 720 
1.70713	1.10448 3 636  4 720 
1.9118	1.07135 3 636  4 720 
1.61923	1.06368 4 511  3 720 
1.80561	1.04532 4 569  3 720 
3.97187	1.0398 4 534  3 720 
1.7909	1.55505 3 636  4 720 
1.8431	1.13647 3 636  4 720 
1.82961	0.976856 3 603  4 720 
1.48058	1.01122 3 586  4 720 
1.84065	1.02059 3 636  4 720 
1.94029	1.11418 3 636  4 720 
1.75966	1.08602 3 636  4 720 
1.56137	0.95765 3 586  4 720 
1.84937	1.00472 3 636  4 720 
1.87477	1.03988 3 636  4 720 
1.77912	1.11584 3 636  4 720 
2.23285	1.0064 4 636  3 720 
1.82689	1.02886 3 636  4 720 
1.874	1.15224 3 636  4 720 
1.80475	1.17963 3 636  4 720 
3.27568	0.988538 3 608  4 720 
1.73359	0.83016 3 0  4 720 
1.99599	0.822835 3 0  4 720 
1.83813	0.818036 3 0  4 720 
1.92651	0.827766 3 0  4 720 
1.87083	0.828526 3 0  4 720 
1.98563	0.828113 3 0  4 720 
1.8995	0.819964 3 0  4 720 
1.95453	0.828268 3 0  4 720 
1.8524	0.828825 3 0  4 720 
1.96668	0.817431 3 0  4 720 
1.93284	0.82125 3 0  4 720 
1.93112	0.82941 3 0  4 720 
1.93092	0.828916 3 0  4 720 
1.94097	0.824771 3 0  4 720 
1.90766	0.819858 3 0  4 720 
1.961	0.828852 3 0  4 720 
1.88647	0.828044 3 0  4 720 
1.97303	0.828584 3 0  4 720 
1.9114	0.828824 3 0  4 720 
1.95544	0.828054 3 0  4 720 
1.87599	0.818798 3 0  4 720 
1.97083	0.829369 3 0  4 720 
1.92282	0.821449 3 0  4 720 
1.94491	0.830211 3 0  4 720 
1.90252	0.828929 3 0  4 720 
1.93147	0.821928 3 0  4 720 
1.88791	0.819252 3 0  4 720 
1.93683	0.817969 3 0  4 720 
1.90547	0.819033 3 0  4 720 
1.93389	0.819632 3 0  4 720 
1.88216	0.820977 3 0  4 720 
1.98197	0.827465 3 0  4 720 
1.84482	0.828657 3 0  4 720 
1.96333	0.826901 3 0  4 720 
1.9234	0.822027 3 0  4 720 
1.95822	0.820601 3 0  4 720 
1.87986	0.829979 3 0  4 720 
1.94692	0.819829 3 0  4 720 
1.94794	0.820838 3 0  4 720 
1.9738	0.8203 3 0  4 720 
1.84413	0.82095 3 0  4 720 
1.80381	0.8266 3 0  4 720 
1.89095	0.826267 3 0  4 720 
1.99267	0.819478 3 0  4 720 
1.8903	0.82888 3 0  4 720 
1.97571	0.827916 3 0  4 720 
1.85853	0.820233 3 0  4 720 
1.91931	0.828766 3 0  4 720 
2.02483	0.829731 3 0  4 720 
1.90644	0.824987 3 0  4 720 
1.98712	0.823158 3 0  4 720 
1.87004	0.82038 3 0  4 720 
1.97356	0.82738 3 0  4 720 
1.90875	0.829439 3 0  4 720 
1.96699	0.829129 3 0  4 720 
1.94706	0.829029 3 0  4 720 
1.88199	0.8214 3 0  4 720 
2.01726	0.828007 3 0  4 720 
1.83505	0.820402 3 0  4 720 
2.00624	0.827574 3 0  4 720 
1.87055	0.821147 3 0  4 720 
1.93598	0.825955 3 0  4 720 
1.88721	0.819058 3 0  4 720 
1.95795	0.826302 3 0  4 720 
1.82528	0.81803 3 0  4 720 
1.97689	0.824394 3 0  4 720 
1.90707	0.819994 3 0  4 720 
1.96004	0.830141 3 0  4 720 
1.89521	0.83076 3 0  4 720 
1.95066	0.827466 3 0  4 720 
1.85627	0.820439 3 0  4 720 
2.01996	0.829699 3 0  4 720 
1.93116	0.823363 3 0  4 720 
1.92699	0.827643 3 0  4 720 
1.90239	0.829286 3 0  4 720 
1.95277	0.819322 3 0  4 720 
1.86709	0.819383 3 0  4 720 
2.00358	0.827015 3 0  4 720 
1.85406	0.82011 3 0  4 720 
1.99114	0.825636 3 0  4 720 
1.70437	0.823411 3 0  4 720 
1.93569	0.819343 3 0  4 720 
1.92888	0.828551 3 0  4 720 
1.96757	0.820856 3 0  4 720 
1.89504	0.830279 3 0  4 720 
1.96476	0.819169 3 0  4 720 
1.88544	0.818507 3 0  4 720 
1.97288	0.821593 3 0  4 720 
1.90453	0.81966 3 0  4 720 
1.90928	0.81959 3 0  4 720 
1.9457	0.827874 3 0  4 720 
1.89961	0.829751 3 0  4 720 
1.9941	0.828288 3 0  4 720 
1.89895	0.821537 3 0  4 720 
1.94016	0.828305 3 0  4 720 
1.93446	0.820964 3 0  4 720 
1.89082	0.82007 3 0  4 720 
1.97518	0.827568 3 0  4 720 
1.90365	0.821639 3 0  4 720 
1.95939	0.830142 3 0  4 720 
1.83074	0.821839 3 0  4 720 
1.97795	0.824195 3 0  4 720 
1.84731	0.819926 3 0  4 720 
1.92887	0.826108 3 0  4 720 
1.89428	0.826672 3 0  4 720 
1.91159	0.820343 3 0  4 720 
1.82359	0.829287 3 0  4 720 
1.92443	0.82596 3 0  4 720 
1.8976	0.820377 3 0  4 720 
1.90213	0.821408 3 0  4 720 
1.87227	0.827956 3 0  4 720 
1.92769	0.826917 3 0  4 720 
1.88969	0.81971 3 0  4 720 
1.92716	0.821824 3 0  4 720 
1.8379	0.821124 3 0  4 720 
1.96076	0.826324 3 0  4 720 
1.82382	0.818689 3 0  4 720 
1.95384	0.826996 3 0  4 720 
1.83889	0.830266 3 0  4 720 
2.62848	0.818875 3 0  4 720 
2.23489	1.37742 4 636  3 720 
2.83629	0.934035 4 0  3 720 
2.50744	0.867109 4 636  3 720 
2.52917	0.934896 4 0  3 720 
1.87874	0.993222 3 0  4 720 
1.88702	0.977805 3 634  4 720 
1.60186	1.19021 3 0  4 720 
1.85391	1.20434 3 0  4 720 
1.92417	1.22483 3 0  4 720 
1.96678	1.21437 3 0  4 720 
1.849	1.19318 3 0  4 720 
2.03881	1.19922 3 0  4 720 
1.78821	1.20197 3 0  4 720 
1.92084	1.1968 3 0  4 720 
1.73291	1.19174 3 0  4 720 
1.84585	1.19123 3 0  4 720 
1.85394	1.20528 3 0  4 720 
1.796	1.19756 3 0  4 720 
1.9604	1.21938 3 0  4 720 
1.6979	1.19563 3 0  4 720 
1.99094	1.21575 3 0  4 720 
1.96514	1.27502 3 0  4 720 
1.73617	1.2467 3 0  4 720 
1.86243	1.23299 3 0  4 720 
1.82358	1.2455 3 0  4 720 
1.94044	1.23885 3 0  4 720 
1.88647	1.20251 3 0  4 720 
1.93272	1.19169 3 0  4 720 
1.8473	1.18831 3 0  4 720 
1.98664	1.19822 3 0  4 720 
1.82706	1.18736 3 0  4 720 
2.00308	1.19937 3 0  4 720 
1.85012	1.20347 3 0  4 720 
1.9439	1.19968 3 0  4 720 
1.87768	1.20193 3 0  4 720 
1.95667	1.19158 3 0  4 720 
1.84005	1.1911 3 0  4 720 
2.50196	1.19944 3 0  4 720 
1.81662	1.20035 3 0  4 720 
1.92803	1.194 3 0  4 720 
1.89703	1.20183 3 0  4 720 
1.94342	1.20181 3 0  4 720 
1.85158	1.18967 3 0  4 720 
1.93675	1.1992 3 0  4 720 
1.89024	1.19908 3 0  4 720 
1.94487	1.19003 3 0  4 720 
1.79996	1.19944 3 0  4 720 
1.98511	1.19671 3 0  4 720 
1.83452	1.19 3 0  4 720 
1.97651	1.19843 3 0  4 720 
1.80856	1.20127 3 0  4 720 
1.89191	1.19056 3 0  4 720 
1.92473	1.19866 3 0  4 720 
1.86349	1.19906 3 0  4 720 
1.94645	1.19681 3 0  4 720 
1.87921	1.19307 3 0  4 720 
1.88734	1.19085 3 0  4 720 
1.92141	1.1916 3 0  4 720 
1.88857	1.19179 3 0  4 720 
1.94251	1.20024 3 0  4 720 
1.87561	1.18936 3 0  4 720 
1.9097	1.20182 3 0  4 720 
1.91238	1.20154 3 0  4 720 
1.92971	1.201 3 0  4 720 
1.85887	1.19274 3 0  4 720 
1.93351	1.19973 3 0  4 720 
1.88142	1.2001 3 0  4 720 
1.90527	1.20094 3 0  4 720 
1.92302	1.1994 3 0  4 720 
1.90264	1.20192 3 0  4 720 
1.89839	1.19181 3 0  4 720 
1.91453	1.2015 3 0  4 720 
1.93442	1.19168 3 0  4 720 
1.85654	1.19254 3 0  4 720 
1.9621	1.20003 3 0  4 720 
1.88715	1.19155 3 0  4 720 
1.86263	1.19949 3 0  4 720 
1.83571	1.20013 3 0  4 720 
1.959	1.20003 3 0  4 720 
1.82809	1.19046 3 0  4 720 
1.93761	1.19767 3 0  4 720 
1.85942	1.19897 3 0  4 720 
1.90561	1.19933 3 0  4 720 
1.87208	1.19707 3 0  4 720 
1.95465	1.19909 3 0  4 720 
1.86787	1.20345 3 0  4 720 
1.98809	1.19696 3 0  4 720 
1.87175	1.19242 3 0  4 720 
1.94817	1.19232 3 0  4 720 
1.79628	1.19225 3 0  4 720 
2.00667	1.19777 3 0  4 720 
1.81323	1.19168 3 0  4 720 
1.95369	1.19952 3 0  4 720 
1.83448	1.1922 3 0  4 720 
1.89306	1.19727 3 0  4 720 
1.89948	1.19932 3 0  4 720 
1.90561	1.19398 3 0  4 720 
1.88446	1.20095 3 0  4 720 
1.9267	1.20042 3 0  4 720 
1.94136	1.19613 3 0  4 720 
1.88554	1.19379 3 0  4 720 
1.91234	1.20032 3 0  4 720 
1.87311	1.19244 3 0  4 720 
1.97768	1.20024 3 0  4 720 
1.84941	1.19145 3 0  4 720 
1.92579	1.19198 3 0  4 720 
1.86988	1.19145 3 0  4 720 
1.88467	1.19908 3 0  4 720 
1.92397	1.19159 3 0  4 720 
1.96341	1.19226 3 0  4 720 
1.867	1.20404 3 0  4 720 
1.91487	1.20032 3 0  4 720 
1.93648	1.19987 3 0  4 720 
1.87247	1.19168 3 0  4 720 
1.95175	1.20237 3 0  4 720 
1.81079	1.2023 3 0  4 720 
