1.63737e+07
5.91621e+07
7.23765e+06
6.18746e+07
8.54464e+06
1.09793e+07
3.30941e+07
-8.16106e+08
9.13329e+06
1.80772e+07
1.2665e+07
3.27278e+07
1.94011e+07
1.34507e+07
9.85189e+06
9.47571e+06
1.95518e+07
1.00356e+07
9.86281e+06
1.36516e+07
1.07777e+07
1.15117e+07
1.94695e+07
1.75302e+07
1.66927e+07
1.24617e+07
1.17119e+07
1.81224e+07
1.22282e+07
1.41788e+07
1.27861e+07
1.50473e+07
1.27861e+07
1.62849e+07
1.51232e+07
1.07428e+09
1.28095e+07
1.24769e+07
1.34872e+07
1.23282e+07
-2.52565e+08
1.23935e+07
1.26135e+07
1.62312e+07
-1.71953e+08
1.29345e+07
1.30479e+07
1.54177e+07
1.34241e+07
1.44549e+07
6.95766e+06
1.27951e+07
1.3581e+07
1.51728e+07
1.47778e+07
1.31395e+07
1.37502e+07
9.51126e+06
1.29749e+07
1.51728e+07
1.33014e+07
7.12185e+06
9.59123e+06
1.33002e+07
1.28741e+07
9.79644e+06
1.32005e+07
7.72098e+06
9.92614e+06
1.31489e+07
1.33107e+07
7.75687e+06
9.9603e+06
1.35219e+07
1.28349e+07
7.86009e+06
9.82946e+06
1.42187e+07
1.31109e+07
8.89316e+06
9.80945e+06
1.37988e+07
1.64799e+07
1.32658e+07
1.40489e+07
9.8235e+06
9.02493e+06
1.30796e+07
9.5825e+06
1.39014e+07
9.71461e+06
1.2947e+07
9.76993e+06
1.38926e+07
1.03037e+07
1.03027e+07
1.41667e+07
1.08702e+07
9.78886e+06
1.03442e+07
9.7159e+06
1.38322e+07
1.12955e+07
1.03906e+07
9.73773e+06
1.3765e+07
1.04166e+07
9.9915e+06
1.07545e+07
1.08301e+07
1.39633e+07
1.00491e+07
1.40202e+07
1.13809e+07
1.01546e+07
1.06302e+07
1.42622e+07
1.14576e+07
1.08901e+07
1.02187e+07
1.44574e+07
1.13591e+07
1.08453e+07
1.02809e+07
1.43654e+07
1.16221e+07
9.24881e+06
1.08549e+07
1.43175e+07
1.15887e+07
1.12117e+07
9.16612e+06
1.43164e+07
1.17898e+07
1.12641e+07
9.13313e+06
1.11242e+07
1.43773e+07
1.1586e+07
9.04257e+06
1.14202e+07
1.41487e+07
1.19949e+07
8.98019e+06
1.40464e+07
1.17945e+07
1.1977e+07
8.9488e+06
1.40387e+07
1.17622e+07
1.18357e+07
8.96896e+06
1.38928e+07
1.18605e+07
1.19258e+07
9.10404e+06
1.18909e+07
1.37537e+07
1.19599e+07
9.23593e+06
1.19582e+07
1.36147e+07
1.19751e+07
9.17142e+06
1.19028e+07
1.34723e+07
1.20212e+07
1.1152e+07
9.07214e+06
1.35138e+07
9.04979e+06
1.21143e+07
1.3437e+07
9.42114e+06
1.11015e+07
1.22518e+07
1.09888e+07
1.21491e+07
9.53321e+06
1.21869e+07
1.21628e+07
1.1003e+07
1.03143e+07
1.22327e+07
1.21635e+07
1.10218e+07
9.54391e+06
1.23087e+07
1.21923e+07
1.11301e+07
9.73014e+06
1.23387e+07
1.21797e+07
1.11417e+07
9.48777e+06
1.2397e+07
1.2336e+07
9.65295e+06
1.13564e+07
1.23836e+07
1.23259e+07
1.11051e+07
9.65295e+06
1.23357e+07
1.15553e+07
1.20752e+07
1.05013e+07
1.23792e+07
1.15881e+07
1.18362e+07
1.03219e+07
1.24895e+07
1.17929e+07
1.16022e+07
1.0348e+07
1.24885e+07
1.15216e+07
1.18551e+07
1.23802e+07
1.0359e+07
1.19073e+07
1.14427e+07
1.08183e+07
1.2393e+07
1.15447e+07
1.19655e+07
1.08938e+07
1.24817e+07
1.1924e+07
1.16747e+07
1.08691e+07
1.24374e+07
1.1674e+07
1.19098e+07
1.09902e+07
1.22182e+07
1.19898e+07
1.16929e+07
1.0991e+07
1.22664e+07
1.19878e+07
1.11658e+07
1.24395e+07
1.16823e+07
1.2255e+07
1.11272e+07
1.17827e+07
1.1849e+07
1.10401e+07
1.223e+07
1.16528e+07
1.21676e+07
1.10311e+07
1.21812e+07
1.16939e+07
1.21861e+07
1.11575e+07
1.227e+07
1.15562e+07
1.13381e+07
1.28586e+07
1.227e+07
1.20424e+07
1.13626e+07
1.28554e+07
1.15339e+07
1.12815e+07
1.19652e+07
1.15757e+07
1.28898e+07
1.11535e+07
1.21141e+07
1.16461e+07
1.34022e+07
1.19303e+07
1.10079e+07
1.15996e+07
1.41812e+07
1.09872e+07
1.19781e+07
1.14956e+07
1.34343e+07
1.20685e+07
1.10966e+07
1.14211e+07
1.44423e+07
1.21857e+07
1.11919e+07
1.45007e+07
1.13364e+07
1.11612e+07
1.23197e+07
1.13834e+07
1.46869e+07
1.11052e+07
1.23315e+07
1.12176e+07
1.49649e+07
1.10999e+07
1.22992e+07
1.113e+07
1.49266e+07
1.11151e+07
1.22982e+07
1.11259e+07
1.51435e+07
1.11143e+07
1.23039e+07
1.51168e+07
1.10074e+07
1.11833e+07
1.24162e+07
1.43723e+07
1.0942e+07
1.11836e+07
1.23731e+07
1.30763e+07
1.08708e+07
1.12599e+07
1.26896e+07
1.08004e+07
1.32604e+07
1.12715e+07
1.26743e+07
1.06967e+07
1.15741e+07
1.26079e+07
1.12679e+07
1.15086e+07
1.2734e+07
1.07138e+07
1.13563e+07
1.065e+07
1.12904e+07
1.27899e+07
1.13601e+07
1.06253e+07
1.12777e+07
1.25392e+07
1.1603e+07
