2	374568		6072.13		852.328	3.20893e+06
2	310888		20221.5		993.64	3.39497e+06
3	392358		5400.21		714.186	3.27393e+06
3	283923		-42671.7		991.862	3.01015e+06
4	299410		36923.2		834.647	2.98696e+06
4	418665		4785.67		721.635	3.29806e+06
5	290774		-1.71942e+06		742.198	3.09228e+06
5	433084		4544.1		729.497	3.17462e+06
6	402025		5433.76		709.957	3.35622e+06
6	284013		-66093.8		787.422	3.01393e+06
7	285679		-111109		755.361	3.00636e+06
7	372693		6395.23		739.783	3.28383e+06
8	351061		8067.27		720.625	3.27104e+06
8	281681		-84573.5		792.415	3.05754e+06
9	294236		19476.6		771.808	3.28366e+06
9	369652		7055.95		722.052	3.20392e+06
10	489547		666.814		735.528	3.22151e+06
10	363990		7229.05		710.911	3.21948e+06
11	290367		33700.7		710.31	3.21049e+06
11	374501		6810.08		705.196	3.17461e+06
12	555548		571.401		733.175	3.27994e+06
12	361193		7677.72		693.636	3.1957e+06
13	356455		8063.16		710.878	3.25912e+06
13	312178		10486.1		723.105	3.19598e+06
14	304919		15293.8		698.882	3.15274e+06
14	364080		7591.14		711.507	3.23626e+06
15	310549		11764.6		681.507	3.08782e+06
15	357717		7577.56		721.568	3.21434e+06
16	349872		8690.61		709.574	3.17041e+06
16	308698		11181.7		697.497	3.09463e+06
17	306111		12645.2		689.789	3.08874e+06
17	344069		9002.75		726.297	3.11555e+06
18	338243		10250.1		716.878	3.13796e+06
18	298613		18661.8		705.814	3.06904e+06
19	295637		25304.8		698.57	3.07191e+06
19	333671		10156.3		729.536	3.14473e+06
20	329500		11494.5		719.881	3.10225e+06
20	294336		22751.5		712.761	3.08434e+06
21	294872		21732.3		704.704	3.08636e+06
21	326007		11080.5		728.253	3.07443e+06
22	322411		12290.9		712.35	2.76705e+06
22	293707		21558.9		718.882	2.77781e+06
23	293069		23433.5		706.45	2.50009e+06
23	319486		12145		727.835	2.49043e+06
24	315905		13741.3		707.219	2.24144e+06
24	287282		63081.9		719.307	2.25016e+06
25	287019		69158.1		713.114	2.02521e+06
25	313560		13447.6		728.452	2.01739e+06
26	310539		14858.9		708.457	1.8157e+06
26	285777		84249.7		736.982	1.82279e+06
27	285507		94343.1		723.084	1.64057e+06
27	307052		15076.3		725.27	1.63422e+06
28	294894		19334.2		710.79	1.47085e+06
28	285046		101576		743.916	1.4766e+06
29	366456		1126.58		727.363	1.329e+06
29	293842		18291.5		728.45	1.32386e+06
30	292884		19545.5		704.718	1.19152e+06
30	369287		1099		748.523	1.19619e+06
31	371936		1079.09		727.34	1.07663e+06
31	298862		3863.31		725.536	1.07246e+06
32	300124		3684.85		700.771	965261
32	373117		1067.47		748.301	969060
33	376038		1040.74		729.052	872209
33	300075		3654.33		713.378	868818
34	300244		3661.7		682.998	781977
34	374009		1050.02		752.414	785084
35	365164		1124.55		737.042	706636
35	301262		3392.23		705.823	703870
36	299621		3489.34		700.375	633548
36	362606		1156.85		747.076	636056
37	364173		1141.62		733.191	572511
37	301472		3196.6		734.429	570298
38	300587		3259.33		709.219	513316
38	363932		1142.16		743.849	515344
39	369448		1097.97		728.333	463869
39	300599		3224.99		724.326	462071
40	299870		3315.29		705.391	415917
40	368514		1108.75		739.025	417565
41	372409		1078.38		722.606	375866
41	299089		3397.03		726.582	374417
42	301028		3210.87		700.333	337022
42	372225		1076.29		745.258	338374
43	369307		1098.66		724.633	304591
43	300384		3293.77		723.105	303412
44	299330		3399.96		696.547	273117
44	369910		1089.71		750.258	274230
45	374041		1060.29		728.273	246860
45	299034		3437.49		715.219	245893
46	299027		3439.44		703.426	221364
46	373784		1061.61		751.629	222270
47	377273		1039.72		734.991	200102
47	298929		3473.9		702.636	199297
48	300335		3358.42		681.86	179417
48	377411		1040.28		753.007	180183
49	381693		1011.32		733.432	162220
49	301112		3227.7		713.325	161575
50	299977		3342.96		692.226	145467
50	382247		1005.61		755.72	146094
50	386557		979.014		747.478	131552
50	299996		3342.7		680.348	130978
50	377337		1041.18		716.756	118441
50	299996		3343.09		674.837	117943
50	376309		1050.59		710.693	106662
50	299993		3343.77		684.198	106225
50	299994		3343.07		671.504	95658.5
50	371905		1083.44		715.98	96072.4
50	299279		3372.8		656.544	86144.9
50	375845		1053.94		712.309	86533.1
50	372293		1086.37		702.459	77941.2
50	298998		3326.77		697.273	77636.8
50	298536		3416.55		685.744	69931.3
50	371704		1098.56		727.346	70242.2
50	359776		1218.67		710.258	63273.6
50	299123		3330.73		717.424	63038.4
50	299124		3330.63		694.075	56783
50	352718		1319.46		730.338	57037.3
50	347716		1388.73		706.424	51382.7
50	299287		3270.27		716.835	51196.8
50	299268		3265.04		703.184	46135.2
50	349598		1357.82		726.662	46335.3
50	349967		1349.97		711.984	41759.8
50	299436		3244.18		725.682	41614.5
50	298272		3344.41		704.887	37504.8
50	350901		1331.78		736.227	37679.3
50	353303		1302.55		720.621	33969.3
50	298661		3260.04		723.844	33843.8
50	298286		3228.61		724.196	30532.1
50	353731		1294.64		744.734	30668.6
50	352664		1300.38		732.338	27663.8
50	298076		3193.54		750.095	27577.2
50	298474		3150.44		734.88	24879.3
50	351705		1318.17		749.09	24987.4
50	350923		1333.45		731.487	22546
50	298228		3142.44		757.91	22487.9
50	298886		3097.63		733.609	20290.6
50	350493		1335.18		755.843	20388.9
50	346811		1395.97		734.872	18404.6
50	298082		3171.43		757.941	18359.2
50	298550		3138.13		735.042	16576.2
50	343381		1454.91		761.831	16664.6
50	342075		1480.43		738.964	15051.4
50	298253		3147.8		761.835	15018.9
50	299457		3029.19		738.188	13569.5
50	341598		1482.87		766.305	13647.5
50	340921		1496.6		744.563	12337.7
50	299683		3009.95		759.079	12307.3
50	300234		2893.06		741.276	11134.7
50	343134		1448.26		771.235	11205
50	343067		1453.52		759.213	10149.6
50	299740		2930.58		743.466	10097.5
50	300182		2859.5		731.422	9150.06
50	343908		1441.79		756.088	9207.46
50	300203		2871.39		701.233	8278
50	344404		1438		741.275	8347.51
50	343695		1448.5		704.541	7550.16
50	301146		2765.24		722.307	7541.4
50	302421		2694.15		706.89	6844.07
50	343520		1453.21		727.624	6888.68
50	340904		1491.97		705.576	6250.52
50	303533		2577.63		733.046	6256.51
50	302834		2621.59		717.784	5688.9
50	338165		1564.14		727.433	5717.88
50	337760		1570.73		709.573	5200.98
50	303319		2563.61		702.535	5176.54
50	337846		1575.36		699.396	4741.66
50	302102		2696.9		723.973	4750.58
50	300404		2867.62		702.248	4326.19
50	339840		1540.01		706.317	4344.36
50	339113		1558.62		694.367	3968.6
50	299914		2921.79		694.998	3956.55
50	299083		3013.95		675.395	3610.79
50	337670		1593.33		682.319	3629.13
50	337419		1604.62		670.81	3322.94
50	298947		3026.45		670.731	3312.59
50	299074		3010.05		652.604	3030.27
50	335916		1628.29		661.679	3048.6
50	335710		1634.8		658.21	2806.44
50	299329		3003.57		653.241	2793.14
50	334158		1662.83		654.185	2587.59
50	299561		2902.06		633.558	2559.47
50	297591		3083.09		631.368	2364.69
50	333373		1698.58		637.901	2377.96
50	299191		2872.29		617.163	2177.15
50	333014		1724.24		621.35	2187.41
50	332985		1735.95		603.668	2013.12
50	299882		2820.52		650.753	2054.74
50	331221		1771.86		636.458	1904.96
50	300566		2743.25		660.099	1923.69
50	299169		3000.92		649.813	1787.04
50	330661		1803.66		644.32	1785.98
50	328901		1831.23		640.804	1668.29
50	302644		2567.99		658.175	1681.68
50	300779		2725.02		675.999	1597.16
50	328373		1859.15		648.043	1572.78
50	326744		1876.9		642.87	1475.14
50	299836		2840.96		676.386	1505.43
50	326668		1892.61		632.325	1381.36
50	301264		2722.5		666.755	1412.89
50	302779		2592.34		661.141	1332.67
50	372184		1452.32		626.849	1300.98
50	301084		2668.28		654.574	1258.95
50	376901		1558.78		633.515	1240.24
50	303666		2531.73		669.038	1212.97
50	361938		1936.39		628.198	1174.25
50	346147		1735.27		604.264	1095.71
50	303675		2531.25		680.674	1170.22
50	304311		2497.99		713.121	1153.71
50	327961		1881.22		604.064	1046.36
50	332419		1763.73		622.643	1020.71
50	307739		2301.68		695.557	1092.08
50	333152		1760.25		605.805	964.068
50	310083		2189.12		694.128	1051
50	317684		3308.08		710.366	1031.55
50	373362		1476.81		603.16	925.597
50	352773		1632.86		593.805	883.999
50	313307		2074.66		725.26	1014.33
50	316098		3480.92		691.901	952.063
50	369871		1531.81		617.442	878.616
50	369871		1531.81		613.347	848.404
50	317353		4416.4		678.151	912.297
50	369871		1531.81		594.823	806.374
50	304176		36844.5		687.109	897.841
50	372963		1726.94		599.937	790.333
50	312820		12974.2		688.554	878.212
50	315899		18538.8		681.913	852.605
50	363041		2163.76		619.389	790.745
50	370951		2103.62		612.693	766.913
50	323537		11587.6		683.427	837.05
50	322473		27884		711.736	849.997
50	367622		2588.76		625.11	763.909
50	376597		2478.71		620.828	745.747
50	328274		18231.6		708.109	832.544
50	325803		-56491.6		698.852	810.843
50	371181		3165.16		632.527	744.954
50	382344		2852.35		623.226	724.41
50	336113		21819.6		697.969	798.761
50	340579		23361.2		686.966	777.679
50	379482		3533.57		640.661	731.726
50	381135		4019.97		630.203	712.162
50	349058		12427.1		689.669	771.311
50	350567		20687.4		677.813	751.291
50	382150		4652.62		643.951	717.714
50	386613		4969.39		634.786	701.173
50	360897		10042.8		680.593	746.722
50	363451		13319		669.839	729.355
50	385372		6548.29		652.328	712.076
50	390388		7038.34		640.748	694.521
50	376458		7391.71		675.056	728.621
50	414431		2552.17		661.06	709.269
50	370686		-77637.5		653.374	701.771
50	391751		7022.57		637.172	680.728
50	394455		3901		663.303	706.691
50	421755		2490.84		653.656	692.705
50	378197		99110.5		649.586	688.787
50	395213		9255.75		640.563	675.844
50	404656		3943.06		662.11	697.254
50	439126		2396.42		666.021	697.651
50	379538		-19632.9		634.837	666.589
50	396962		19373.4		660.979	689.556
50	418621		3988.73		670.223	698.69
50	458105		2376.72		659.744	685.364
50	364132		-4118.91		671.028	696.747
50	390697		-12777.8		659.183	682.331
50	443141		3215.35		668.012	691.07
50	410190		18367.8		659.825	680.577
50	393160		-9575.79		668.623	689.456
50	413374		-37948.6		652.424	671.174
50	428870		10633.7		667.783	686.46
50	427162		30250.1		651.565	668.375
50	410023		-14211.9		660.523	677.397
50	415267		-11631.9		650.127	665.315
50	444074		12266.8		660.158	675.286
50	415373		-8301.02		687.399	701.015
50	414335		-8635.47		659.179	672.847
50	424553		-9829.76		645.314	657.616
50	445729		-66992.7		692.321	704.575
50	476058		12553.3		688.916	699.945
50	423566		-7561.03		656.73	667.802
50	452417		-46467.7		650.069	660.033
50	483658		11582		690.139	700.065
50	740420		1714.9		684.607	693.541
50	434186		-6261.36		657.309	666.277
50	648555		4416.81		651.475	659.547
50	727119		1838.23		687.237	695.277
50	715682		1909.75		691.094	698.329
50	648294		4445.2		657.97	665.234
50	648217		4449.75		650.675	657.212
50	700485		2043.02		696.456	702.968
50	697280		2032.91		722.708	728.569
50	646348		4600.51		657.735	663.619
50	645282		4642.08		644.926	650.221
50	698090		2027.09		721.718	726.993
50	724931		1887.96		712.101	716.848
50	645090		4662.06		658.784	663.55
50	646731		4591.5		645.694	649.983
50	692739		2255.59		712.751	717.024
50	702317		2169.55		698.565	702.411
50	650046		4462.96		657.383	661.244
50	651865		4394.49		645.85	649.325
50	711794		2112.25		700.517	703.978
50	725191		2015.95		684.35	687.465
50	652089		4379.53		659.997	663.124
50	652039		4389.26		646.689	649.503
50	737275		1932.17		693.335	696.138
50	729345		1984.64		692.318	694.841
50	652950		4335.52		660.408	662.941
50	653020		4333.66		649.367	651.647
50	745485		1881.34		696.44	698.71
50	743040		1896.04		682.954	684.998
50	653880		4284.82		665.91	667.962
50	654656		4262.46		650.133	651.979
50	745582		1878.54		686.882	688.721
50	745500		1879.61		685.209	686.865
50	653183		4354.59		666.064	667.726
50	653183		4354.59		641.987	643.482
50	745477		1879.73		680.349	681.839
50	749432		1857.61		671.033	672.373
50	653633		4315.86		653.443	654.789
50	652614		4352.1		641.723	642.934
50	752295		1835.39		674.031	675.237
50	755540		1819.45		664.585	665.671
50	652676		4350.68		658.42	659.511
50	651359		4404.22		644.572	645.554
50	747488		1879.89		672.768	673.746
50	749410		1869.12		663.282	664.161
50	651509		4392.96		654.798	655.681
50	650752		4423.99		647.849	648.644
50	749052		1869.23		666.776	667.568
50	749805		1864.89		654.88	655.592
50	650985		4395.33		647.46	648.175
50	650454		4399.49		642.436	643.08
50	753706		1837.9		661.325	661.966
50	747805		1867.87		649.026	649.603
50	651182		4333.33		650.36	650.939
50	649649		4387.26		678.002	678.523
50	747206		1878.34		657.874	658.393
50	746842		1878.14		652.06	652.528
50	648313		4467.39		678.225	678.695
50	647154		4509.63		668.264	668.686
50	752690		1833.67		661.973	662.394
50	757066		1811.59		654.656	655.035
50	647583		4475.45		671.306	671.686
50	647653		4473.61		647.475	647.817
50	755177		1823.83		672.125	672.466
50	752214		1838.33		666.492	666.799
50	646578		4547.77		661.994	662.302
50	648942		4449.9		651.217	651.495
50	750453		1847.23		687.927	688.203
50	750491		1846.79		683.15	683.399
50	650704		4338.34		667.358	667.608
50	650404		4350.01		671.982	672.206
50	746452		1868.08		695.271	695.494
50	746939		1865.27		683.692	683.893
50	650461		4346.04		691.291	691.493
50	650817		4332.66		677.969	678.151
50	747318		1855.63		694.73	694.911
50	742703		1882.25		687.571	687.734
50	649724		4413.62		688.934	689.097
50	649724		4413.63		660.218	660.365
50	740685		1889.85		699.477	699.624
50	736518		1914.29		688.238	688.37
50	648667		4483.35		674.36	674.493
50	647640		4524.84		666.775	666.894
50	727681		1978.36		684.105	684.224
50	646437		4617.62		647.158	647.265
50	726789		1982.83		686.953	687.06
50	644542		4704.63		678.33	678.426
50	741161		1875.53		684.349	684.445
50	742474		1871.32		677.249	677.335
50	646140		4584.25		688.669	688.756
50	647589		4529.86		678.992	679.07
50	733326		1944.16		680.247	680.324
50	733326		1944.16		671.935	672.005
50	648839		4421.3		681.726	681.797
50	647357		4480.5		672.654	672.717
50	739510		1901.48		673.096	673.159
50	756882		1809.49		669.357	669.414
50	648024		4440.72		679.696	679.753
50	647372		4466.56		671.013	671.065
50	753142		1828.73		672.457	672.508
50	757854		1805		664.703	664.749
50	648309		4391.11		676.28	676.326
50	650178		4318.83		667.526	667.568
50	762249		1775.61		670.817	670.858
50	770265		1740.32		662	662.037
50	649994		4328.69		674.28	674.318
50	651124		4289.16		663.422	663.456
50	780570		1676.89		666.508	666.542
50	784207		1663.23		660.99	661.02
50	651891		4243.63		671.682	671.712
50	652857		4206.48		660.743	660.771
50	781018		1672.92		663.056	663.083
50	776638		1693.75		659.319	659.343
50	652484		4233.23		669.344	669.368
50	647002		4447.39		661.152	661.174
50	779742		1674.31		663.922	663.944
50	776454		1688.66		684.219	684.239
50	648449		4345.61		670.561	670.58
50	646079		4448.98		660.428	660.446
50	776923		1684.28		687.768	687.786
50	776967		1689.74		683.883	683.899
50	647190		4361.07		667.408	667.424
50	646743		4384.71		661.94	661.954
50	765413		1742.31		681.909	681.924
50	778176		1687.58		678.714	678.727
50	646543		4389.47		670.742	670.755
50	640078		4677.92		663.773	663.785
50	777791		1685.55		682.251	682.263
50	787237		1648.32		681.098	681.108
50	636043		4953.56		676.157	676.167
50	635308		5003.45		668.653	668.663
50	784144		1665.35		686.275	686.284
50	786464		1655.73		676.943	676.951
50	640271		4665.08		676.983	676.992
50	639191		4716.89		672.158	672.165
50	782832		1679.7		689.942	689.95
50	777204		1704.7		683.464	683.471
50	638391		4772.72		702.944	702.951
50	638535		4757.35		737.635	737.642
50	777027		1704.81		687.589	687.595
50	781910		1683.57		675.41	675.415
50	641177		4548.41		733.986	733.991
50	644798		4391.01		722.828	722.833
50	802920		1573.45		678.045	678.05
50	796773		1595.98		692.682	692.687
50	646076		4307.82		712.943	712.947
50	646076		4307.82		680.543	680.547
50	796041		1599.97		701.281	701.286
50	792564		1613.92		695.329	695.333
50	615708		1772.91		694.846	694.85
50	566198		1937.94		685.533	685.536
50	496160		3318.83		707.015	707.018
50	385755		-4426.79		694.056	694.059
50	600670		1453.09		694.879	694.882
50	552980		1797.77		684.734	684.737
50	429477		10084.4		716.793	716.796
50	336570		-1899.21		707.345	707.348
50	591217		1359.66		699.206	699.209
50	533860		1722.14		686.004	686.006
50	459920		2806.03		730.937	730.94
50	382921		-15664.6		716.99	716.991
50	546615		1496.56		693.253	693.255
50	549917		1451.36		681.015	681.016
50	389380		-63412.4		730.433	730.435
50	351359		-3204.07		717.305	717.307
50	542664		1502.75		692.11	692.111
50	541541		1516.05		679.744	679.745
50	349302		-3010.97		735.583	735.585
50	322175		-1697.93		720.334	720.336
50	515450		1777.2		696.938	696.939
50	535329		1564.01		690.146	690.147
50	360409		-4316.35		739.708	739.709
50	345775		-2767.34		719.693	719.694
50	500722		2000.12		707.702	707.703
50	504797		1947.92		695.534	695.535
50	371598		-6847.88		746.583	746.583
50	363324		-4659		733.438	733.439
50	524083		1691.63		714.775	714.775
50	497882		2017.67		703.311	703.312
50	348057		-2885.37		745.12	745.121
50	328797		-1916.46		716.044	716.044
50	457407		3761.02		700.761	700.762
50	372156		-5541.06		725.52	725.521
50	483102		2915.98		703.199	703.2
50	500060		2682.1		694.408	694.409
50	368359		-4736.5		727.775	727.776
50	397916		175484		719.496	719.497
50	488863		3283.42		700.904	700.905
50	529318		2102.53		687.849	687.85
50	363083		-4067.12		727.591	727.591
50	404807		16959.4		719.862	719.863
50	513636		2426.84		690.018	690.018
50	535826		1991.16		671.046	671.046
50	370344		-5543.53		724.771	724.771
50	392913		-69294.9		718.37	718.37
50	501934		2762.2		677.494	677.495
50	542475		1898.35		667.413	667.413
50	382956		-12428.9		717.82	717.82
50	385972		-21576.7		740.761	740.762
50	494709		3029.77		676.946	676.946
50	523050		2213.14		667.521	667.522
50	361215		-4314.63		740.83	740.83
50	377032		-10364.1		759.25	759.25
50	500210		2822.31		671.574	671.574
50	518942		2317.78		670.933	670.933
50	350447		-3275.22		762.545	762.545
50	361629		-4971.19		773.357	773.358
50	502567		2772.56		675.958	675.958
50	531466		2076.51		672.257	672.257
50	344281		-2901.9		772.826	772.826
50	348619		-3355		756.732	756.733
50	498646		2643.86		649.863	649.864
50	347051		-3450.45		745.321	745.321
50	554284		1541.73		630.749	630.749
50	482870		2494.22		616.688	616.688
50	348244		-4230.72		726.36	726.36
50	342363		-3624.9		736.123	736.123
50	538802		1476.47		613.637	613.637
50	486162		2013.18		591.967	591.967
50	347510		-4977.05		721.609	721.609
50	344176		-4887.84		690.877	690.877
50	502538		1643.73		612.011	612.011
50	474079		1932.61		610.269	610.269
50	352621		-11301.3		710.159	710.16
50	341513		-6578.81		696.066	696.066
50	496258		1518.68		638.104	638.105
50	450426		2089		633.794	633.794
50	347318		-17094.1		722.677	722.677
50	332270		-6432.16		710.434	710.434
50	491624		1386.29		660.804	660.804
50	447470		1831.03		652.603	652.603
50	346110		55182.7		735.46	735.46
50	332001		-12178		707.807	707.807
50	475926		1365.31		680.607	680.607
50	320483		-7016.02		692.811	692.811
50	441134		1788.8		680.715	680.715
50	319864		-6858.3		668.415	668.415
50	458713		1442.49		709.283	709.283
50	427282		1796.23		695.573	695.574
50	331235		63242.7		693.389	693.389
50	311587		-6538.4		685.556	685.557
50	446151		1404.85		724.313	724.313
50	409561		1826.6		707.427	707.427
50	319914		-59046.1		714.124	714.124
50	319243		-29876.8		702.305	702.305
50	424007		1486.38		726.913	726.913
50	411492		1655.25		712.394	712.395
50	323347		68749.7		729.165	729.166
50	319547		-40334.4		714.333	714.333
50	400301		1854.47		731.203	731.203
50	405826		1756.06		716.124	716.124
50	323196		56460.4		735.58	735.58
50	324111		34036.3		723.565	723.565
50	406881		1728.06		736.123	736.123
50	407172		1729.99		716.797	716.797
50	324182		34933.5		746.342	746.342
50	325270		26633.4		731.44	731.44
50	409035		1697.07		741.092	741.092
50	404374		1768.6		724.988	724.988
50	318778		-30537.3		753.375	753.375
50	318644		-29223.5		734.541	734.541
50	410824		1646.15		747.113	747.114
50	400337		1813.47		733.531	733.531
50	314924		-13300.9		755.914	755.914
50	317984		-24927.8		741.808	741.808
50	400257		1805.64		749.173	749.173
50	396097		1904.95		726.871	726.871
50	316921		-19704.7		771.02	771.02
50	321422		-179141		753.555	753.555
50	394092		1945.61		747.865	747.865
50	389470		2070.39		728.564	728.565
50	319724		-30215.1		740.071	740.071
50	384178		2267.05		705.291	705.291
50	309959		-5824.99		740.018	740.018
50	400582		1874.35		675.969	675.969
50	308051		-5147.09		763.825	763.825
50	310786		-6107.57		749.036	749.036
50	398979		1901.14		706.557	706.557
50	393325		2043.44		696.071	696.071
50	310757		-6409.39		767.25	767.25
50	312676		-7349.87		748.903	748.903
50	413313		1472.38		711.689	711.689
50	412074		1321.86		696.356	696.356
50	295391		-3271.88		767.526	767.526
50	314644		-16776.6		737.93	737.93
50	338714		1597.38		706.73	706.73
50	336214		1648.63		696.653	696.653
50	288527		-3084.64		758.283	758.283
50	315364		26675.2		749.14	749.14
50	335075		1680.87		709.212	709.212
50	334974		1682.75		695.305	695.305
50	288616		-4104.62		765.051	765.051
50	821841		415.323		752.656	752.656
50	334066		1710.75		706.359	706.359
50	331439		1773.1		698.785	698.785
50	821841		415.323		771.941	771.941
50	393932		885.231		751.167	751.167
50	332036		1741.95		717.969	717.969
50	332583		1731.08		704.527	704.527
50	384639		946.002		771.698	771.698
50	366663		1072.36		749.369	749.369
50	332128		1742.44		717.513	717.513
50	333241		1720.16		702.698	702.698
50	363209		1099.52		768.608	768.608
50	347054		1281.63		747.542	747.542
50	333201		1714.18		716.242	716.242
50	333406		1710.51		699.066	699.066
50	343845		1330.2		769.328	769.328
50	338574		1415.76		752.508	752.508
50	332900		1730.05		716.247	716.247
50	334410		1695.84		697.295	697.295
50	338161		1423.53		777.649	777.649
50	339819		1399.02		758.595	758.595
50	333819		1715.35		722.935	722.935
50	333893		1714.05		707.807	707.807
50	338792		1414.41		753.841	753.841
50	334436		1696.78		676.934	676.934
50	338388		1422.75		772.709	772.709
50	338835		1405.8		755.27	755.27
50	332548		1741.87		672.39	672.39
50	336057		1453.76		762.762	762.762
50	333009		1720.41		659.399	659.399
50	332434		1736.61		651.812	651.812
50	343578		1308.33		787.088	787.088
50	337305		1404.66		770.871	770.871
50	332813		1716.41		680.754	680.754
50	331554		1746.15		670.28	670.28
50	339317		1360.96		786.92	786.92
50	343611		1298.9		766.788	766.788
50	331820		1731.27		701.306	701.306
50	330879		1760.94		687.988	687.988
50	344101		1289		786.857	786.857
50	335082		1423.38		770.393	770.393
50	331304		1734.09		711.011	711.011
50	331304		1734.11		702.646	702.646
50	335293		1424.87		797.6	797.6
50	331177		1756.41		670.091	670.091
50	335315		1424.47		788.769	788.769
50	330998		1756.51		646.32	646.32
50	334795		1437.21		794.885	794.885
50	335297		1428.18		778.464	778.464
50	329885		1798.92		652.998	652.998
50	333461		1473.47		763.546	763.546
50	330222		1790.03		661.656	661.656
50	331347		1750.95		650.995	650.995
50	331870		1502.35		759.755	759.755
50	330466		1542.97		743.428	743.428
50	333734		1693.88		662.282	662.282
50	333780		1692.46		653.479	653.479
50	327742		1599.93		739.252	739.252
50	326462		1640.11		730.271	730.271
50	332271		1719.82		666.685	666.685
50	332250		1729.58		662.309	662.309
50	325710		1657.19		726.431	726.431
50	325427		1672.23		710.701	710.701
50	332192		1737.45		673.092	673.092
50	332496		1748.64		667.444	667.444
50	296761		-24443.9		709.858	709.858
50	304506		-32557.1		704.177	704.177
50	333255		1730.95		677.532	677.532
50	334900		1706.08		710.295	710.295
50	290042		-3630.71		706.548	706.548
50	298636		-4458.62		728.99	728.99
50	334742		4207.49		718.523	718.523
50	307281		-7179.45		710.309	710.309
50	321615		144138		711.165	711.165
50	311782		-8235.85		723.973	723.973
50	324309		-109418		701.149	701.149
50	327857		-85588.3		697.438	697.438
50	329528		12571.4		710.737	710.737
50	355581		4729.61		690.802	690.802
50	338846		5667.12		697.253	697.253
50	398551		1498.28		680.704	680.704
50	345938		12518		696.922	696.922
50	349221		12592		692.325	692.325
50	336621		9657.76		703.038	703.038
50	365537		3094.52		681.712	681.712
50	334366		-9624.6		726.212	726.212
50	373488		2864.4		676.355	676.355
50	337534		-9254.47		759.428	759.428
50	402027		1903.61		660.841	660.841
50	327990		-4141.92		796.696	796.696
50	349934		-14013.3		777.299	777.299
50	380954		3041.46		669.257	669.257
50	408196		2023.28		658.512	658.512
50	333214		-3760.6		772.166	772.166
50	365488		-39870.3		768.735	768.735
50	401119		2430.22		688.995	688.995
50	369120		-24567.1		755.084	755.084
50	392412		3173.41		692.118	692.118
50	410310		2547.57		684.261	684.261
50	379386		245534		750.969	750.969
50	383702		-131667		735.976	735.976
50	392335		4308.39		688.797	688.797
50	406754		3584.52		684.71	684.71
50	390036		2.47599e+06		737.083	737.083
50	394044		-75303.9		725.355	725.355
50	419292		3108.61		687.798	687.798
50	414327		4064.9		678.592	678.592
50	401182		-269419		727.312	727.312
50	396811		-12616.4		716.877	716.877
50	434704		3068.99		681.807	681.807
50	438169		3341.89		669.245	669.245
50	410026		-27542.8		717.135	717.135
50	410314		-11709.6		706.026	706.026
50	462150		2689.97		684.162	684.162
50	449178		3693.57		674.484	674.484
50	425381		-32175.9		738.81	738.81
50	493174		2252.9		666.784	666.784
50	406056		-5028.66		733.448	733.448
50	447433		-233566		719.615	719.615
50	458840		4317.43		674.351	674.351
50	485847		3340.21		666.506	666.506
50	410094		-3474.33		725.524	725.524
50	491207		27320.4		715.173	715.173
50	485372		4357.74		672.942	672.942
50	486868		8275.8		657.712	657.712
50	599111		5428.27		719.824	719.824
50	609256		5397		711.643	711.643
50	484630		-8812.4		666.792	666.792
50	511578		-53444.5		655.183	655.183
50	610617		5323.26		712.405	712.405
50	626323		4503.78		704.266	704.266
50	520049		87353.3		666.775	666.775
50	516166		-778090		669.494	669.494
50	625179		4498.33		707.987	707.987
50	638253		3981.22		692.897	692.897
50	526863		29479.9		675.94	675.94
50	503809		-27079.2		701.673	701.673
50	645093		3782.09		695.837	695.837
50	658462		3451.74		689.926	689.926
50	506717		-35183		703.187	703.187
50	519932		72997.5		697.173	697.173
50	665663		3352.53		696.892	696.892
50	663766		3648.86		682.39	682.39
50	518559		52484.5		697.545	697.545
50	520416		57732.9		695.912	695.912
50	663801		3647.36		681.408	681.408
50	661160		3676.28		672.728	672.728
50	514795		-247279		683.81	683.81
50	500120		-19480.1		659.159	659.159
50	663544		3552.07		703.969	703.969
50	671288		3248.58		687.584	687.584
50	495641		-15678.1		687.648	687.648
50	491331		-13783.8		662.79	662.79
50	661025		3341.44		702.721	702.721
50	677034		2963.64		685.775	685.775
50	486418		-11569.5		691.957	691.957
50	482046		-10103.8		679.491	679.491
50	668337		3018.32		709.695	709.695
50	685221		2709.9		701.124	701.124
50	471650		-7576.91		716.516	716.516
50	475105		-33292.2		701.491	701.491
50	681858		2713.37		713.989	713.989
50	662404		3006.95		702.921	702.921
50	475105		-33292.2		719.538	719.538
50	502968		3399.22		708.527	708.527
50	656947		3102.01		720.309	720.309
50	646811		3149.65		700.95	700.95
50	530425		2018.54		728.822	728.822
50	536479		1750.22		716.013	716.013
50	681535		2539.41		717.284	717.284
50	676084		2627.48		696.568	696.568
50	529741		1689.6		733.177	733.177
50	553508		1448.62		719.406	719.406
50	675904		2631.14		718.806	718.806
50	490967		5120.95		703.694	703.694
50	579996		1238.76		746.392	746.392
50	505858		1888.21		728.208	728.208
50	501274		3601.19		723.808	723.808
50	477318		4403.98		708.801	708.801
50	515769		1754.21		748.418	748.418
50	490141		2033.39		734.587	734.587
50	499689		2606.14		727.685	727.685
50	465271		3645.18		709.353	709.353
50	550333		1263		752.419	752.419
50	540489		1280.13		737.706	737.706
50	501981		2039.31		736.297	736.297
50	485478		2196.75		717.017	717.017
50	519993		1354.75		755.868	755.868
50	476480		1736.99		734.778	734.778
50	510696		1634.93		742.103	742.103
50	474804		2072.56		722.152	722.152
50	534026		1159.88		759.137	759.137
50	494837		1386.67		769.382	769.382
50	490585		1705.89		728.881	728.881
50	455660		2209.34		710.345	710.345
50	522833		1156.77		795.11	795.11
50	538602		1042.71		774.383	774.383
50	442830		2335.75		740.395	740.395
50	429408		2525.26		742.651	742.651
50	512600		1112.02		795.015	795.015
50	583765		839.354		777.382	777.382
50	414768		2853.57		763.688	763.688
50	422169		2306.73		744.43	744.43
50	532213		944.553		797.099	797.099
50	558183		839.267		778.048	778.048
50	411820		2463.6		760.854	760.854
50	413807		2181.54		741.258	741.258
50	526928		893.775		791.282	791.282
50	574669		755.227		773.166	773.166
50	420721		1812.73		765.154	765.154
50	411237		1872.4		748.325	748.325
50	516420		863.634		785.32	785.32
50	609662		657.066		769.188	769.188
50	414860		1644.1		774.867	774.867
50	416072		1516.67		750.799	750.799
50	540702		749.354		778.082	778.082
50	505294		817.014		757.305	757.305
50	426804		1257.77		763.48	763.48
50	369257		1130		751.079	751.079
50	601882		611.892		772.117	772.117
50	535850		681.195		757.42	757.42
50	369245		1130.9		765.833	765.833
50	371729		1106.35		749.337	749.337
50	373338		1085.92		774.508	774.508
50	371930		1101.46		748.961	748.961
50	373117		1087.47		770.39	770.39
50	366487		1146.05		774.521	774.521
50	374331		1089.45		731.191	731.191
50	373965		1096.15		723.667	723.667
50	369460		1109.55		790.957	790.957
50	364089		1158.64		771.359	771.359
50	369391		1134.38		717.125	717.125
50	363364		1175.29		747.794	747.794
50	369016		1137.54		715.818	715.818
50	363359		1175.33		764.288	764.288
50	369181		1136.15		710.162	710.162
50	364405		1179.86		698.99	698.99
50	363359		1175.33		761.464	761.464
50	363361		1175.31		748.064	748.064
50	364403		1179.87		698.088	698.088
50	364402		1179.86		685.613	685.613
50	363365		1175.26		744.622	744.622
