3.48576e-06 3.30599e-06 516096 516096 3080 1.525e-05 1.70621 0.100106 15.7182 1225
4.03698e-06 3.31892e-06 516096 516096 186 1.56443 1.71956 0.113145 5.10685 1266.5
3.59182e-06 3.23404e-06 516096 516096 312 1.79972 1.58147 0.0794299 5.57894 1193.78
4.01405e-06 3.18087e-06 516096 516096 209 1.60994 1.5593 0.0921565 5.2607 1208.46
4.47637e-06 3.15308e-06 516096 516096 161 1.4583e-05 1.56994 0.0844779 3.448 1171.99
3.90258e-06 3.13249e-06 516096 516096 230 1.55898 1.56354 0.074803 5.26353 1178.79
3.74608e-06 3.12993e-06 516096 516096 275 1.55276 1.60742 0.0896623 5.31056 1204.32
3.85918e-06 3.10361e-06 516096 516096 233 1.56705 1.50667 0.0758002 5.16564 1214.5
3.37937e-06 3.06128e-06 516096 516096 247 1.42941 1.40515 0.0756191 4.68606 1204.05
3.36208e-06 3.02429e-06 516096 516096 247 1.369 1.38899 0.0827362 4.58984 1189.76
3.16453e-06 2.986e-06 387072 387072 184 1.86362 1.0076 0.0511021 4.21095 1164.41
5.00691e-06 2.92806e-06 709632 709632 225 1.4916e-05 1.91339 0.132404 4.18918 404.417
4.91811e-06 2.92563e-06 645120 645120 269 1.5042e-05 1.88109 0.13328 3.95532 397.522
4.88715e-06 2.93028e-06 645120 645120 286 1.6042e-05 1.90239 0.118218 3.9947 401.375
4.90231e-06 2.84999e-06 645120 645120 286 9.9291e-05 1.6314 0.12046 3.92942 409.065
4.88453e-06 2.7733e-06 645120 645120 294 1.6167e-05 1.59122 0.132215 3.94935 425.617
4.90233e-06 2.70317e-06 645120 645120 257 5.9625e-05 1.5629 0.100353 3.90465 395.972
4.93071e-06 2.69633e-06 645120 645120 286 1.6667e-05 1.7218 0.105893 4.0345 398.111
4.9502e-06 2.66166e-06 645120 645120 269 1.5833e-05 1.62763 0.102244 3.92914 393.238
4.91908e-06 2.60834e-06 645120 645120 257 1.5958e-05 1.5451 0.102004 3.89062 386.792
4.92693e-06 2.6063e-06 645120 645120 304 1.5833e-05 1.67611 0.111124 4.03877 411.822
4.88285e-06 2.66287e-06 645120 645120 239 6.2209e-05 1.86383 0.109202 3.87943 422.934
4.85714e-06 2.64483e-06 645120 645120 294 1.5042e-05 1.6597 0.108928 4.01918 433.123
4.86909e-06 2.62017e-06 645120 645120 286 1.6458e-05 1.62667 0.105615 3.97062 436.301
4.87149e-06 2.60471e-06 645120 645120 257 1.4958e-05 1.64048 0.116001 3.92429 438.134
4.85393e-06 2.59635e-06 645120 645120 286 1.5667e-05 1.65338 0.106704 3.98817 444.15
4.83887e-06 2.67246e-06 645120 645120 239 1.6042e-05 1.92046 0.123304 3.94773 472.558
4.7529e-06 2.66287e-06 645120 645120 304 1.5042e-05 1.69311 0.102736 4.05744 489.565
4.74511e-06 2.64243e-06 645120 645120 257 1.5916e-05 1.65196 0.15068 3.94852 504.022
4.73947e-06 2.63552e-06 645120 645120 286 5.8458e-05 1.68238 0.112186 3.99657 505.416
4.74888e-06 2.68899e-06 645120 645120 257 1.5958e-05 1.87271 0.112038 3.91668 510.872
4.77095e-06 2.66383e-06 645120 645120 269 1.575e-05 1.65355 0.101625 3.95865 494.176
4.68536e-06 2.61056e-06 645120 645120 286 1.6667e-05 1.54668 0.113512 3.9451 503.168
4.74543e-06 2.59877e-06 645120 645120 239 1.5667e-05 1.64607 0.0955491 3.89764 516.861
4.69073e-06 2.57555e-06 645120 645120 294 1.6e-05 1.60162 0.129968 3.94519 521.378
4.70844e-06 2.64358e-06 645120 645120 257 1.5416e-05 1.88097 0.115693 3.93041 525.905
4.67796e-06 2.6319e-06 645120 645120 257 1.6875e-05 1.66776 0.101506 3.96553 540.655
4.68331e-06 2.60206e-06 645120 645120 286 1.7042e-05 1.60164 0.116371 3.93441 531.297
4.67862e-06 2.64402e-06 645120 645120 214 1.575e-05 1.81398 0.124561 3.79395 569.265
4.53917e-06 2.60732e-06 580608 580608 257 1.7417e-05 1.42858 0.094841 3.51195 555.468
4.66838e-06 2.60599e-06 645120 645120 239 1.5292e-05 1.67776 0.104054 3.92725 561.533
4.52806e-06 2.61932e-06 580608 580608 267 1.5916e-05 1.55174 0.0998232 3.64335 558.66
4.68734e-06 2.60386e-06 645120 645120 224 1.6209e-05 1.63992 0.105477 3.87216 582.958
4.50973e-06 2.6183e-06 580608 580608 257 1.4375e-05 1.55372 0.101916 3.56552 593.769
4.60673e-06 2.66608e-06 645120 645120 224 1.5958e-05 1.84324 0.128971 3.85308 607.631
4.49409e-06 2.63498e-06 645120 645120 304 1.6167e-05 1.61965 0.117397 3.97335 610.752
4.60246e-06 2.60377e-06 645120 645120 202 1.7292e-05 1.59921 0.12759 3.77082 627.089
4.48509e-06 2.58015e-06 645120 645120 304 1.3875e-05 1.60353 0.106816 3.97033 632.993
4.61342e-06 2.55932e-06 645120 645120 202 1.575e-05 1.59731 0.13571 3.76765 626.247
4.28293e-06 2.61062e-06 645120 645120 353 1.5833e-05 1.81655 0.0766478 4.09168 650.852
4.37103e-06 2.60131e-06 645120 645120 242 1.55e-05 1.65414 0.0764047 3.7813 673.276
3.69082e-06 2.5808e-06 580608 580608 630 1.6042e-05 1.45081 0.0649841 4.10606 692.157
4.41618e-06 2.63532e-06 645120 645120 234 1.6042e-05 1.84079 0.0898407 3.80901 700.175
4.01319e-06 2.63156e-06 645120 645120 498 1.3958e-05 1.68796 0.0750238 4.32192 694.971
4.63662e-06 2.67711e-06 645120 645120 121 1.5084e-05 1.84461 0.0798803 3.63729 718.875
4.42175e-06 2.6539e-06 645120 645120 257 1.5708e-05 1.65217 0.105628 3.95268 714.693
4.44308e-06 2.59245e-06 645120 645120 257 1.5417e-05 1.5139 0.181385 3.86895 711.115
4.34819e-06 2.57517e-06 645120 645120 304 1.5875e-05 1.61668 0.120263 3.96628 707.887
4.49835e-06 2.56603e-06 645120 645120 202 1.5958e-05 1.63181 0.140072 3.82419 718.39
4.31505e-06 2.56053e-06 645120 645120 294 1.4792e-05 1.63768 0.100099 3.97929 720.013
4.40731e-06 2.55561e-06 645120 645120 257 1.6208e-05 1.63596 0.128252 3.91672 719.78
4.35735e-06 2.53764e-06 645120 645120 286 1.6416e-05 1.59072 0.108306 3.92109 726.699
4.46261e-06 2.55159e-06 645120 645120 214 1.4875e-05 1.68209 0.124948 3.88198 726.714
4.33949e-06 2.61071e-06 645120 645120 286 1.5541e-05 1.83676 0.12124 3.93575 723.925
4.42434e-06 2.68034e-06 645120 645120 239 1.5583e-05 1.90883 0.13482 3.92382 726.705
4.43873e-06 2.66511e-06 645120 645120 294 1.6584e-05 1.68 0.123237 4.11637 726.813
