9.60456e-07 1.2294e-06 614400 645120 3960 2.632e-06 0.75534 0.0470952 6.28714 1376.57
6.36729e-07 1.23888e-06 721920 774144 332 1.433e-06 0.901224 0.0667841 2.03664 15142.7
5.18838e-07 1.21453e-06 572160 580608 236 1.46e-06 0.667036 0.0386508 1.46326 16379.2
4.6864e-07 1.24307e-06 600576 645120 238 7.741e-06 0.797983 0.0570302 1.60963 15807.4
4.25815e-07 1.22269e-06 578304 580608 278 1.378e-06 0.659956 0.0489733 1.47123 15579.4
4.13958e-07 1.23724e-06 611328 645120 214 1.431e-06 0.800817 0.0541683 1.63078 15625.8
3.96704e-07 1.24633e-06 621312 645120 269 1.522e-06 0.808234 0.0478799 1.6537 15672.5
3.81295e-07 1.25243e-06 612864 645120 293 2.487e-06 0.79374 0.0496611 1.6839 15716.7
3.78187e-07 1.24635e-06 721920 774144 260 2.124e-06 0.864648 0.0507808 1.95561 16125.2
3.68149e-07 1.24514e-06 671232 709632 323 1.58e-06 0.828472 0.0637765 1.82832 15774.5
3.59327e-07 1.24618e-06 683520 709632 333 1.382e-06 0.85892 0.0537438 1.8584 15794.5
4.22026e-07 1.23846e-06 721920 774144 233 2.201e-06 0.87176 0.0623077 1.9328 8046.26
3.9743e-07 1.23772e-06 721920 774144 329 3.077e-06 0.891394 0.058903 2.01677 15880.1
3.86387e-07 1.23411e-06 689664 709632 246 2.115e-06 0.84117 0.0608046 1.79611 15837.6
3.70146e-07 1.23498e-06 674304 709632 286 1.492e-06 0.8351 0.0572635 1.82457 15756
3.59426e-07 1.23502e-06 663552 709632 268 1.488e-06 0.819617 0.0569528 1.76037 15732.8
3.47159e-07 1.24761e-06 654336 709632 297 8.965e-06 0.849308 0.0514967 1.81884 15789.8
3.80315e-07 1.24346e-06 677376 709632 231 7.769e-06 0.831038 0.0609925 1.77748 10401.2
3.68039e-07 1.24314e-06 721920 774144 410 1.577e-06 0.896528 0.0602364 2.03725 12019.4
3.98168e-07 1.23742e-06 721920 774144 234 2.033e-06 0.876811 0.0653954 1.95546 11246.6
3.78181e-07 1.23239e-06 721920 774144 336 9.12e-06 0.875162 0.0599366 2.0094 15560.7
3.77719e-07 1.2373e-06 668160 709632 246 1.636e-06 0.839844 0.0495363 1.78893 14201.3
3.70737e-07 1.23584e-06 640512 645120 269 2.294e-06 0.78781 0.0449105 1.63147 12828.3
3.81611e-07 1.22668e-06 697344 709632 258 1.49e-06 0.829873 0.0498685 1.79797 11719.1
3.82675e-07 1.23353e-06 721920 774144 370 2.737e-06 0.9103 0.056094 2.03614 10590.4
4.30623e-07 1.22816e-06 721920 774144 268 1.94e-06 0.871133 0.0586848 1.9583 7791.51
4.38171e-07 1.22875e-06 721920 774144 353 2.447e-06 0.888758 0.066228 2.02012 8777.48
4.63832e-07 1.22053e-06 721920 774144 295 1.446e-06 0.857393 0.0628695 1.9558 8026.35
4.8103e-07 1.38489e-06 721920 774144 354 1.655e-06 1.47438 0.0798789 2.60955 7288.35
4.5647e-07 1.36016e-06 193536 193536 39 0.879696 0.244096 0.00350504 1.27138 6472.16
4.30678e-07 1.33149e-06 193536 193536 50 0.910775 0.235496 0.00288596 1.28137 5720.95
4.30469e-07 1.31915e-06 193536 193536 37 0.883233 0.245752 0.00378546 1.2649 5141
4.25904e-07 1.31885e-06 193536 193536 47 0.908121 0.255012 0.00328804 1.30291 4587.94
4.35467e-07 1.29996e-06 193536 193536 39 0.88102 0.236963 0.00373804 1.24801 4165.53
4.44576e-07 1.28839e-06 193536 193536 45 0.902566 0.240392 0.00261096 1.28146 3778.41
4.66902e-07 1.2913e-06 193536 193536 39 0.893514 0.25217 0.00373109 1.27969 3453.34
4.8332e-07 1.28809e-06 193536 193536 45 0.901441 0.246807 0.00313759 1.28916 3134.06
5.06272e-07 1.301e-06 193536 193536 39 0.889724 0.26178 0.00344296 1.28817 3188.49
5.11261e-07 1.32695e-06 193536 193536 45 0.900746 0.276901 0.00279321 1.31294 3290.65
4.90671e-07 1.32102e-06 193536 193536 39 0.883548 0.251074 0.00312325 1.27473 5268.14
5.40404e-07 1.31323e-06 786432 838656 356 0.150305 1.00827 0.0749888 2.28873 4814.13
5.85442e-07 1.2983e-06 786432 838656 384 0.156672 0.974069 0.0556061 2.28936 4270.47
6.30628e-07 1.29253e-06 786432 838656 384 0.146033 0.998337 0.073046 2.29372 3894.16
6.78569e-07 1.28868e-06 786432 838656 384 0.152636 1.00136 0.0595173 2.2938 3528.32
7.8901e-07 1.28173e-06 786432 838656 384 0.161187 0.986112 0.0622931 2.29203 1913.06
8.85146e-07 1.27703e-06 786432 838656 384 0.161235 0.989526 0.049946 2.28881 1827.58
9.66201e-07 1.27438e-06 786432 838656 384 0.185549 0.993855 0.0711578 2.33502 1751.67
1.03505e-06 1.26865e-06 786432 838656 384 0.158823 0.979705 0.055447 2.28352 1678.74
1.09575e-06 1.26992e-06 786432 838656 384 0.157633 1.00269 0.0521334 2.30541 1606.86
1.15293e-06 1.26897e-06 786432 838656 384 0.154474 0.994971 0.0605473 2.30475 1548.07
1.16953e-06 1.26755e-06 786432 838656 384 0.155954 0.992378 0.0669599 2.29557 1909.3
1.18626e-06 1.26292e-06 786432 838656 384 0.155965 0.978636 0.066293 2.286 1868.46
1.20236e-06 1.25921e-06 786432 838656 384 0.160617 0.978621 0.069698 2.28363 1816.72
1.21451e-06 1.25773e-06 786432 838656 384 0.166738 0.984462 0.0493545 2.28918 1812.58
1.24665e-06 1.25601e-06 786432 838656 384 0.167358 0.982358 0.0586086 2.31171 1493.08
1.2767e-06 1.25415e-06 786432 838656 384 0.146941 0.980429 0.0627419 2.27852 1471.13
1.30118e-06 1.25251e-06 786432 838656 384 0.154851 0.979883 0.057849 2.27279 1460.7
1.32318e-06 1.25104e-06 786432 838656 384 0.152871 0.979206 0.0629258 2.28102 1435.44
1.32803e-06 1.25793e-06 786432 838656 384 0.180454 1.01096 0.0716905 2.33061 1588.09
1.33389e-06 1.25945e-06 786432 838656 384 0.158783 0.995247 0.0560534 2.29925 1588.09
1.33875e-06 1.25585e-06 786432 838656 384 0.171921 0.976308 0.0550635 2.30089 1571.61
1.21189e-06 1.24173e-06 129024 129024 16 2.076e-06 0.152929 0.00218209 1.72737 2423.23
1.11129e-06 1.23705e-06 129024 129024 15 1.796e-06 0.157194 0.00220888 0.802642 2649.13
1.01717e-06 1.27239e-06 129024 129024 13 2.756e-06 0.182408 0.00297684 0.817305 3433.37
8.69329e-07 1.26981e-06 129024 129024 15 3.264e-06 0.162504 0.00165067 0.811992 13345.8
6.17692e-07 1.25926e-06 129024 129024 13 2.107e-06 0.157026 0.00190829 1.00231 -19562.2
4.30478e-07 1.24531e-06 129024 129024 15 2.46e-06 0.153479 0.00179417 0.949204 -20278.9
2.66828e-07 1.2247e-06 318720 322560 74 1.81e-06 0.364051 0.0216641 1.59889 -20653.4
1.42954e-07 1.23274e-06 129024 129024 13 2.086e-06 0.163205 0.00157634 0.800464 -20622.6
6.41801e-08 1.28918e-06 175872 193536 44 1.86e-06 0.266437 0.00574 0.413983 -21645.7
8.079e-09 1.29041e-06 193536 193536 22 0.883019 0.250689 0.00403625 1.25944 -23841.7
-1.73614e-08 1.28363e-06 193536 193536 46 0.91858 0.243182 0.00260492 1.29806 -21979.6
-5.10498e-08 1.2769e-06 193536 193536 29 0.892322 0.241911 0.00343792 1.26045 -20764.4
-7.07847e-08 1.27898e-06 193536 193536 40 0.893208 0.249143 0.00397225 1.28536 -19656.8
-9.32514e-08 1.27584e-06 193536 193536 31 0.891093 0.244488 0.00519792 1.26748 -20835.1
-1.04696e-07 1.27862e-06 193536 193536 40 0.900081 0.249611 0.00385309 1.28788 -19837.1
-1.20132e-07 1.28387e-06 193536 193536 31 0.894159 0.252537 0.00484375 1.26692 -20390.7
-1.26594e-07 1.27327e-06 193536 193536 40 0.892914 0.23822 0.0037095 1.26642 -19566.6
-1.76701e-07 1.27209e-06 786432 838656 271 0.180043 0.996679 0.0670088 2.27282 -19723.2
-1.80395e-07 1.28619e-06 129024 129024 23 9.104e-06 0.173229 0.00272184 0.823902 -20215.6
-2.02706e-07 1.27804e-06 786432 838656 317 0.157789 0.97945 0.0662968 2.26215 -21564.3
-2.03688e-07 1.28008e-06 786432 838656 410 0.154314 1.01312 0.059013 2.3114 -23018.8
-2.05766e-07 1.27318e-06 786432 838656 350 0.152682 0.979545 0.0535799 2.27118 -26068.6
-1.99282e-07 1.27112e-06 786432 838656 393 0.151782 0.993185 0.0678564 2.30093 -28527.7
-1.90722e-07 1.26504e-06 786432 838656 359 0.159596 0.975744 0.0684583 2.2888 -33970.3
-1.78609e-07 1.26796e-06 786432 838656 393 0.153809 1.00634 0.0622455 2.31446 -37286.2
-1.64919e-07 1.26611e-06 786432 838656 359 0.151555 0.989901 0.0668988 2.26787 -46788.3
-1.48227e-07 1.26405e-06 786432 838656 393 0.149582 0.987607 0.0521091 2.28862 -58163.4
-1.30647e-07 1.26237e-06 786432 838656 359 0.15481 0.987485 0.0494065 2.26631 -84365.3
-1.12669e-07 1.25996e-06 786432 838656 393 0.154744 0.983306 0.0551906 2.2897 -114498
-9.86242e-08 1.26211e-06 786432 838656 359 0.153714 0.999294 0.0446464 2.28285 -119314
-8.67529e-08 1.26161e-06 786432 838656 393 0.159135 0.990629 0.0760708 2.29495 -118429
-7.79053e-08 1.25765e-06 786432 838656 359 0.158627 0.976584 0.0707488 2.26554 -118599
-6.68702e-08 1.25968e-06 786432 838656 393 0.152027 0.997029 0.0724446 2.30153 -203929
-5.05269e-08 1.25687e-06 786432 838656 359 0.155403 0.979612 0.0612154 2.26493 332204
-4.36205e-08 1.25616e-06 786432 838656 393 0.155974 0.985641 0.0572092 2.28191 -288331
-2.086e-08 1.25822e-06 786432 838656 359 0.15783 0.995983 0.0539876 2.28337 68746.9
5.50356e-09 1.2556e-06 786432 838656 393 0.15688 0.979222 0.0720172 2.26867 38970.1
4.07897e-08 1.25267e-06 786432 838656 359 0.152786 0.975904 0.0594323 2.25003 24967.5
6.90028e-08 1.63611e-06 786432 838656 393 0.152289 2.49289 0.0632904 2.69117 21551
1.03951e-07 1.55853e-06 786432 838656 359 0.149576 0.981622 0.0637521 2.25889 18254.2
1.28912e-07 1.49764e-06 786432 838656 393 0.166127 0.986272 0.0652246 2.29213 18205
1.55353e-07 1.44821e-06 786432 838656 359 0.162408 0.983415 0.064312 2.28839 17039.9
1.73614e-07 1.40986e-06 786432 838656 393 0.152103 0.988125 0.0562912 2.29025 16701
1.94706e-07 1.38315e-06 786432 838656 359 0.152264 1.00374 0.0573185 2.28552 15732.7
2.08827e-07 1.35327e-06 786432 838656 393 0.1471 0.970236 0.0520672 2.27021 15514.6
2.25753e-07 1.3286e-06 786432 838656 359 0.144542 0.967243 0.0573391 2.23911 14714.8
2.37008e-07 1.31049e-06 786432 838656 393 0.148356 0.973659 0.0579272 2.26801 14293.2
2.53724e-07 1.2979e-06 786432 838656 359 0.157981 0.981122 0.0487462 2.2721 13466.5
2.6335e-07 1.28909e-06 786432 838656 393 0.152609 0.986059 0.0549049 2.28862 13246.3
2.77396e-07 1.28024e-06 786432 838656 359 0.156793 0.978976 0.0651387 2.25551 12769.7
2.88122e-07 1.27431e-06 786432 838656 393 0.153994 0.983514 0.0546827 2.28895 12073.9
3.04409e-07 1.26705e-06 786432 838656 359 0.145586 0.973606 0.0569955 2.24664 11281.7
3.18873e-07 1.24081e-06 786432 838656 393 0.15361 0.89327 0.0670938 2.27896 10296.6
3.44091e-07 1.2449e-06 786432 838656 359 0.151796 0.991883 0.0526498 2.28131 9203.57
3.65113e-07 1.22573e-06 786432 838656 393 0.160406 0.903665 0.0560163 2.28621 8416.21
3.90586e-07 1.22659e-06 786432 838656 359 0.17581 0.967336 0.0574132 2.26821 7962.7
3.93439e-07 1.22983e-06 786432 838656 393 0.161314 0.977368 0.0604105 2.27998 9244.76
3.85865e-07 1.2875e-06 129024 129024 15 2.74e-06 0.195882 0.00157029 0.834958 9281.9
4.26405e-07 1.28192e-06 786432 838656 317 0.146398 0.9906 0.0620882 2.25058 7070.29
4.85428e-07 1.27942e-06 786432 838656 427 0.150297 0.998318 0.0587083 2.31464 4213.1
7.54672e-07 1.27153e-06 786432 838656 350 0.15204 0.975133 0.0596898 2.24551 696.335
9.66804e-07 1.26675e-06 786432 838656 393 0.161144 0.981169 0.0652249 2.29238 689.521
1.14238e-06 1.26357e-06 786432 838656 359 0.158886 0.983737 0.0651925 2.28163 687.994
1.27717e-06 1.24185e-06 786432 838656 393 0.150856 0.908295 0.0662318 2.27782 677.222
1.38764e-06 1.23374e-06 786432 838656 359 0.166472 0.944742 0.0698073 2.31596 688.574
1.47187e-06 1.23546e-06 786432 838656 393 0.159586 0.977025 0.0556722 2.27743 680.961
1.54493e-06 1.2368e-06 786432 838656 359 0.150984 0.97685 0.0704747 2.25831 687.065
1.58927e-06 1.23863e-06 786432 838656 393 0.146038 0.979868 0.0534304 2.27286 744.528
1.62819e-06 1.24021e-06 786432 838656 359 0.152373 0.980316 0.0599865 2.25759 736.632
1.65437e-06 1.24109e-06 786432 838656 393 0.159421 0.978778 0.0620274 2.28824 756.172
1.6854e-06 1.24374e-06 786432 838656 359 0.157995 0.986464 0.0498651 2.26511 741.856
1.70094e-06 1.24657e-06 786432 838656 393 0.161019 0.989253 0.0586604 2.28901 760.663
1.71668e-06 1.24477e-06 786432 838656 359 0.162117 0.973255 0.0652705 2.25931 755.465
1.7242e-06 1.24704e-06 786432 838656 393 0.162044 0.987839 0.0764507 2.29562 743.656
1.71175e-06 1.24581e-06 786432 838656 359 0.156334 0.975908 0.0742344 2.36851 743.605
1.72231e-06 1.25837e-06 786432 838656 393 0.156812 1.02913 0.0633539 2.3263 730.31
1.74859e-06 1.257e-06 786432 838656 359 0.147898 0.984247 0.04776 2.26866 693.681
1.75799e-06 1.26395e-06 786432 838656 393 0.163138 1.01584 0.0654102 2.32936 719.166
1.77274e-06 1.26119e-06 786432 838656 359 0.159883 0.983162 0.0496586 2.28054 706.522
1.77262e-06 1.25476e-06 786432 838656 393 0.157659 0.96656 0.062848 2.27465 732.922
1.77824e-06 1.25754e-06 786432 838656 359 0.162775 0.997729 0.0585976 2.29319 743.71
1.77868e-06 1.25702e-06 786432 838656 393 0.156812 0.986899 0.0709166 2.28956 726.492
1.78028e-06 1.25721e-06 786432 838656 359 0.157305 0.98933 0.0554024 2.27574 734.233
1.77811e-06 1.25446e-06 786432 838656 393 0.16346 0.977884 0.0531422 2.27604 724.214
1.78689e-06 1.25801e-06 786432 838656 359 0.155895 1.00052 0.0546886 2.29321 717.264
1.786e-06 1.26277e-06 786432 838656 393 0.173167 1.00805 0.057675 2.32408 734.722
1.78633e-06 1.26343e-06 786432 838656 359 0.159437 0.995658 0.0597502 2.28623 764.188
1.78019e-06 1.26132e-06 786432 838656 393 0.155931 0.985315 0.0742078 2.29667 771.326
1.78092e-06 1.25802e-06 786432 838656 359 0.163799 0.978958 0.0667736 2.26523 742.116
1.77975e-06 1.25717e-06 786432 838656 393 0.153603 0.986021 0.0600813 2.28515 737.117
1.78684e-06 1.26241e-06 786432 838656 359 0.15126 1.0093 0.0616315 2.29087 722.948
1.78814e-06 1.26195e-06 786432 838656 393 0.15491 0.990979 0.0655842 2.3038 703.522
1.80403e-06 1.26097e-06 786432 838656 359 0.167874 0.988572 0.0606702 2.2878 689.391
1.80433e-06 1.2573e-06 786432 838656 393 0.156803 0.977244 0.0630063 2.28524 701.387
1.80822e-06 1.25442e-06 786432 838656 359 0.15768 0.977459 0.0543092 2.26646 693.202
1.80837e-06 1.25824e-06 786432 838656 393 0.155978 1.00153 0.0714491 2.30824 693.438
1.80676e-06 1.25698e-06 786432 838656 359 0.151862 0.984589 0.0679435 2.26363 725.213
1.79619e-06 1.25181e-06 786432 838656 393 0.164535 0.968167 0.0526967 2.29073 762.309
1.79523e-06 1.25659e-06 786432 838656 359 0.154671 1.00328 0.0657941 2.297 754.006
1.7851e-06 1.25695e-06 786432 838656 393 0.157005 0.989625 0.0685074 2.29072 774.034
1.78933e-06 1.25793e-06 786432 838656 359 0.151039 0.992371 0.0593644 2.27146 745.829
1.78162e-06 1.25528e-06 786432 838656 393 0.15995 0.978872 0.0552581 2.29438 754.043
1.77911e-06 1.25555e-06 786432 838656 359 0.152629 0.988225 0.0623466 2.28388 786.714
1.76963e-06 1.25441e-06 786432 838656 393 0.155763 0.982926 0.058839 2.29653 804.284
1.77221e-06 1.25692e-06 786432 838656 359 0.154296 0.996378 0.0602482 2.27646 783.652
1.76989e-06 1.25777e-06 786432 838656 393 0.148293 0.991832 0.0647335 2.29269 771.325
1.76528e-06 1.25524e-06 786432 838656 359 0.155016 0.979196 0.0611636 2.25892 794.872
1.75746e-06 1.2581e-06 786432 838656 393 0.157468 0.998404 0.0585819 2.30002 796.893
1.76347e-06 1.25871e-06 786432 838656 359 0.146436 0.991806 0.0748043 2.26188 747.156
