8.29747e-07 6.33543e-06 301056 322560 1320 0.755407 1.90732 0.0190142 4.17409 1376.57
4.64561e-07 4.71573e-06 129024 129024 23 1.15406 0.399462 0.00320978 1.70663 31950.4
3.36024e-07 4.50439e-06 160512 193536 95 1.07182 0.655162 0.00575207 2.00001 27702.2
2.75686e-07 4.1009e-06 129024 129024 23 1.22578 0.372933 0.00271765 2.28025 33063.2
2.34665e-07 3.97892e-06 129024 129024 26 1.10574 0.450425 0.00235378 1.60216 37108.1
2.08117e-07 3.87356e-06 129024 129024 22 1.21793 0.43181 0.00220545 1.99582 42269.9
2.13102e-07 3.737e-06 129024 129024 25 1.23762 0.376447 0.00218782 1.72064 10414
1.91858e-07 3.73199e-06 198144 258048 110 1.16478 0.732519 0.00776865 2.15313 74226.8
1.77007e-07 3.60224e-06 129024 129024 18 1.12075 0.330854 0.0031314 1.63388 73192.4
1.63383e-07 3.50954e-06 129024 129024 26 1.20036 0.345165 0.00298428 1.67468 74230.8
1.51319e-07 3.49248e-06 132096 193536 95 1.24288 0.438805 0.00566103 1.93621 73720.9
1.31797e-07 3.44e-06 129024 129024 17 1.13493 0.416759 0.00220253 1.68646 75771.1
1.14375e-07 3.27144e-06 129024 129024 23 1.14042 0.335102 0.00289674 1.62494 76193.3
1.00489e-07 3.22478e-06 129024 129024 20 1.20851 0.391995 0.00219369 1.68086 78156.9
8.90586e-08 3.1158e-06 129024 129024 23 1.25102 0.345767 0.00316828 1.75196 77733.5
7.92943e-08 2.98686e-06 129024 129024 23 1.19108 0.318831 0.00219132 1.59417 79453.4
7.11718e-08 3.00459e-06 129024 129024 23 1.25543 0.396812 0.00233307 1.71896 81042.9
6.57582e-08 2.95678e-06 129024 129024 20 1.20033 0.356825 0.00218099 1.67276 82337.8
5.90062e-08 2.9206e-06 129024 129024 30 1.12948 0.358157 0.00334761 1.6707 81624.8
5.72445e-08 2.93927e-06 129024 129024 18 1.11411 0.388872 0.00410436 1.65236 80375.5
5.36612e-08 2.86704e-06 129024 129024 25 1.10093 0.332635 0.00319982 1.58285 80301.4
5.2376e-08 2.85985e-06 129024 129024 20 1.23294 0.365282 0.0029979 1.68951 72720.1
5.08542e-08 2.90661e-06 129024 129024 25 1.19296 0.399156 0.00266745 1.89712 66376.4
5.16989e-08 3.03431e-06 129024 129024 22 1.20434 0.457399 0.00220003 2.09932 60810.6
5.19468e-08 3.01407e-06 129024 129024 25 1.15174 0.378443 0.00220778 1.62517 55263.6
5.51361e-08 3.00285e-06 129024 129024 20 1.10738 0.381648 0.00311369 1.60051 50520.7
5.6955e-08 2.88869e-06 129024 129024 26 1.13549 0.313797 0.00241094 1.59831 46362.9
6.063e-08 2.84625e-06 129024 129024 23 1.09661 0.345326 0.00232032 1.5516 42705.9
6.34056e-08 2.94386e-06 129024 129024 25 1.74877 0.430205 0.00220832 2.31839 39340.2
6.86942e-08 2.96407e-06 129024 129024 23 1.1238 0.392867 0.00308603 1.72794 36238
7.24664e-08 2.92055e-06 129024 129024 26 1.14627 0.354359 0.00256149 1.63486 33515
8.06968e-08 2.88123e-06 129024 129024 20 1.12899 0.351457 0.00311182 1.64509 30949.8
8.48928e-08 2.97065e-06 129024 129024 25 1.16314 0.429437 0.00377069 1.81158 28743.4
9.06654e-08 3.08584e-06 129024 129024 23 1.11799 0.457595 0.00262811 1.70464 26761.2
9.52589e-08 3.12916e-06 129024 129024 25 1.14296 0.426091 0.00313744 1.67958 25007.6
1.0076e-07 3.05333e-06 129024 129024 23 1.14569 0.354817 0.00217595 1.56404 23293.1
1.05534e-07 3.03596e-06 129024 129024 25 1.14826 0.382751 0.00228895 1.59425 21881.7
1.13029e-07 3.02565e-06 129024 129024 23 1.15152 0.385061 0.00221099 1.66449 20531.9
1.19429e-07 2.96632e-06 129024 129024 25 1.17765 0.352104 0.00303707 1.6727 19352.5
1.54039e-07 3.09725e-06 129024 129024 23 1.13463 0.467195 0.00220482 1.65853 7735.78
2.17415e-07 3.02695e-06 532224 580608 269 0.62043 1.46135 0.0439726 2.58764 7316.52
1.7797e-07 2.94046e-06 675072 709632 437 0.509038 1.75146 0.0473206 2.75112 187686
1.49156e-07 2.8819e-06 129024 129024 13 1.13371 0.341611 0.00219382 1.56953 151922
1.22357e-07 2.89352e-06 129024 129024 30 1.16177 0.379333 0.00229844 1.67755 173489
1.0322e-07 2.85421e-06 129024 129024 18 1.13424 0.347975 0.00241107 1.58628 148638
8.63231e-08 2.8349e-06 129024 129024 26 1.14236 0.3558 0.00220544 1.64353 161396
7.45651e-08 2.74342e-06 129024 129024 20 1.13559 0.306757 0.0031172 1.58576 142380
6.33807e-08 2.75087e-06 129024 129024 26 1.1497 0.358774 0.00236224 1.59321 155650
5.60075e-08 2.67782e-06 129024 129024 20 1.1467 0.307801 0.00313869 1.56903 141295
8.73981e-08 2.73608e-06 129024 129024 26 1.13114 0.38309 0.00234982 1.62004 11695.5
