9.27574e-07 1.38418e-06 129024 129024 440 2.66273 0.178593 0.0132902 3.53128 1376.57
5.3041e-07 1.34527e-06 193536 193536 23 0.901229 0.252827 0.00516162 1.37555 31841.5
4.09064e-07 1.32956e-06 311808 322560 95 0.667041 0.404771 0.0209622 1.44704 23876.6
3.55274e-07 1.3368e-06 314880 322560 77 0.797996 0.427771 0.0142628 1.50354 23415.4
3.16223e-07 1.33387e-06 337152 387072 152 0.659964 0.445772 0.0173723 1.53607 22099.1
2.90333e-07 1.34014e-06 304128 322560 111 0.800822 0.417104 0.0151489 1.51733 21530.2
2.58149e-07 1.35723e-06 294144 322560 103 0.80824 0.429383 0.0155992 1.51871 57808.6
2.33547e-07 1.38623e-06 233472 258048 67 0.793746 0.371031 0.0139933 1.60712 59830.8
2.14084e-07 1.37922e-06 193536 193536 21 0.864657 0.256089 0.00392058 1.2411 79304.3
1.97159e-07 1.39357e-06 244224 258048 70 0.828475 0.371879 0.0122393 1.37276 79647
1.81853e-07 1.4194e-06 228864 258048 119 0.858926 0.38395 0.00999516 1.48812 78297.1
1.51082e-07 1.40746e-06 193536 193536 44 0.871764 0.263159 0.00435587 1.27025 90530.7
1.3162e-07 1.3833e-06 193536 193536 86 0.891402 0.249009 0.00266966 1.30348 28539.4
1.25615e-07 1.43201e-06 225792 258048 84 0.841174 0.367328 0.00969387 1.37149 27991.6
1.20492e-07 1.49054e-06 241152 258048 101 0.835108 0.415906 0.0103106 1.43679 27484.9
1.14324e-07 1.48735e-06 251904 258048 107 0.81962 0.371453 0.0116257 1.37723 26757.3
1.18542e-07 1.50093e-06 261120 322560 110 0.849322 0.406104 0.0128191 1.55951 26665.8
1.29959e-07 1.51096e-06 238080 258048 48 0.831047 0.369282 0.0130135 1.35984 26560.5
1.13148e-07 1.44949e-06 193536 193536 115 0.896534 0.232941 0.00310387 1.30844 27021
1.05339e-07 1.40481e-06 193536 193536 49 0.876819 0.237291 0.00244275 1.24902 29613.5
9.36502e-08 1.35714e-06 193536 193536 92 0.875178 0.225751 0.00242829 1.26444 31146.5
9.61477e-08 1.40361e-06 247296 258048 80 0.839851 0.393074 0.00973879 1.39648 28169.6
9.81143e-08 1.41759e-06 274944 322560 147 0.787814 0.405141 0.0141095 1.50065 25701.1
1.1042e-07 1.47744e-06 218112 258048 64 0.829877 0.374459 0.00646966 1.37911 23501.7
1.06698e-07 1.43144e-06 193536 193536 59 0.910305 0.241431 0.00243933 1.29754 21291.7
1.1159e-07 1.38928e-06 193536 193536 39 0.871144 0.236237 0.00293446 1.24348 19664.9
1.1047e-07 1.36639e-06 193536 193536 62 0.888764 0.246722 0.00242666 1.28048 17809.5
1.16841e-07 1.34031e-06 193536 193536 46 0.857397 0.239205 0.00277821 1.24032 16376.7
1.19431e-07 1.35578e-06 193536 193536 59 1.47438 0.274376 0.00326908 1.89689 14870.9
1.71029e-07 1.32834e-06 721920 774144 287 1.497e-06 0.87969 0.0673885 1.98495 13890.2
1.76253e-07 1.31499e-06 721920 774144 388 2.059e-06 0.910769 0.0649387 2.0518 21899.4
1.94928e-07 1.29668e-06 721920 774144 279 1.409e-06 0.883228 0.0687246 1.97193 20433.8
7.35157e-08 1.28893e-06 721920 774144 370 2.393e-06 0.908114 0.0556899 2.04072 -13431.9
3.13243e-08 1.27522e-06 721920 774144 307 1.637e-06 0.881015 0.0758828 1.97376 -43084
-1.00858e-08 1.27022e-06 721920 774144 362 1.642e-06 0.90256 0.0584002 2.02919 -29777.4
-4.53458e-08 1.26371e-06 721920 774144 307 2.012e-06 0.893509 0.0638315 1.99055 -32476.1
-1.11456e-07 1.2607e-06 721920 774144 362 1.455e-06 0.901433 0.0718249 2.03642 -14886.4
-6.68723e-08 1.25505e-06 721920 774144 307 2.237e-06 0.889718 0.0487202 1.99451 49498.9
-3.51809e-08 1.25358e-06 721920 774144 362 9.597e-06 0.900733 0.0668273 2.0589 51722
1.11826e-09 1.24764e-06 721920 774144 307 3.273e-06 0.883543 0.0538975 1.98615 36607.4
2.71419e-08 1.23109e-06 129024 129024 15 1.619e-06 0.150298 0.00165704 0.830838 36411.4
4.53131e-08 1.2277e-06 129024 129024 16 7.652e-06 0.156658 0.00166633 0.858539 36641.3
6.13066e-08 1.20852e-06 129024 129024 16 1.649e-06 0.146029 0.00194458 0.797729 36514.2
7.32154e-08 1.20341e-06 129024 129024 16 2.158e-06 0.152632 0.00166058 0.804965 36766.7
8.1601e-08 1.21256e-06 129024 129024 16 1.7087e-05 0.161167 0.00216133 0.807297 39325
8.72435e-08 1.21997e-06 129024 129024 16 2.056e-06 0.161229 0.00157404 0.825139 41792.9
9.0871e-08 1.26358e-06 129024 129024 16 1.471e-06 0.185543 0.00166916 0.844955 42632.3
9.29113e-08 1.25705e-06 129024 129024 16 1.306e-06 0.158816 0.00190996 0.808218 45041
9.38635e-08 1.24997e-06 129024 129024 16 4.999e-06 0.157626 0.00174541 0.842696 46905
9.37194e-08 1.23942e-06 129024 129024 16 1.739e-06 0.15447 0.00183475 0.803973 49985.6
9.34335e-08 1.23326e-06 129024 129024 16 1.0692e-05 0.155941 0.00185 0.801313 49427.2
9.34193e-08 1.22836e-06 129024 129024 16 2.958e-06 0.155959 0.00194675 0.784793 49078.2
9.38041e-08 1.23165e-06 129024 129024 16 1.539e-06 0.16061 0.00208125 0.805853 48698.9
3.5692e-08 1.24377e-06 129024 129024 16 1.749e-06 0.16673 0.00166591 0.794835 -28877.7
-2.09534e-08 1.25442e-06 129024 129024 16 6.681e-06 0.167347 0.00300016 0.819263 -24195.6
-5.95903e-08 1.2313e-06 129024 129024 16 5.032e-06 0.146934 0.00180171 0.778005 -27517
-7.83945e-08 1.22506e-06 129024 129024 16 2.382e-06 0.154846 0.00166575 0.792851 -36683.5
-8.95999e-08 1.21701e-06 129024 129024 16 2.106e-06 0.152865 0.00166258 0.787948 -41243.3
-1.00374e-07 1.25332e-06 129024 129024 16 1.859e-06 0.180451 0.002382 0.854012 -38127.8
-1.04868e-07 1.24877e-06 129024 129024 16 8.019e-06 0.15877 0.002037 0.835884 -43869.6
-1.11588e-07 1.2655e-06 129024 129024 16 2.807e-06 0.171916 0.00166358 0.820515 -40589.9
-1.09172e-07 1.47469e-06 786432 838656 391 0.152934 1.81779 0.0565674 2.31461 -49318.9
-1.04801e-07 1.41709e-06 786432 838656 426 0.1572 0.93326 0.0599611 2.34611 -51232.1
-9.61717e-08 1.36874e-06 786432 838656 343 0.182417 0.924314 0.0573607 2.30532 -87844.6
-8.55587e-08 1.33339e-06 786432 838656 424 0.162512 0.937437 0.0610395 2.35037 -102619
-7.42326e-08 1.33886e-06 786432 838656 360 0.15703 1.07013 0.0507075 2.36873 -183846
-5.96486e-08 1.31276e-06 786432 838656 414 0.153489 0.950286 0.0472098 2.35694 -3.45285e+06
-5.01869e-08 1.31514e-06 193536 193536 73 0.364055 0.256372 0.00244 1.59528 -143514
-3.38423e-08 1.2871e-06 786432 838656 329 0.16321 0.92399 0.0699684 2.29325 172435
-2.43927e-08 1.28036e-06 193536 193536 91 0.266453 0.242583 0.00322925 1.69826 109436
-4.98352e-09 1.26892e-06 721920 774144 205 2.657e-06 0.883013 0.0689297 1.9275 110170
6.5304e-09 1.26961e-06 721920 774144 427 5.053e-06 0.918569 0.0600354 2.0821 79567.2
2.05885e-08 1.2629e-06 721920 774144 273 2.675e-06 0.892314 0.082737 1.96926 79766.4
4.19152e-08 1.25777e-06 721920 774144 388 1.87e-06 0.893202 0.0503794 2.03636 34636.6
7.82432e-08 1.25308e-06 721920 774144 279 7.482e-06 0.89108 0.0543578 1.95929 25029.5
2.49547e-07 1.25182e-06 721920 774144 388 1.62e-06 0.900075 0.0652597 2.04828 3233.8
4.50233e-07 1.24917e-06 721920 774144 279 2.045e-06 0.894153 0.0601769 1.98434 2633.67
5.85357e-07 1.24671e-06 721920 774144 388 2.408e-06 0.89291 0.064583 2.04417 2423.9
6.32316e-07 1.27644e-06 129024 129024 13 2.242e-06 0.180039 0.00166225 0.853517 2393.64
7.19602e-07 1.25942e-06 786432 838656 454 0.173244 0.936891 0.0783632 2.39454 2256.13
7.27064e-07 1.25212e-06 129024 129024 15 1.736e-06 0.157785 0.00165641 0.789039 2343.09
7.08079e-07 1.24088e-06 129024 129024 23 6.313e-06 0.154302 0.00167075 0.817219 2713.76
7.078e-07 1.22937e-06 129024 129024 15 2.702e-06 0.152677 0.001659 0.787652 2866.52
5.88694e-07 1.21876e-06 129024 129024 19 1.768e-06 0.151776 0.00167004 0.806006 33528.5
4.92478e-07 1.22239e-06 129024 129024 15 5.456e-06 0.159588 0.00165046 0.816446 42372
4.10664e-07 1.21632e-06 129024 129024 19 2.208e-06 0.153804 0.00195262 0.818035 44466
3.51661e-07 1.20797e-06 129024 129024 15 1.596e-06 0.15155 0.00203054 0.808675 40589.1
3.001e-07 1.19823e-06 129024 129024 19 1.539e-06 0.149573 0.00167387 0.793059 40701.1
2.6307e-07 1.19854e-06 129024 129024 15 1.823e-06 0.154802 0.00166521 0.828062 40712.8
2.29475e-07 1.19869e-06 129024 129024 19 1.786e-06 0.154737 0.00189129 0.821478 41054
2.0594e-07 1.19722e-06 129024 129024 15 1.463e-06 0.153711 0.00254696 0.837339 41519.1
1.83117e-07 1.20443e-06 129024 129024 19 9.438e-06 0.159122 0.00181891 0.811291 41565
1.68444e-07 1.20941e-06 129024 129024 15 6.199e-06 0.158612 0.00165529 0.794747 41924
1.50052e-07 1.20317e-06 129024 129024 19 2.775e-06 0.152018 0.001578 0.799862 51145.5
1.38383e-07 1.20342e-06 129024 129024 15 1.858e-06 0.155399 0.00185562 0.790618 51294.2
1.24732e-07 1.2045e-06 129024 129024 19 5.661e-06 0.155964 0.00194879 0.817629 56570.1
1.16709e-07 1.20823e-06 129024 129024 15 6.451e-06 0.15782 0.00188241 0.838556 56278.8
1.06309e-07 1.20976e-06 129024 129024 19 1.701e-06 0.156876 0.00165516 0.83529 60578.9
1.00053e-07 1.20463e-06 129024 129024 15 1.577e-06 0.15278 0.00197075 0.812189 62171.6
9.19551e-08 1.19976e-06 129024 129024 19 2.133e-06 0.152284 0.00179062 0.790345 66710.8
8.77447e-08 1.19166e-06 129024 129024 15 2.355e-06 0.149571 0.00157687 0.729339 67388
8.14018e-08 1.21084e-06 129024 129024 19 1.439e-06 0.166123 0.00226033 0.762964 70558
7.83912e-08 1.22039e-06 129024 129024 15 7.315e-06 0.162393 0.00376854 0.744951 71252.7
7.31005e-08 1.21207e-06 129024 129024 19 6.664e-06 0.152092 0.00166358 0.745541 76981.4
7.06589e-08 1.20568e-06 129024 129024 15 1.533e-06 0.15226 0.00157241 0.772711 76639.9
6.5966e-08 1.19254e-06 129024 129024 19 5.781e-06 0.147086 0.00206621 0.725204 83756.8
6.43943e-08 1.17808e-06 129024 129024 15 1.946e-06 0.144535 0.00166275 0.729542 83559.7
6.02252e-08 1.17242e-06 129024 129024 19 1.531e-06 0.148352 0.00165516 0.731439 91609.2
5.91741e-08 1.18282e-06 129024 129024 15 1.517e-06 0.157977 0.00166337 0.747066 91343.7
5.52308e-08 1.18281e-06 129024 129024 19 1.44e-06 0.152606 0.00188891 0.744581 100340
5.40713e-08 1.18928e-06 129024 129024 15 1.816e-06 0.156787 0.00190741 0.73194 100629
5.04858e-08 1.19012e-06 129024 129024 19 2.018e-06 0.153987 0.00167504 0.735209 107814
5.00579e-08 1.17776e-06 129024 129024 15 2.168e-06 0.14558 0.0016695 0.731593 102465
4.74297e-08 1.18031e-06 129024 129024 19 2.092e-06 0.153606 0.00167162 0.712625 107912
4.77351e-08 1.17954e-06 129024 129024 15 1.813e-06 0.151791 0.00181462 0.74799 101667
4.56194e-08 1.19227e-06 129024 129024 19 2.021e-06 0.1604 0.00191779 0.731196 106936
4.58693e-08 1.22633e-06 129024 129024 15 1.725e-06 0.175806 0.00166462 0.751868 102573
4.41274e-08 1.23111e-06 129024 129024 19 1.456e-06 0.16131 0.00166462 0.736773 107428
4.34745e-08 1.2156e-06 786432 838656 405 0.195889 0.907197 0.0581385 2.34545 107571
4.39142e-08 1.1994e-06 129024 129024 15 4.718e-06 0.146387 0.00237487 0.752527 103135
4.12411e-08 1.19248e-06 129024 129024 23 2.996e-06 0.150291 0.00204362 0.742313 112249
4.21113e-08 1.18966e-06 129024 129024 15 1.519e-06 0.152036 0.00158025 0.730567 108019
4.03423e-08 1.20151e-06 129024 129024 19 2.339e-06 0.161139 0.00157346 0.748577 112055
4.11916e-08 1.20749e-06 129024 129024 15 2.19e-06 0.158882 0.00166908 0.739829 109960
3.98246e-08 1.19982e-06 129024 129024 19 1.552e-06 0.150849 0.00157941 0.726168 115372
1.72134e-07 1.2179e-06 129024 129024 15 1.516e-06 0.166466 0.0020355 0.768592 2624.23
1.52589e-07 1.22168e-06 129024 129024 19 2.029e-06 0.159577 0.00156921 0.745283 52756.2
2.70925e-07 1.21135e-06 129024 129024 15 8.339e-06 0.150961 0.00166071 0.734611 2631.66
3.54404e-07 1.19544e-06 129024 129024 19 1.787e-06 0.146034 0.00156891 0.725187 2610.39
4.31879e-07 1.19252e-06 129024 129024 15 9.389e-06 0.152357 0.00156937 0.752931 2584.74
4.86595e-07 1.20113e-06 129024 129024 19 3.146e-06 0.159416 0.00361762 0.732538 2570.11
5.27123e-07 1.20579e-06 129024 129024 15 8.429e-06 0.157984 0.00166154 0.749702 2581.99
5.59427e-07 1.21422e-06 129024 129024 19 2.347e-06 0.161015 0.00222121 0.743465 2553.31
5.96644e-07 1.22267e-06 129024 129024 15 1.786e-06 0.162113 0.00201375 0.739492 2590.84
6.17768e-07 1.2293e-06 129024 129024 19 8.518e-06 0.16203 0.00193016 0.737078 2582.56
6.44039e-07 1.22576e-06 129024 129024 15 2.335e-06 0.156326 0.00167346 0.734171 2546.3
6.55056e-07 1.22367e-06 129024 129024 19 1.91e-06 0.156804 0.00165812 0.797039 2506.68
6.78918e-07 1.20818e-06 129024 129024 15 2.061e-06 0.147891 0.001676 0.728747 2470.2
6.87522e-07 1.21941e-06 129024 129024 19 2.284e-06 0.163131 0.00202171 0.779538 2523.42
6.95611e-07 1.22335e-06 129024 129024 15 5.478e-06 0.159875 0.00210012 0.749044 2567.79
6.94194e-07 1.22307e-06 129024 129024 19 1.453e-06 0.157656 0.001576 0.737111 2573.95
7.02156e-07 1.23076e-06 129024 129024 15 2.616e-06 0.162771 0.00167604 0.767581 2559.94
7.01642e-07 1.22768e-06 129024 129024 19 1.408e-06 0.156806 0.00193621 0.736152 2558.44
7.13291e-07 1.22597e-06 129024 129024 15 1.849e-06 0.157299 0.00167262 0.751754 2554.42
7.07848e-07 1.23415e-06 129024 129024 19 2.065e-06 0.163456 0.00167479 0.742232 2527.52
7.20854e-07 1.22896e-06 129024 129024 15 1.849e-06 0.15589 0.00189262 0.759356 2460.91
7.19821e-07 1.25159e-06 129024 129024 19 2.097e-06 0.173162 0.00239362 0.769565 2474.87
7.21163e-07 1.24841e-06 129024 129024 15 2.252e-06 0.159433 0.00226458 0.746964 2497.53
7.16936e-07 1.24043e-06 129024 129024 19 1.698e-06 0.155927 0.00175433 0.721591 2394.16
7.26454e-07 1.24624e-06 129024 129024 15 3.809e-06 0.163791 0.00196275 0.759727 2417.73
7.22162e-07 1.23508e-06 129024 129024 19 2.252e-06 0.153598 0.00178104 0.732947 2318.29
7.34611e-07 1.22252e-06 129024 129024 15 3.172e-06 0.151253 0.00195258 0.76586 2291.05
7.34602e-07 1.21814e-06 129024 129024 19 1.31e-06 0.154906 0.00192562 0.731802 2262.29
7.44435e-07 1.23472e-06 129024 129024 15 1.766e-06 0.167869 0.00179246 0.75487 2295.23
7.42562e-07 1.23083e-06 129024 129024 19 1.583e-06 0.156799 0.00164708 0.740601 2291.47
7.42027e-07 1.22908e-06 129024 129024 15 2.189e-06 0.157673 0.0020745 0.741218 2353.1
7.35066e-07 1.22503e-06 129024 129024 19 2.66e-06 0.155973 0.00166479 0.742005 2327.87
7.40749e-07 1.21541e-06 129024 129024 15 5.963e-06 0.15185 0.00295491 0.747816 2342.65
7.36114e-07 1.22736e-06 129024 129024 19 7.78e-06 0.164525 0.00157237 0.744464 2301.89
7.4799e-07 1.22163e-06 129024 129024 15 2.173e-06 0.154664 0.00157066 0.748103 2261.9
7.43909e-07 1.22066e-06 129024 129024 19 5.745e-06 0.156996 0.0016615 0.7517 2310.3
7.4646e-07 1.21064e-06 129024 129024 15 4.122e-06 0.151026 0.00157646 0.744946 2373.6
7.40545e-07 1.21644e-06 129024 129024 19 2.161e-06 0.159944 0.00157404 0.740825 2385.33
7.40226e-07 1.20973e-06 129024 129024 15 1.779e-06 0.15262 0.00182621 0.751665 2460.04
7.33622e-07 1.20922e-06 129024 129024 19 1.989e-06 0.155759 0.00175371 0.74532 2567.61
7.32095e-07 1.20655e-06 129024 129024 15 1.896e-06 0.154292 0.00183854 0.7409 2635.73
7.24565e-07 1.19509e-06 129024 129024 19 5.799e-06 0.148283 0.00181196 0.745883 2619.23
7.24015e-07 1.19627e-06 129024 129024 15 1.812e-06 0.154956 0.00164846 0.737292 2677.81
7.15528e-07 1.2011e-06 129024 129024 19 1.787e-06 0.157462 0.00183416 0.757595 2653.01
7.10997e-07 1.18786e-06 129024 129024 15 1.406e-06 0.14643 0.00248283 0.737091 2600.29
