3.04532e-06 3.05807e-06 614400 3960 2.456e-06 1.87888 0.108683 19.2849 1376.57
1.64215e-06 3.25997e-06 129024 23 1.12463 0.446664 0.00885663 1.87617 43171.1
1.15974e-06 3.31743e-06 129024 25 1.22281 0.442856 0.00827551 1.96934 48032.1
9.20442e-07 3.26658e-06 129024 23 1.11807 0.401783 0.00900997 1.81547 49835.4
7.74353e-07 3.25638e-06 129024 25 1.1424 0.414888 0.00877034 1.8707 50694.7
6.77667e-07 3.19161e-06 129024 23 1.19909 0.370011 0.00738643 1.87539 53611.1
6.06562e-07 3.14821e-06 129024 25 1.1406 0.372598 0.00890455 1.82627 53704
5.54024e-07 3.15062e-06 129024 23 1.12896 0.408681 0.00829597 1.83107 53939.8
5.12182e-07 3.14785e-06 129024 25 1.13006 0.403289 0.00840188 1.84532 54439.7
4.77645e-07 4.25633e-06 129024 23 1.13499 1.83635 0.0063543 2.99421 55707.9
4.49821e-07 4.15426e-06 129024 25 1.15156 0.404313 0.00863072 1.86179 55809.8
3.96139e-07 3.99504e-06 129024 23 1.15023 0.433285 0.00906697 1.88271 55638
3.50939e-07 3.81221e-06 129024 25 1.14506 0.397507 0.00898822 1.85113 55291.3
3.17459e-07 3.67163e-06 129024 23 1.15623 0.401172 0.00876176 1.86344 55401.9
2.88565e-07 3.54997e-06 129024 25 1.11623 0.395244 0.00947418 1.82048 55050.3
2.68814e-07 3.50863e-06 129024 23 1.13828 0.43136 0.00736526 1.8769 55630.8
2.4958e-07 3.42404e-06 129024 25 1.13768 0.398126 0.00836293 1.84222 55772.5
2.36161e-07 3.35034e-06 129024 23 1.10673 0.394243 0.00961526 1.79643 55502.4
2.24232e-07 3.29754e-06 129024 25 1.13599 0.398208 0.0147774 1.84022 54030.6
2.18053e-07 3.24724e-06 129024 23 1.11824 0.393012 0.00839172 1.82136 54330.6
2.09463e-07 3.18176e-06 129024 25 1.11618 0.376731 0.00962405 1.79203 54089.1
2.09746e-07 3.14321e-06 129024 23 1.12327 0.385655 0.00890026 1.81143 48973
2.11533e-07 3.1111e-06 129024 25 1.11925 0.384836 0.00838705 1.82065 44498
2.17586e-07 3.12e-06 129024 23 1.11133 0.407147 0.0104902 1.81533 40348.3
2.2575e-07 3.14041e-06 129024 25 1.10532 0.415721 0.0089443 1.83102 36618.1
2.33853e-07 3.11939e-06 129024 26 1.13899 0.391629 0.0102386 1.83358 32914.9
2.55385e-07 3.13319e-06 129024 23 1.12183 0.411377 0.00899847 1.84487 30042.1
2.64182e-07 3.11871e-06 129024 29 1.44138 0.394917 0.00892643 2.15119 27272.6
2.90511e-07 3.08143e-06 129024 23 1.18668 0.37834 0.00848118 1.87325 25006.7
3.09674e-07 3.0849e-06 129024 26 1.14974 0.399814 0.00919684 1.8561 22806
3.36183e-07 3.08933e-06 129024 23 1.15953 0.400888 0.00834255 1.8614 20854.4
3.5385e-07 3.10003e-06 129024 29 1.17039 0.405495 0.00889422 1.89052 19095.2
3.88801e-07 3.12882e-06 129024 23 1.17684 0.418552 0.00848897 1.90034 17570.1
4.16769e-07 3.10538e-06 129024 26 1.13583 0.388573 0.00830843 1.83563 16146.1
4.53712e-07 3.08061e-06 129024 23 1.20505 0.384688 0.00891697 1.88419 14853
4.75292e-07 3.05526e-06 129024 29 1.15736 0.381116 0.00831272 1.85419 13618.7
5.18843e-07 3.07406e-06 129024 23 1.1484 0.406331 0.00852097 1.85593 12638.6
5.5167e-07 3.06199e-06 129024 26 1.15455 0.388841 0.0100304 1.84959 11748.5
5.97108e-07 3.07821e-06 129024 23 1.14998 0.405538 0.00884913 1.8593 10965
6.26849e-07 3.10652e-06 129024 29 1.13588 0.415423 0.00876518 1.87118 10216.5
6.77697e-07 3.02315e-06 129024 23 1.11063 0.347034 0.00847263 1.76756 9565.83
7.11489e-07 3.02637e-06 129024 26 1.12878 0.392136 0.00922393 1.82691 8937.07
7.65883e-07 3.03264e-06 129024 23 1.10963 0.394517 0.0106686 1.81654 8420.84
7.90462e-07 3.07768e-06 129024 29 1.1151 0.420342 0.00892938 1.85492 7912.08
8.4518e-07 3.0722e-06 129024 23 1.11874 0.393559 0.00882526 1.82078 7487.95
8.80137e-07 3.08024e-06 129024 26 1.12934 0.401571 0.00839788 1.84214 7070.39
9.29246e-07 3.09629e-06 129024 23 1.13364 0.40778 0.00891676 1.84996 6729.69
9.48861e-07 3.07323e-06 129024 29 1.12249 0.384623 0.00894759 1.81688 6374.29
1.00145e-06 3.10949e-06 129024 23 1.12965 0.419912 0.00890726 1.85572 6115.05
1.03187e-06 3.19351e-06 129024 26 1.11434 0.455402 0.00863743 1.87527 5833.26
1.09392e-06 3.19405e-06 129024 23 1.14425 0.412387 0.00883105 1.85737 5136.11
1.12805e-06 3.18047e-06 129024 29 1.13062 0.403351 0.00828626 1.84622 4796.32
1.1885e-06 3.18265e-06 129024 23 1.11918 0.411758 0.00883618 1.8348 4631.71
1.23064e-06 3.16425e-06 129024 26 1.1477 0.398772 0.00897043 1.85232 4423.83
1.29511e-06 3.17458e-06 129024 23 1.14868 0.414927 0.0147619 1.8738 4192.52
1.32497e-06 3.16788e-06 129024 29 1.56877 0.405276 0.00888601 2.28943 4028.95
1.37587e-06 3.18574e-06 129024 23 1.10673 0.420254 0.00850551 1.82144 3933.03
1.42575e-06 3.16506e-06 129024 23 1.1134 0.397699 0.00931618 1.81404 3861.47
1.46604e-06 3.13433e-06 129024 23 1.11534 0.388543 0.0101882 1.80458 3737.9
1.49747e-06 3.16387e-06 129024 23 1.10556 0.42346 0.00840326 1.82026 3628.83
1.55076e-06 3.13033e-06 129024 23 1.10096 0.38658 0.00833989 1.79984 3420.2
1.59366e-06 3.12608e-06 129024 23 1.17268 0.401144 0.0107688 1.87627 3298.48
1.64512e-06 3.14621e-06 129024 23 1.14275 0.416323 0.00796984 1.86436 3122.88
1.67296e-06 3.10992e-06 129024 23 1.10494 0.382525 0.00946284 1.77838 3070.07
1.70986e-06 3.13115e-06 129024 23 1.13256 0.414954 0.00851622 1.8577 3084.89
1.72339e-06 3.11227e-06 129024 23 1.11431 0.391811 0.00900747 1.79757 3153.5
1.74233e-06 3.10252e-06 129024 23 1.11642 0.39527 0.00947259 1.80939 3077.7
1.77479e-06 3.11707e-06 129024 23 1.12963 0.409682 0.00930059 1.8477 3012.87
1.78536e-06 3.12508e-06 129024 23 1.11236 0.407346 0.00897322 1.82107 3009.63
1.79586e-06 3.09852e-06 129024 23 1.2576 0.386079 0.00928555 1.95004 2992.16
1.81218e-06 3.09113e-06 129024 23 1.11787 0.395016 0.00834076 1.81836 3017.25
1.80295e-06 3.01795e-06 129024 25 1.17057 0.351621 0.00848422 1.82276 3016.7
1.84606e-06 3.15508e-06 152832 75 1.06392 0.566026 0.0186881 2.32596 2954.95
1.83027e-06 3.15673e-06 182016 82 1.09014 0.575774 0.0198104 2.36278 2850.56
1.83074e-06 3.12041e-06 129024 22 1.10015 0.383867 0.00869709 1.76815 2856.14
1.79997e-06 3.10668e-06 129024 29 1.28628 0.393747 0.00947584 1.97203 2771.6
1.83379e-06 3.13191e-06 129024 18 1.10095 0.417112 0.00885951 1.79993 2843.53
1.79987e-06 3.11984e-06 129024 29 1.19956 0.396308 0.00845176 1.90133 2813.1
1.80946e-06 3.10235e-06 129024 22 1.11865 0.391247 0.00746138 1.79569 2845.27
1.79964e-06 3.1192e-06 129024 25 1.14215 0.411153 0.00833801 1.84667 2862.26
1.80429e-06 3.10365e-06 129024 22 1.11151 0.392421 0.00743422 1.79083 2802.54
1.78909e-06 3.14296e-06 129024 26 1.10772 0.425806 0.00788014 1.82169 2695.53
1.80919e-06 3.11399e-06 129024 22 1.14764 0.386823 0.00827643 1.82823 2834
1.79252e-06 3.10278e-06 129024 25 1.11269 0.394549 0.00798555 1.79799 2825.02
1.8006e-06 3.04853e-06 129024 22 1.13308 0.365334 0.00879397 1.78838 2895.03
1.79228e-06 3.0482e-06 129024 26 1.11943 0.393123 0.00926447 1.80757 2793.54
1.80167e-06 3.05028e-06 129024 22 1.10405 0.394629 0.00837068 1.78914 2896.1
1.78848e-06 3.06365e-06 129024 25 1.13157 0.402188 0.00889101 1.82894 2813.75
1.79341e-06 3.07308e-06 129024 22 1.08106 0.401366 0.00883243 1.77238 2928.05
1.79452e-06 3.06667e-06 129024 26 1.17101 0.392369 0.00895105 1.86939 2751.58
1.80437e-06 3.02442e-06 129024 22 1.10871 0.368416 0.00830964 1.77133 2865.8
1.8046e-06 3.03732e-06 129024 25 1.12217 0.398547 0.00886122 1.81533 2812.48
1.80578e-06 3.00909e-06 129024 22 1.12666 0.373672 0.00886243 1.79268 2928.83
1.80898e-06 3.01497e-06 129024 26 1.12574 0.392039 0.00844593 1.81996 2640.85
1.82136e-06 3.05764e-06 129024 22 1.09808 0.416529 0.00889518 1.80098 2771.15
1.82537e-06 3.06793e-06 129024 25 1.31757 0.401147 0.00885264 2.01444 2647.79
1.8395e-06 3.41229e-06 129024 22 2.28669 0.61799 0.00898593 3.19469 2711.82
1.83525e-06 3.27475e-06 129024 29 1.09202 0.351538 0.00888843 1.75162 2624.75
1.84586e-06 3.23092e-06 129024 22 1.10556 0.394249 0.00831588 1.78982 2748.39
1.83745e-06 3.21273e-06 129024 26 1.10555 0.405129 0.00850318 1.80544 2634.25
1.84791e-06 3.18835e-06 129024 23 1.11096 0.398794 0.00859447 1.80066 2684.64
1.85189e-06 3.16761e-06 129024 25 1.10688 0.397992 0.0077148 1.80119 2522.12
1.67126e-06 3.1351e-06 129024 23 1.83795 0.387724 0.00889526 2.50964 7604.96
1.53413e-06 3.125e-06 129024 25 1.11346 0.397986 0.00760559 1.81988 7649.58
1.41413e-06 3.08781e-06 129024 25 1.10216 0.379211 0.00848493 1.77701 7714.25
1.30975e-06 3.07226e-06 129024 26 1.12172 0.388369 0.00895643 1.80729 7772.42
1.23797e-06 3.09197e-06 129024 23 1.13408 0.40911 0.00892472 1.83613 7814.38
1.38467e-06 3.05657e-06 129024 29 1.10052 0.376103 0.00831418 1.78009 2187.07
1.50762e-06 3.07098e-06 129024 23 1.12078 0.403662 0.00807634 1.81747 2273.53
1.59e-06 3.11255e-06 129024 26 1.11132 0.423051 0.00879955 1.82636 2248.94
1.67599e-06 3.08906e-06 129024 23 1.10473 0.38644 0.00898713 1.78497 2334.97
1.70667e-06 3.06796e-06 129024 29 1.1796 0.384948 0.00746734 1.85488 2347.27
1.77133e-06 3.05557e-06 129024 23 1.12556 0.387849 0.00890597 1.80905 2437.92
1.81654e-06 3.02831e-06 129024 23 1.10957 0.376655 0.00842559 1.78399 2507.86
1.85001e-06 3.00586e-06 129024 23 1.09278 0.37624 0.00830747 1.76193 2536.04
1.8749e-06 2.98237e-06 129024 18 1.18996 0.372673 0.00874355 1.83594 2668.17
1.88272e-06 3.06674e-06 129024 23 1.11753 0.439225 0.00839051 1.84922 2682.23
1.90666e-06 3.05434e-06 129024 18 1.12613 0.387686 0.0083013 1.7932 2677.5
1.90025e-06 3.04155e-06 129024 23 1.10468 0.385835 0.0091148 1.78177 2682.86
1.94091e-06 3.01729e-06 129024 18 1.08009 0.376778 0.00804076 1.74328 2643.8
1.93184e-06 3.02633e-06 129024 23 1.1327 0.395134 0.00754709 1.8157 2652.4
1.95063e-06 3.04208e-06 129024 18 1.10895 0.400633 0.00849976 1.78383 2636.79
1.94674e-06 2.99504e-06 129024 23 1.13112 0.362156 0.00830559 1.78726 2625.69
1.96468e-06 3.03115e-06 129024 18 1.11317 0.409724 0.0146773 1.79724 2580.85
1.94713e-06 3.01865e-06 129024 23 1.15545 0.383028 0.00836926 1.82948 2575.88
1.91858e-06 3.00961e-06 129024 29 1.11874 0.383648 0.00928668 1.80612 2431.03
1.94671e-06 3.00658e-06 129024 18 1.10506 0.386354 0.00997609 1.7732 2451.21
1.94143e-06 3.04861e-06 129024 25 1.14889 0.415037 0.00832272 1.85357 2427.42
1.92219e-06 3.0282e-06 129024 26 1.14532 0.380175 0.0092843 1.82333 2379.03
1.93672e-06 3.11104e-06 129024 20 1.11943 0.444154 0.00881284 1.84117 2416.18
1.9157e-06 3.10175e-06 129024 30 1.09763 0.395405 0.00890038 1.80075 2308.89
1.93138e-06 3.10817e-06 129024 23 1.10252 0.404341 0.00760014 1.7984 2298.97
1.92962e-06 3.11167e-06 129024 30 1.12685 0.403287 0.00783164 1.85222 2384.84
1.9321e-06 3.38775e-06 129024 23 1.1918 0.579588 0.010324 2.05531 2373.36
1.91234e-06 3.33779e-06 129024 30 1.23402 0.404871 0.00738038 1.94127 2417.29
1.93477e-06 3.28821e-06 129024 22 1.24531 0.398668 0.00871968 1.93717 2413
1.93717e-06 3.23545e-06 129024 23 1.10383 0.390221 0.00855963 1.78031 2434.68
1.91921e-06 3.16868e-06 129024 29 1.73903 0.374376 0.00889322 2.41919 2475.51
1.93015e-06 3.16109e-06 129024 18 1.1775 0.403941 0.00715501 1.84259 2526.98
1.93167e-06 3.31681e-06 129024 25 1.2611 0.508313 0.00894451 2.07774 2512.61
1.94473e-06 3.26253e-06 129024 20 1.11876 0.392932 0.00834626 1.79639 2495.44
1.93351e-06 3.23283e-06 129024 25 1.16379 0.401786 0.00786984 1.85407 2454.36
1.94646e-06 3.19806e-06 129024 20 1.09305 0.394682 0.00895672 1.76957 2505.98
1.93459e-06 3.16783e-06 129024 25 1.14699 0.393125 0.00846697 1.83271 2515.84
1.94217e-06 3.17494e-06 129024 20 1.28811 0.413308 0.00852305 1.98896 2566.26
1.92339e-06 3.16892e-06 129024 25 1.24815 0.405763 0.00881968 1.94728 2562.29
1.93819e-06 3.13367e-06 129024 20 1.17814 0.386128 0.00947143 1.85247 2606.42
1.93225e-06 3.08945e-06 129024 25 1.4702 0.375791 0.00737663 2.14692 2589.3
1.9286e-06 4.89936e-06 129024 20 1.123 1.56622 0.00648226 2.96162 2625.42
1.91747e-06 4.5571e-06 129024 25 1.30759 0.411336 0.00901818 2.01726 2618.49
1.92721e-06 4.26467e-06 129024 20 1.12511 0.399327 0.00834288 1.81251 2623.86
1.91281e-06 4.01884e-06 129024 25 1.13378 0.39165 0.00879455 1.82561 2634.71
1.91595e-06 3.83245e-06 129024 22 1.11588 0.398282 0.00836655 1.80225 2639.31
1.91055e-06 3.658e-06 129024 23 1.16113 0.38194 0.0100158 1.83028 2636.65
1.91204e-06 3.56894e-06 129024 22 1.09552 0.414514 0.00835093 1.80067 2652.13
1.88677e-06 3.42953e-06 129024 23 1.10462 0.370545 0.0111488 1.74768 2694.64
1.89303e-06 3.35333e-06 129024 22 1.09397 0.393334 0.00850372 1.78251 2695.89
1.88731e-06 3.29087e-06 129024 23 1.11874 0.392364 0.00832759 1.80529 2692.13
1.89316e-06 3.24266e-06 129024 22 1.09696 0.393498 0.0087603 1.7813 2710.9
1.85926e-06 3.17605e-06 129024 30 1.13343 0.375411 0.00962039 1.81666 2627.18
1.86449e-06 3.12245e-06 129024 23 1.27005 0.375207 0.00970947 1.92824 2628.95
1.86583e-06 3.08015e-06 129024 23 1.13185 0.375585 0.00883343 1.80407 2643.04
1.87113e-06 3.07322e-06 129024 23 1.13573 0.392942 0.00878751 1.81931 2649.27
1.87588e-06 3.0738e-06 129024 23 1.11808 0.396894 0.00890668 1.80087 2650.83
1.89068e-06 3.10924e-06 129024 22 1.11767 0.419456 0.00878784 1.82902 2653.27
1.89571e-06 3.04756e-06 129024 23 1.13406 0.361377 0.00934747 1.78878 2622.03
1.91319e-06 3.08945e-06 129024 18 1.1295 0.420233 0.00965447 1.82244 2629.83
1.90022e-06 3.10451e-06 129024 25 1.12377 0.408326 0.00942247 1.82861 2636.91
1.91616e-06 3.09802e-06 129024 18 1.09602 0.396374 0.0089473 1.76548 2695.24
1.88473e-06 3.03825e-06 129024 25 1.10211 0.361159 0.0084088 1.75584 2788.24
1.90955e-06 3.05485e-06 129024 18 1.10224 0.402715 0.00837884 1.78536 2735.01
1.89265e-06 3.03913e-06 129024 25 1.11058 0.384006 0.0104534 1.79587 2797.25
1.86204e-06 3.00842e-06 129024 26 1.12261 0.372311 0.00894505 1.78797 2822.04
1.85506e-06 3.02053e-06 129024 23 1.19226 0.395973 0.00881672 1.88167 2911.17
1.83031e-06 3.01632e-06 129024 29 1.1505 0.387006 0.00786347 1.847 2763.62
1.85575e-06 3.04857e-06 129024 18 1.10795 0.409983 0.00882488 1.80082 2876.11
1.83792e-06 3.04911e-06 129024 26 1.14572 0.393685 0.00839339 1.83471 2823.6
1.86483e-06 3.00806e-06 129024 18 1.17743 0.366929 0.00891743 1.82611 2801.18
1.84011e-06 2.98123e-06 129024 25 1.11992 0.3708 0.00852438 1.77843 2805.36
1.87389e-06 3.00954e-06 129024 18 1.10392 0.402912 0.0102698 1.79207 2753.02
1.85547e-06 3.03568e-06 129024 25 1.11081 0.405168 0.00906901 1.80497 2773.52
