8.03835e-07 1.59739e-06 301056 1320 1.87888 0.480905 0.0156922 3.86709 1376.57
4.25642e-07 1.41322e-06 193536 57 0.88676 0.237863 0.00305912 1.26881 42869.8
3.08446e-07 1.50088e-06 220416 95 0.85334 0.369463 0.00628541 1.41268 37239.8
2.44769e-07 1.43518e-06 193536 53 0.878447 0.239612 0.00369912 1.2589 40740
2.04802e-07 1.40871e-06 193536 59 0.890251 0.252147 0.00313799 1.28521 44357
1.84108e-07 1.3756e-06 193536 53 0.964898 0.234186 0.00305583 1.33997 26274.9
1.67655e-07 1.3539e-06 193536 59 0.903769 0.236826 0.0024142 1.29504 28210.5
1.54776e-07 1.34008e-06 193536 53 0.888326 0.240631 0.00303233 1.26975 32885.4
1.42821e-07 1.32973e-06 193536 63 0.888727 0.241326 0.00243708 1.27486 40238.9
1.32533e-07 1.33376e-06 193536 53 0.869836 0.265149 0.00333133 1.27234 55783.8
1.25305e-07 1.31917e-06 193536 59 0.924475 0.227079 0.00290837 1.29973 37341.5
1.11783e-07 1.30682e-06 193536 53 0.906872 0.243352 0.00394991 1.29389 37381
9.94916e-08 1.31696e-06 193536 63 0.882327 0.262729 0.00362937 1.29395 38540.2
9.19707e-08 1.33082e-06 193536 53 0.887929 0.268292 0.00417862 1.29739 35878.7
8.41204e-08 1.31152e-06 193536 59 0.87734 0.23889 0.00245033 1.26645 37863.9
7.78051e-08 1.30596e-06 193536 53 0.889831 0.248442 0.00299308 1.27758 40370
7.18168e-08 1.29947e-06 193536 63 0.891204 0.246473 0.00272529 1.28473 39383
6.82968e-08 1.27652e-06 193536 53 0.877445 0.229284 0.00243983 1.248 39914.5
6.38846e-08 1.27236e-06 193536 63 0.892956 0.243026 0.00243808 1.28872 41113.6
6.11153e-08 1.25592e-06 193536 53 0.887894 0.230342 0.00318695 1.26233 42225.5
5.79383e-08 1.24152e-06 193536 63 0.887053 0.229125 0.00243691 1.27245 41924.2
5.76468e-08 1.23538e-06 193536 53 0.88892 0.23434 0.00243149 1.26901 38277.5
5.73527e-08 1.23044e-06 193536 63 0.884929 0.234314 0.00243345 1.2674 33403.2
6.05719e-08 1.22671e-06 193536 53 0.876804 0.234523 0.00244708 1.25348 29580.3
8.35206e-08 1.22358e-06 721920 338 1.869e-06 0.874285 0.0637274 2.00259 27694.4
8.62013e-08 1.23375e-06 193536 39 0.892342 0.246648 0.00324733 1.26889 27350.4
9.26674e-08 1.2315e-06 193536 34 0.885222 0.236602 0.00242974 1.2502 25153.7
9.73349e-08 1.55834e-06 193536 40 0.886766 0.554608 0.00342166 1.56842 22328.7
1.08177e-07 1.54997e-06 193536 34 0.893175 0.2935 0.00275508 1.31413 20024.4
1.1349e-07 1.50925e-06 193536 39 0.889163 0.260574 0.00283708 1.2776 18713.3
1.22526e-07 1.48776e-06 193536 34 0.888228 0.271297 0.00243978 1.28663 17750.8
1.29506e-07 1.48483e-06 193536 40 0.885293 0.285095 0.00407208 1.30352 16276.2
1.41215e-07 1.45235e-06 193536 34 0.920897 0.255943 0.0027887 1.31326 15148.6
1.48369e-07 1.42695e-06 193536 39 0.879317 0.256502 0.00383774 1.27281 14054.4
1.61757e-07 1.38106e-06 193536 34 0.973287 0.231759 0.00395016 1.34585 13047.4
1.69739e-07 1.37181e-06 193536 40 0.899027 0.258332 0.00378491 1.2986 12081.4
1.84129e-07 1.37259e-06 193536 34 0.882143 0.266249 0.00362574 1.2849 11266.4
1.9365e-07 1.3665e-06 193536 39 0.894792 0.259757 0.00337241 1.28695 10417.5
2.10913e-07 1.35348e-06 193536 34 0.898107 0.25187 0.00276454 1.28281 9694.84
2.218e-07 1.34708e-06 193536 40 0.880125 0.255753 0.00494374 1.26882 8879.77
2.3982e-07 1.32755e-06 193536 34 0.868821 0.241806 0.00242533 1.24165 8331.83
2.51023e-07 1.29992e-06 193536 39 0.898581 0.230198 0.00339258 1.26133 7752.37
2.69503e-07 1.27821e-06 193536 34 0.879052 0.230572 0.00242462 1.24161 7288.96
2.8193e-07 1.27108e-06 193536 40 0.874621 0.240473 0.00364087 1.25129 6781.89
2.98656e-07 1.25166e-06 193536 34 0.891515 0.227215 0.00365737 1.24741 6424.09
3.1011e-07 1.25493e-06 193536 39 0.883926 0.245405 0.00243929 1.25927 6050.52
3.32764e-07 1.25615e-06 193536 34 0.889589 0.24405 0.0037552 1.26636 5721.79
3.46584e-07 1.23843e-06 193536 40 0.896523 0.225962 0.00242899 1.25588 5386.13
3.67308e-07 1.24211e-06 193536 34 0.886402 0.243243 0.00310487 1.26589 5113.65
3.76066e-07 1.24373e-06 193536 39 0.872377 0.241957 0.00276287 1.24105 4824.78
3.96271e-07 1.25447e-06 193536 34 0.893142 0.251101 0.00271708 1.28247 4639.5
4.08255e-07 1.2574e-06 193536 40 0.88499 0.245618 0.00243991 1.2632 4421.52
4.31495e-07 1.24739e-06 193536 34 0.885504 0.23367 0.00356591 1.25289 4216.09
4.42842e-07 1.24164e-06 193536 39 0.911848 0.235848 0.00244641 1.28013 4037.6
4.67226e-07 1.24139e-06 193536 34 0.908609 0.240064 0.00272904 1.29003 3902.11
4.77251e-07 1.25005e-06 193536 40 1.32014 0.248629 0.00244554 1.7039 3761.23
5.66336e-07 1.24273e-06 721920 337 2.775e-06 0.876035 0.0483827 2.00012 3736.87
1.9188e-08 1.23718e-06 721920 337 1.457e-06 0.877114 0.0549833 1.99243 -4340.37
-3.27893e-07 1.23466e-06 721920 337 1.412e-06 0.884031 0.0477891 1.99881 -4971.22
-5.30223e-07 1.23012e-06 721920 337 1.677e-06 0.874961 0.0637658 1.98533 -5795.76
-6.40589e-07 1.22627e-06 721920 337 8.955e-06 0.874139 0.0595077 1.98745 -6731.69
-6.72946e-07 1.23284e-06 721920 337 1.543e-06 0.908983 0.0666802 2.01954 -8471.04
-6.89271e-07 1.23506e-06 721920 337 1.561e-06 0.898035 0.0576701 2.01111 -8873.29
-6.92411e-07 1.22814e-06 721920 337 5.21e-06 0.866641 0.0550177 1.98257 -9278.85
-6.88506e-07 1.2306e-06 721920 337 4.63e-06 0.895485 0.0664755 2.02021 -9643.97
-6.79398e-07 1.22744e-06 721920 337 1.79e-06 0.87698 0.0561879 1.97888 -9997.32
-6.68807e-07 1.22537e-06 721920 337 1.666e-06 0.878653 0.0462827 1.99868 -10275.7
-6.54622e-07 1.22411e-06 721920 337 1.677e-06 0.880069 0.0570452 1.99053 -10591.3
-6.40276e-07 1.22193e-06 721920 337 1.766e-06 0.875858 0.0705628 1.99666 -10832.5
-6.26157e-07 1.22254e-06 720384 337 1.574e-06 0.882428 0.0663864 2.00069 -11066.2
-6.2833e-07 1.22255e-06 721920 302 1.441e-06 0.88264 0.0563695 1.99063 -11248
-6.03843e-07 1.22115e-06 721920 361 2.551e-06 0.877534 0.0501605 2.00594 -11456.3
-6.04161e-07 1.2144e-06 698112 274 1.993e-06 0.828938 0.0534321 1.78126 -11615.5
-5.89151e-07 1.22553e-06 668928 305 1.3306e-05 0.849564 0.0546782 1.8346 -11791
-5.99198e-07 1.22207e-06 721920 282 1.397e-06 0.872235 0.0580382 1.97079 -11934.5
-5.67808e-07 1.2301e-06 719616 386 1.831e-06 0.908338 0.0591443 2.03536 -12107.4
-5.86513e-07 1.22637e-06 721920 266 3.3207e-05 0.874565 0.0452743 1.93897 -12106.9
-5.54597e-07 1.21723e-06 706560 356 2.044e-06 0.834212 0.0515496 1.83526 -12266.9
-5.67473e-07 1.2165e-06 721920 282 2.686e-06 0.876093 0.0663984 1.97404 -12218.2
-5.46468e-07 1.21622e-06 721920 361 6.841e-06 0.877224 0.0663133 2.00146 -12367
-5.58159e-07 1.21636e-06 721920 285 1.835e-06 0.878507 0.0508561 1.96738 -12335.8
-5.33512e-07 1.21564e-06 721920 379 5.178e-06 0.875516 0.0490829 2.00863 -12489.3
-5.46258e-07 1.2185e-06 721920 285 1.452e-06 0.88791 0.0693764 1.97279 -12426.7
-5.27812e-07 1.21674e-06 721920 361 1.892e-06 0.873325 0.0587659 1.99453 -12577.5
-3.93373e-07 1.22076e-06 721920 285 1.701e-06 0.892887 0.065728 1.97979 39374.6
-2.77631e-07 1.22181e-06 721920 379 1.459e-06 0.885078 0.0602967 2.0136 23362.9
-1.44132e-07 1.2166e-06 721920 285 1.919e-06 0.863243 0.0567916 1.96993 13592.8
-3.92908e-08 1.21954e-06 721920 361 1.674e-06 0.888906 0.054498 2.02539 11126.4
7.84786e-08 1.21274e-06 721920 285 1.703e-06 0.855865 0.0591643 1.95448 8654.77
1.67917e-07 1.22523e-06 721920 379 1.789e-06 0.9206 0.0563844 2.06541 7236.06
2.77553e-07 1.22e-06 721920 285 1.527e-06 0.865645 0.0518601 1.95375 6096.74
3.56392e-07 1.22088e-06 721920 361 1.423e-06 0.883894 0.0614213 2.00112 5381.4
4.60241e-07 1.22132e-06 721920 285 1.743e-06 0.882966 0.0713502 1.96489 4560.88
5.359e-07 1.22552e-06 721920 379 1.23e-06 0.89687 0.0596907 2.04287 3844.1
6.46268e-07 1.2209e-06 721920 285 2.762e-06 0.868029 0.066991 1.95736 3214.36
7.46656e-07 1.27829e-06 721920 361 4.738e-06 1.08854 0.051029 2.21316 2423.52
7.41165e-07 1.35775e-06 193536 31 1.9624 0.324288 0.00252699 2.56236 2423.25
9.74894e-07 1.32985e-06 721920 386 5.428e-06 0.879477 0.0475861 2.00758 698.842
1.18359e-06 1.30542e-06 721920 285 2.141e-06 0.87187 0.0458852 1.96533 695.231
1.33505e-06 1.28832e-06 721920 379 1.322e-06 0.880682 0.0558626 2.02839 679.468
1.46008e-06 1.27298e-06 721920 302 2.204e-06 0.874686 0.0608576 1.94982 686.924
1.55987e-06 1.26136e-06 721920 361 1.719e-06 0.877054 0.0547377 2.00998 681.978
1.81886e-06 1.45763e-06 721920 309 1.1813e-05 1.61907 0.0509434 2.67523 684.482
1.70604e-06 1.40843e-06 193536 37 0.878964 0.234494 0.00243783 1.24385 664.765
1.60718e-06 1.35823e-06 193536 37 0.878149 0.224003 0.00243766 1.23223 644.289
1.52664e-06 1.33233e-06 193536 39 0.883908 0.237802 0.00306116 1.25069 625.91
1.47665e-06 1.3191e-06 193536 34 0.88902 0.245052 0.00243316 1.26749 618.969
1.43571e-06 1.29455e-06 193536 40 0.868972 0.231541 0.0024312 1.23536 607.402
1.40125e-06 1.28176e-06 193536 34 0.882616 0.238159 0.00244887 1.24986 599.801
1.36671e-06 1.26455e-06 193536 39 0.879898 0.231415 0.00396854 1.24648 587.866
1.34818e-06 1.24639e-06 193536 34 0.877557 0.227164 0.00243503 1.23273 580.831
1.33664e-06 1.23057e-06 193536 40 0.953686 0.225914 0.00363691 1.31223 570.708
1.47888e-06 1.22488e-06 721920 337 1.3019e-05 0.86784 0.0724524 1.9881 579.221
1.59392e-06 1.2252e-06 721920 319 2.124e-06 0.885429 0.0586127 1.99417 586.161
1.68288e-06 1.22132e-06 721920 337 1.717e-06 0.870482 0.0663617 1.9861 590.392
1.76262e-06 1.22279e-06 721920 266 1.285e-06 0.886983 0.0616436 1.95427 612.2
1.81511e-06 1.22498e-06 721920 337 7.443e-06 0.890684 0.0649392 2.00738 616.975
1.87159e-06 1.22236e-06 721920 266 1.638e-06 0.874882 0.0602952 1.95667 624.679
1.90044e-06 1.22057e-06 721920 337 2.101e-06 0.875976 0.0703358 1.99131 631.578
1.93038e-06 1.21333e-06 721920 266 1.854e-06 0.855017 0.0699691 1.93181 643.445
1.94809e-06 1.22019e-06 721920 337 1.527e-06 0.900689 0.0688881 2.03232 648.186
1.97423e-06 1.21781e-06 721920 266 1.575e-06 0.872283 0.071819 1.95663 646.608
1.9832e-06 1.22225e-06 721920 337 1.939e-06 0.895194 0.0494426 2.02267 652.611
1.99843e-06 1.22339e-06 721920 266 6.699e-06 0.886478 0.0454542 1.98206 660.517
1.85035e-06 1.21185e-06 193536 34 0.929838 0.225609 0.00308104 1.28912 654.498
1.8739e-06 1.21479e-06 721920 386 2.716e-06 0.885465 0.0613724 2.03209 644.621
1.91695e-06 1.21519e-06 721920 266 1.799e-06 0.87842 0.0627677 1.96584 628.96
1.78478e-06 1.21772e-06 193536 37 0.911252 0.237636 0.00345108 1.28138 612.623
1.68953e-06 1.22737e-06 721920 379 2.353e-06 0.913924 0.0525974 2.05462 1867.06
1.51212e-06 1.23415e-06 193536 30 0.875335 0.244094 0.00312408 1.24642 2279.15
1.33944e-06 1.23016e-06 193536 43 0.862628 0.234995 0.00244395 1.23385 2614.6
1.20343e-06 1.23222e-06 193536 33 0.862438 0.240078 0.00346412 1.2269 2959.27
1.06955e-06 1.22416e-06 193536 43 0.89616 0.230681 0.00244395 1.25959 3288.27
9.62045e-07 1.31206e-06 193536 33 0.869813 0.321976 0.00242578 1.42964 3573.9
8.72833e-07 1.34996e-06 257280 103 0.847693 0.386325 0.00814787 1.42587 3772.68
8.3973e-07 1.38948e-06 263424 112 0.837644 0.407665 0.0159865 1.55363 4023.82
8.2195e-07 1.36019e-06 353280 116 0.664702 0.439125 0.0196594 1.51659 4379.21
7.83485e-07 1.65633e-06 410112 335 0.573938 1.16508 0.0178968 2.00907 3100.78
8.03962e-07 1.58401e-06 532224 235 0.488406 0.689087 0.0322632 1.83114 3255.46
7.18875e-07 1.68247e-06 193536 89 0.859249 0.401843 0.00256641 1.43085 3202
6.5604e-07 1.60661e-06 193536 68 0.866544 0.252212 0.00244662 1.26999 3526.03
5.95783e-07 1.56128e-06 193536 95 0.896712 0.267073 0.00298479 1.32918 3449.75
5.51523e-07 1.48694e-06 193536 68 0.862826 0.230222 0.00243316 1.24574 3974.99
5.01588e-07 1.45334e-06 193536 89 0.891725 0.25526 0.0033877 1.31533 4402.34
4.52632e-07 1.41582e-06 193536 68 1.04313 0.244975 0.00373545 1.44081 6441.48
4.04723e-07 1.38985e-06 193536 89 0.999268 0.248881 0.00352333 1.41937 6514.7
3.86758e-07 1.4341e-06 193536 68 0.866339 0.311803 0.00243954 1.32814 4887.39
3.50222e-07 1.38551e-06 193536 95 1.23966 0.230532 0.00334249 1.64211 6583.48
3.15174e-07 1.37247e-06 193536 68 0.867467 0.255525 0.00407308 1.28095 9850.38
2.77461e-07 1.34122e-06 193536 89 1.07221 0.235379 0.00483099 1.48061 11384.1
3.33804e-07 1.32145e-06 721920 272 1.648e-06 0.896915 0.0718968 1.99283 9120.31
3.56493e-07 1.30376e-06 721920 361 2.014e-06 0.890132 0.0522814 2.04421 9146.87
3.89306e-07 1.28563e-06 721920 285 1.4298e-05 0.875741 0.0662556 1.95486 9228.16
4.83598e-07 1.2724e-06 721920 319 1.517e-06 0.880393 0.0509048 1.97604 4269.1
6.00621e-07 1.25745e-06 721920 285 1.274e-06 0.864607 0.0762492 1.96741 3354.46
6.94653e-07 1.25078e-06 721920 319 1.809e-06 0.883693 0.0610149 1.98478 3037.64
7.97825e-07 1.24193e-06 721920 285 2.262e-06 0.87103 0.0655517 1.95638 2660.37
8.78737e-07 1.23971e-06 721920 319 2.615e-06 0.888551 0.0622566 1.98749 2449.19
8.52917e-07 1.22934e-06 193536 31 0.867064 0.229892 0.00269383 1.22515 2460.2
8.09623e-07 1.21795e-06 193536 46 0.906524 0.226905 0.00304558 1.2684 2403.91
8.96651e-07 1.25228e-06 721920 319 2.748e-06 1.00318 0.0706709 2.096 2266.73
9.696e-07 1.24539e-06 721920 337 2.102e-06 0.879171 0.0620675 1.97175 2118.33
1.04077e-06 1.23957e-06 721920 305 1.605e-06 0.878078 0.0640531 1.9725 2111.77
1.09466e-06 1.23763e-06 721920 319 1.652e-06 0.887868 0.0505545 1.9949 2121.15
1.15136e-06 1.23423e-06 721920 285 1.0488e-05 0.881203 0.0628705 1.97354 2116.86
1.16886e-06 1.23809e-06 721920 337 1.101e-05 0.904954 0.0626696 2.02092 2265.6
1.22719e-06 1.23573e-06 721920 258 1.225e-06 0.885279 0.0531112 1.97298 2035.27
1.23095e-06 1.23174e-06 721920 361 2.011e-06 0.877695 0.0614448 2.00191 2061.08
1.29116e-06 1.22351e-06 721920 250 1.649e-06 0.859517 0.0450031 1.93782 1830.75
1.2927e-06 1.22095e-06 721920 353 2.601e-06 0.874036 0.0614422 1.98027 1923.12
1.34671e-06 1.22061e-06 721920 250 2.564e-06 0.880188 0.0590847 1.95879 1748.17
1.23359e-06 1.22222e-06 193536 36 0.872774 0.237795 0.00241753 1.23921 1961.51
1.13492e-06 1.22349e-06 193536 39 0.884837 0.237767 0.00328849 1.2527 2051.6
1.05781e-06 1.22156e-06 193536 34 0.957337 0.23492 0.0028432 1.31857 2444.58
1.0837e-06 1.22026e-06 721920 386 1.204e-06 0.877195 0.0608096 2.01481 2158.4
1.16171e-06 1.2191e-06 721920 258 2.111e-06 0.876747 0.0596992 1.97081 2017.96
1.16761e-06 1.22609e-06 721920 379 4.105e-06 0.90533 0.0600285 2.02854 2145.99
1.2429e-06 1.22248e-06 721920 239 1.0246e-05 0.872086 0.0611316 1.92046 1797.49
1.26349e-06 1.22419e-06 721920 353 8.606e-06 0.888714 0.062919 1.98687 1813.93
1.33753e-06 1.22073e-06 721920 250 2.107e-06 0.871269 0.0487423 1.9449 1525.15
1.37442e-06 1.21932e-06 721920 353 1.925e-06 0.876199 0.0564345 1.99407 1403.56
