9.03628e-07 1.24437e-06 129024 440 2.35979 0.160553 0.00354982 3.1938 1376.57
5.74823e-07 1.23634e-06 721920 296 7.372e-06 0.886746 0.0596436 1.9913 21842.1
4.70986e-07 1.23348e-06 695040 299 1.806e-06 0.853333 0.0630231 1.86715 18384.6
4.32117e-07 1.22931e-06 721920 296 2.082e-06 0.87844 0.0594021 2.01098 16625.5
4.07714e-07 1.23008e-06 721920 328 8.01e-06 0.890238 0.0584488 2.04133 15611.5
3.98041e-07 1.24783e-06 721920 296 2.062e-06 0.96489 0.0525184 2.05123 15444.7
3.89508e-07 1.24841e-06 721920 328 1.566e-06 0.903765 0.0701222 2.06014 14634.9
3.85935e-07 1.24617e-06 721920 296 2.609e-06 0.888318 0.0602636 2.02176 14438.9
3.80811e-07 1.24449e-06 721920 335 9.093e-06 0.888713 0.0642107 2.05876 13967.9
3.78436e-07 1.24053e-06 721920 296 2.13e-06 0.869829 0.063087 2.65016 13659.2
3.76069e-07 1.24417e-06 721920 328 6.462e-06 0.924465 0.0538919 2.08666 13574.3
3.77411e-07 1.24657e-06 721920 296 1.84e-06 0.906867 0.0647225 2.03221 13444.2
3.71436e-07 1.24169e-06 721920 335 1.969e-06 0.882319 0.0633721 2.01185 13190.8
3.75875e-07 1.23934e-06 721920 296 7.212e-06 0.887917 0.0645983 2.02708 13009.2
3.73459e-07 1.23453e-06 721920 328 2.025e-06 0.877333 0.0596837 2.01758 12895.9
3.78033e-07 1.23414e-06 721920 296 1.529e-06 0.889825 0.0621957 2.01294 12791.6
3.74741e-07 1.23421e-06 721920 335 2.703e-06 0.891197 0.0570548 2.04064 12751.3
3.79312e-07 1.23045e-06 721920 296 1.282e-06 0.877439 0.0657796 1.98594 12668.7
3.77266e-07 1.23174e-06 721920 335 2.569e-06 0.892948 0.0638217 2.04555 12566.5
3.83059e-07 1.23137e-06 721920 296 1.494e-06 0.887889 0.0708123 2.02002 12495.8
3.8079e-07 1.23085e-06 721920 335 2.033e-06 0.887048 0.0694323 2.03308 12345.2
3.928e-07 1.23094e-06 721920 296 1.799e-06 0.88891 0.0442862 2.00207 11267.9
4.01425e-07 1.22991e-06 721920 335 5.561e-06 0.884919 0.0581017 2.02725 10163.5
4.24708e-07 1.22683e-06 721920 296 3.909e-06 0.876795 0.0545774 2.009 9277.79
4.0671e-07 1.22021e-06 193536 25 0.874292 0.231023 0.00427074 1.23484 9692.7
4.28203e-07 1.22338e-06 721920 352 1.456e-06 0.892336 0.0718797 2.04842 8050.39
4.63153e-07 1.22394e-06 721920 314 7.864e-06 0.885209 0.0479719 2.01642 7292.56
4.89384e-07 1.22482e-06 721920 360 1.698e-06 0.886758 0.0582202 2.02326 6442.46
5.33989e-07 1.2273e-06 721920 314 5.301e-06 0.893165 0.0571062 2.02704 5876.7
5.63745e-07 1.22817e-06 721920 352 5.47e-06 0.889154 0.0681977 2.06036 5671.19
6.06816e-07 1.2286e-06 721920 314 6.917e-06 0.888212 0.0671645 2.02457 5184.2
6.36766e-07 1.22814e-06 721920 360 5.987e-06 0.885282 0.0636977 2.04547 4760.42
6.84427e-07 1.23763e-06 721920 314 6.128e-06 0.920886 0.0573497 2.05448 4390.16
7.24904e-07 1.23371e-06 721920 352 2.194e-06 0.87931 0.0585785 2.04048 3845.2
7.88402e-07 1.2566e-06 721920 314 1.443e-06 0.973281 0.0618701 2.06452 3534.17
8.26133e-07 1.25435e-06 721920 360 1.373e-06 0.899022 0.0719428 2.05258 3377.38
8.78868e-07 1.24786e-06 721920 314 1.446e-06 0.882137 0.0609101 2.01937 3112.99
9.19559e-07 1.24618e-06 721920 352 1.598e-06 0.894789 0.0615185 2.0575 2874.63
9.75463e-07 1.24576e-06 721920 314 2.563e-06 0.8981 0.0625943 2.03851 2648
1.01568e-06 1.24043e-06 721920 360 1.936e-06 0.880118 0.0575973 2.01861 2356.97
1.07179e-06 1.23304e-06 721920 314 1.622e-06 0.868817 0.0571535 1.98447 2210.05
1.11771e-06 1.23537e-06 721920 352 1.622e-06 0.898575 0.0727844 2.05638 2061.62
1.1745e-06 1.23183e-06 721920 314 1.823e-06 0.879047 0.0524094 2.015 1933.59
1.21257e-06 1.22777e-06 721920 360 2.686e-06 0.874616 0.0610852 2.03621 1826.08
1.26518e-06 1.2292e-06 721920 314 1.798e-06 0.891511 0.0605723 2.02134 1721.13
1.30089e-06 1.22822e-06 721920 352 2.152e-06 0.88387 0.0609855 2.03977 1646.44
1.34856e-06 1.22903e-06 721920 314 1.498e-06 0.889584 0.0607831 2.01443 1557.82
1.3793e-06 1.23159e-06 721920 360 1.877e-06 0.896517 0.0512448 2.05448 1492.56
1.43846e-06 1.23084e-06 721920 314 2.464e-06 0.886396 0.0555886 2.09448 1428.12
1.46447e-06 1.22635e-06 721920 352 2.361e-06 0.872372 0.0704917 2.02554 1329.97
1.507e-06 1.2285e-06 721920 314 4.7601e-05 0.893089 0.0748175 2.0294 1277.81
1.52697e-06 1.22798e-06 721920 360 2.254e-06 0.884984 0.067568 2.04313 1271.85
1.55992e-06 1.2277e-06 721920 314 5.197e-06 0.885494 0.0606612 2.00074 1221.22
1.5773e-06 1.23477e-06 721920 352 2.676e-06 0.911841 0.0656664 2.04971 1217
1.60446e-06 1.23954e-06 721920 314 1.314e-06 0.908602 0.0568527 2.02318 1176.58
1.61714e-06 1.35736e-06 721920 360 1.968e-06 1.32014 0.0635359 2.46898 1170.35
1.49506e-06 1.32427e-06 193536 39 0.876042 0.230675 0.00368895 1.23937 1102.39
1.40848e-06 1.30357e-06 193536 39 0.877121 0.236269 0.00327991 1.2443 1036.67
1.34307e-06 1.28189e-06 193536 39 0.884037 0.231301 0.00386599 1.25249 992.626
1.29153e-06 1.26379e-06 193536 39 0.874967 0.230585 0.00441061 1.2418 926.16
1.25456e-06 1.24541e-06 193536 39 0.874152 0.226802 0.00432916 1.23793 888.473
1.24122e-06 1.26882e-06 193536 39 0.90899 0.263684 0.00402357 1.32066 839.137
1.22281e-06 1.26793e-06 193536 39 0.898041 0.2447 0.00307391 1.28254 809.407
1.05349e-06 1.26058e-06 193536 39 0.866656 0.238281 0.00261728 1.24145 5867.28
9.05536e-07 1.25344e-06 193536 39 0.895497 0.237054 0.00331457 1.26565 7318.72
7.73799e-07 1.248e-06 193536 39 0.876987 0.237319 0.00319791 1.24253 9748.24
6.61346e-07 1.24409e-06 193536 39 0.878659 0.237752 0.00439628 1.25068 11606.7
5.62066e-07 1.25315e-06 193536 39 0.880077 0.249544 0.00461086 1.26622 16034.3
4.76742e-07 1.2469e-06 193536 39 0.875865 0.236486 0.00318978 1.24894 19440.2
4.10812e-07 1.38217e-06 195072 63 0.882433 0.375164 0.0122503 1.42536 26045.8
3.44436e-07 1.34881e-06 193536 38 0.882643 0.235223 0.00355232 1.25029 33727.2
2.811e-07 1.38186e-06 193536 50 0.877543 0.293024 0.0040867 1.30336 79739.9
2.28498e-07 1.34831e-06 193536 38 0.828946 0.234972 0.00406032 1.19932 158602
1.78631e-07 1.32724e-06 193536 44 0.84958 0.240555 0.00261616 1.22762 -125410
1.35718e-07 1.29731e-06 193536 38 0.872238 0.227911 0.00261849 1.23187 -81243.9
9.6289e-08 1.42381e-06 195840 71 0.908343 0.377933 0.00627224 1.44933 -59380.7
6.08166e-08 1.37295e-06 193536 29 0.874606 0.226338 0.00261532 1.22535 -46925.3
3.3826e-08 1.44813e-06 208896 92 0.834219 0.365333 0.0118532 1.38318 -39077.8
7.79008e-09 1.40915e-06 193536 42 0.876101 0.242548 0.00349861 1.25663 -29705.5
-9.52071e-09 1.40108e-06 193536 60 0.877235 0.264913 0.00293145 1.28772 -26426.4
-3.44712e-08 1.36164e-06 193536 42 0.878513 0.232994 0.00263145 1.25131 -21321.6
-4.88727e-08 1.32927e-06 193536 64 0.875526 0.232196 0.00261511 1.25908 -18976.9
-7.35314e-08 1.33181e-06 193536 42 0.887915 0.259718 0.00412128 1.28391 -16855.1
-8.6008e-08 1.31279e-06 193536 60 0.873332 0.239352 0.00290111 1.25826 -15876.4
-1.26194e-07 1.29844e-06 193536 42 0.892893 0.240184 0.00357982 1.26579 -10873.5
-1.32253e-07 1.28091e-06 193536 64 0.885085 0.234337 0.0026082 1.26825 -13405.1
-1.6317e-07 1.27357e-06 193536 42 0.863252 0.240801 0.00261003 1.23882 -10775.4
-1.71297e-07 1.26962e-06 193536 60 0.88891 0.24266 0.00423382 1.27525 -10778.3
-1.9547e-07 1.24841e-06 193536 42 0.855868 0.225185 0.00352816 1.21601 -10724.5
-1.95507e-07 1.25749e-06 193536 64 0.920606 0.250405 0.00314161 1.31772 -10657.4
-2.13714e-07 1.25717e-06 193536 42 0.865652 0.243054 0.00385799 1.24141 -10585.6
-2.12792e-07 1.25196e-06 193536 60 0.883901 0.238268 0.00284074 1.2706 -10598.2
-2.29999e-07 1.25339e-06 193536 42 0.882974 0.24368 0.00477274 1.26505 -10546.3
-2.243e-07 1.23922e-06 193536 64 0.896874 0.228866 0.00261591 1.28139 -10482.9
-2.4042e-07 1.2291e-06 193536 42 0.868038 0.230038 0.00291816 1.23386 -10455.7
-2.36053e-07 1.21994e-06 193536 60 1.08855 0.229011 0.0026382 1.46905 -10488.5
-3.45024e-07 1.51961e-06 721920 286 2.175e-06 1.96239 0.044786 2.24215 -10545.9
-3.3467e-07 1.43532e-06 193536 43 0.879485 0.212533 0.00360016 1.22684 -10459.6
-3.37645e-07 1.38973e-06 193536 35 0.871878 0.233673 0.00269316 1.23861 -10589.3
-3.27697e-07 1.34415e-06 193536 41 0.880687 0.224856 0.00340741 1.23238 -10572.7
-3.33025e-07 1.31948e-06 193536 36 0.874693 0.236267 0.00259778 1.24395 -10703.2
-3.28873e-07 1.29307e-06 193536 40 0.87706 0.229815 0.00260745 1.24414 -10698
-3.30425e-07 1.26063e-06 193536 36 1.61908 0.218865 0.00269799 1.97365 -10815.1
-3.98698e-07 1.25201e-06 721920 335 2.097e-06 0.878958 0.0592026 2.02241 -9830.75
-4.5305e-07 1.24489e-06 721920 335 1.751e-06 0.878142 0.0617289 2.02072 -9831.6
-4.89633e-07 1.24079e-06 721920 352 2.134e-06 0.883902 0.0554632 2.03441 -9864.25
-5.3578e-07 1.23892e-06 721920 314 2.756e-06 0.889013 0.0599607 2.00632 -9887.59
-5.5059e-07 1.23187e-06 721920 360 2.565e-06 0.868964 0.0539568 2.03134 -9887.61
-5.82727e-07 1.23002e-06 721920 314 1.73e-06 0.88261 0.0645849 2.02779 -10094.3
-5.79025e-07 1.22778e-06 721920 352 2.826e-06 0.879892 0.0606185 2.02638 -10777.7
-5.92734e-07 1.22534e-06 721920 314 1.618e-06 0.877553 0.0516939 2.01884 -10814.3
-5.91995e-07 1.24448e-06 721920 360 1.931e-06 0.953681 0.0704833 2.06065 -10470.5
-5.30507e-07 1.26189e-06 193536 50 0.867859 0.257696 0.00385716 1.27469 -9670.8
-4.85695e-07 1.24112e-06 193536 48 0.885434 0.224126 0.00433995 1.2533 -9458.24
-4.29242e-07 1.22262e-06 193536 77 0.870486 0.222294 0.00277736 1.25269 -9269.19
-3.89996e-07 1.29118e-06 193536 71 0.886988 0.302971 0.00353516 1.35099 -8888.14
-3.55016e-07 1.26735e-06 193536 77 0.890696 0.226832 0.00358249 1.27828 -8848.36
-3.31593e-07 1.27352e-06 193536 71 0.874888 0.251242 0.00335157 1.28028 -8560.29
-3.09615e-07 1.25515e-06 193536 77 0.87598 0.228698 0.00361745 1.26739 -8406.58
-2.95686e-07 1.2367e-06 193536 71 0.855022 0.225065 0.00340195 1.24051 -8276.09
-2.84322e-07 1.22912e-06 193536 77 0.900693 0.232005 0.00338136 1.2943 -8078.71
-2.77448e-07 1.22786e-06 193536 71 0.872289 0.23666 0.00345461 1.26148 -7994.02
-2.69654e-07 1.22608e-06 193536 77 0.895201 0.235913 0.00528178 1.29306 -7786.52
-2.66909e-07 1.21511e-06 193536 71 0.88649 0.226675 0.00266145 1.26578 -7646.65
-4.13962e-07 1.22969e-06 721920 314 1.722e-06 0.929832 0.0515549 2.05238 -7667.91
-3.93477e-07 1.2248e-06 193536 62 0.885472 0.23326 0.00343995 1.27185 -7567.3
-4.03443e-07 1.21404e-06 193536 43 0.878424 0.226631 0.00272211 1.23788 -7331.67
-5.20844e-07 1.22368e-06 721920 335 1.643e-06 0.911243 0.0559453 2.054 -7343.13
-4.86585e-07 1.21805e-06 193536 58 0.913932 0.231379 0.00267824 1.29449 -7182.52
-6.69159e-07 1.21694e-06 721920 256 1.552e-06 0.875331 0.0801588 1.97954 -7420.52
-6.92043e-07 1.21253e-06 721920 372 5.553e-06 0.862615 0.0551616 2.00482 -7820.18
-7.27998e-07 1.20895e-06 721920 296 2.297e-06 0.862432 0.0539392 1.96322 -8913.34
-7.0309e-07 1.21543e-06 721920 372 1.732e-06 0.896153 0.0664416 2.05691 -9739.76
-6.8292e-07 1.21332e-06 721920 296 5.552e-06 0.869803 0.060413 1.94664 -11745.5
-6.27734e-07 1.22824e-06 658176 341 8.889e-06 0.847679 0.0546732 1.87139 -13462.8
-5.68418e-07 1.23952e-06 652032 240 2.691e-06 0.837637 0.0581993 1.79895 -21951.1
-4.98187e-07 1.22809e-06 562176 224 2.504e-06 0.664696 0.0435995 1.44683 -26888.2
-4.19965e-07 1.20962e-06 505344 173 1.445e-06 0.573932 0.0348007 1.50035 -53874.5
-3.00569e-07 1.22258e-06 383232 72 2.769e-06 0.488399 0.025042 0.863425 46056.4
-2.14266e-07 1.21611e-06 721920 328 3.931e-06 0.859243 0.0721732 1.91793 37517.5
-9.53636e-08 1.21295e-06 721920 256 1.979e-06 0.86654 0.0718878 1.95309 15326.2
-1.01571e-08 1.21877e-06 721920 335 1.975e-06 0.896674 0.0581254 2.03431 13882.8
1.13601e-07 1.21405e-06 721920 256 5.226e-06 0.862818 0.0563669 1.96098 8505.6
2.00063e-07 1.21828e-06 721920 328 5.082e-06 0.891718 0.0592579 2.03018 7950.1
3.18824e-07 1.26361e-06 721920 260 1.703e-06 1.04312 0.0660087 1.99901 6072.46
3.96806e-07 1.28772e-06 721920 328 1.877e-06 0.999261 0.0613377 1.98705 5671.92
5.00804e-07 1.27019e-06 721920 256 3.671e-06 0.866329 0.0655463 1.94121 4732.13
5.64528e-07 1.35958e-06 721920 335 1.426e-06 1.23966 0.0835047 1.96075 4291.34
6.61345e-07 1.32799e-06 721920 256 1.633e-06 0.867463 0.0690841 2.66655 3533.49
7.40006e-07 1.35943e-06 721920 328 8.093e-06 1.07219 0.0612277 2.19896 3098.91
7.11147e-07 1.32336e-06 193536 46 0.896919 0.228192 0.00272791 1.27209 2989.81
6.80297e-07 1.31046e-06 193536 55 0.890138 0.243638 0.0026927 1.27917 2842.67
6.48978e-07 1.2965e-06 193536 75 0.875765 0.240109 0.00346557 1.28616 2436.65
6.13949e-07 1.3273e-06 193536 75 0.880397 0.280725 0.00385066 1.31565 2710.96
5.84474e-07 1.30046e-06 193536 75 0.864611 0.230907 0.00344016 1.24486 2770.5
5.61005e-07 1.26866e-06 193536 75 0.883697 0.220919 0.00269645 1.26507 2877.64
5.37365e-07 1.24531e-06 193536 75 0.871034 0.222931 0.00311232 1.25285 2985.68
5.15233e-07 1.23411e-06 193536 75 0.888559 0.230178 0.0034197 1.27349 3127.9
6.51204e-07 1.2275e-06 721920 266 2.091e-06 0.86706 0.0631857 1.96032 2916.19
7.34151e-07 1.23314e-06 721920 389 1.698e-06 0.90652 0.0678364 2.07625 2668.71
7.04676e-07 1.26228e-06 193536 48 1.00318 0.266856 0.00471782 1.41031 2875.67
6.71367e-07 1.27093e-06 193536 50 0.879177 0.252667 0.00384674 1.27353 3118.22
6.30151e-07 1.28299e-06 193536 75 0.878082 0.257638 0.00426657 1.28678 2916.36
6.00592e-07 1.26428e-06 193536 75 0.887875 0.230199 0.00269541 1.27599 2725.29
5.78634e-07 1.25577e-06 193536 75 0.881217 0.236451 0.00286911 1.27667 2724.11
5.59945e-07 1.24136e-06 193536 77 0.904971 0.229089 0.00268628 1.29197 2663.06
5.51351e-07 1.24545e-06 193536 71 0.885287 0.244205 0.00294316 1.29203 2698.23
5.37397e-07 1.25065e-06 193536 84 0.8777 0.24607 0.00349303 1.29259 2580.62
5.33713e-07 1.24492e-06 193536 69 0.859522 0.236501 0.00276445 1.24903 2632.53
5.24116e-07 1.23162e-06 193536 80 0.874041 0.228065 0.00346428 1.2633 2548.63
5.23006e-07 1.21475e-06 193536 69 0.880199 0.222041 0.00270391 1.25091 2604.19
6.54111e-07 1.21359e-06 721920 328 2.331e-06 0.872767 0.0453736 2.01822 2573.82
7.52241e-07 1.216e-06 721920 352 1.286e-06 0.88483 0.0499272 2.03556 2572.22
8.55316e-07 1.23802e-06 721920 314 6.189e-06 0.957326 0.0538323 2.05756 2508.65
7.92534e-07 1.27284e-06 193536 62 0.8772 0.2733 0.00326341 1.29814 2654.05
7.60498e-07 1.25719e-06 193536 43 0.876755 0.231196 0.00274166 1.25008 2757.77
7.0677e-07 1.25416e-06 193536 88 0.905338 0.240379 0.00345803 1.31371 2448.77
6.73324e-07 1.31885e-06 193536 66 0.872099 0.305324 0.00331041 1.32659 2524.96
6.43141e-07 1.29399e-06 193536 80 0.888729 0.231188 0.00341191 1.28316 2365.98
6.14603e-07 1.2756e-06 193536 69 0.871277 0.232639 0.00267499 1.2555 2782.1
5.82639e-07 1.26292e-06 193536 80 0.876206 0.234602 0.00267386 1.27862 2965.87
