3.04542e-06 3.15195e-06 614400 3960 2.781e-06 1.93656 0.121183 19.3887 1376.57
1.63289e-06 3.06871e-06 129024 23 1.12334 0.385196 0.00741228 1.81028 47029.6
1.15266e-06 3.03835e-06 129024 25 1.13789 0.384187 0.00878074 1.82954 49098.9
9.15446e-07 3.06005e-06 129024 23 1.11543 0.403219 0.00839345 1.82516 51953.8
7.68781e-07 3.08542e-06 129024 25 1.15012 0.411185 0.00824308 1.86667 52971.8
6.71897e-07 3.10473e-06 129024 23 1.11705 0.413045 0.00849991 1.82538 53958.5
6.01372e-07 3.13386e-06 129024 25 1.15669 0.426891 0.00856262 1.89134 53809.6
5.49325e-07 3.13588e-06 129024 23 1.15325 0.406425 0.00824437 1.85358 54468.1
5.07929e-07 3.16714e-06 129024 25 1.13018 0.440905 0.00857991 1.87926 54635.3
4.75872e-07 3.15666e-06 129024 23 1.119 0.39512 0.00879608 1.81856 54646
4.48429e-07 3.14103e-06 129024 25 1.10904 0.385099 0.00842803 1.80751 54819
3.96084e-07 3.16967e-06 129024 23 1.13669 0.423747 0.00880758 1.85743 54689.9
3.51935e-07 3.10305e-06 129024 25 1.10672 0.365987 0.00909237 1.78602 54546.3
3.18669e-07 3.1135e-06 129024 23 1.12094 0.407108 0.00816091 1.82725 55011.8
2.90156e-07 3.07405e-06 129024 25 1.1075 0.376269 0.0083167 1.79369 55211.2
2.68762e-07 3.13449e-06 129024 23 1.153 0.435614 0.00835295 1.88435 55342.2
2.48857e-07 3.14405e-06 129024 25 1.13744 0.410594 0.00890295 1.8504 54893.9
2.32625e-07 3.11313e-06 129024 26 1.11896 0.385711 0.00848374 1.81199 54898.6
2.31861e-07 3.12789e-06 129024 18 1.20372 0.41119 0.00851116 1.9151 55063
2.16412e-07 3.1553e-06 129024 30 1.24496 0.421254 0.00888028 1.98641 54907
2.09848e-07 3.16639e-06 129024 23 1.11439 0.414263 0.00848203 1.83738 55031.2
2.01102e-07 3.11815e-06 129024 30 1.1384 0.377422 0.0100696 1.83398 49576.9
2.05919e-07 3.10039e-06 129024 23 1.14501 0.39086 0.00892816 1.83538 44994.3
2.06059e-07 3.07453e-06 129024 29 1.10247 0.383337 0.00853199 1.79528 40456
2.20237e-07 3.09884e-06 129024 23 1.16504 0.412371 0.00899987 1.88741 36996
2.30582e-07 3.06239e-06 129024 26 1.14347 0.376314 0.00740653 1.82433 33526.2
2.44475e-07 3.06443e-06 129024 25 1.10963 0.396439 0.0083497 1.81213 30480.6
2.62808e-07 3.06951e-06 129024 25 1.12438 0.398661 0.00841845 1.82812 27802.3
2.81661e-07 3.07762e-06 129024 25 1.13842 0.401273 0.00898628 1.84805 25299.3
3.05138e-07 3.08826e-06 129024 25 1.13446 0.403948 0.00831508 1.84764 23132.1
3.2767e-07 3.07999e-06 129024 26 1.12409 0.393128 0.00895912 1.82739 21117.7
3.53845e-07 3.0693e-06 129024 25 1.15556 0.390497 0.00947445 1.85092 19409
3.8571e-07 3.08972e-06 129024 25 1.15254 0.409186 0.00873766 1.86961 17745.8
4.13371e-07 3.10057e-06 129024 25 1.1413 0.405645 0.00937591 1.85317 16319.7
4.42805e-07 3.11293e-06 129024 25 1.12576 0.408025 0.00955762 1.84042 15028.8
4.72229e-07 3.10809e-06 129024 26 1.15263 0.398522 0.00830391 1.85785 13896.4
5.07376e-07 3.05557e-06 129024 25 1.12199 0.367136 0.00729828 1.80163 12842
5.43854e-07 3.10165e-06 129024 25 1.13916 0.423969 0.00835112 1.8631 11903
5.79828e-07 3.06173e-06 129024 25 1.09866 0.374435 0.00952983 1.77889 11024.1
6.17359e-07 3.06457e-06 129024 25 1.12369 0.396869 0.00909437 1.82258 10247.3
6.53378e-07 3.06035e-06 129024 26 1.13555 0.392679 0.00842083 1.83115 9542.75
6.95763e-07 3.13102e-06 129024 25 1.12448 0.440447 0.00937266 1.87066 8920.69
7.38513e-07 3.16149e-06 129024 25 1.16297 0.423635 0.00904941 1.89557 8353.59
7.86905e-07 3.13419e-06 129024 25 1.10559 0.390294 0.0081227 1.80129 7858.74
8.27541e-07 3.1392e-06 129024 25 1.126 0.407621 0.00752862 1.83992 7423.41
8.68427e-07 3.15208e-06 129024 25 1.4525 0.41334 0.00880533 2.1656 7048.82
9.11698e-07 3.1509e-06 129024 26 1.15334 0.405935 0.00926908 1.87489 6669.72
9.75615e-07 3.11157e-06 129024 20 1.11108 0.381168 0.00832841 1.77919 6389.74
1.01718e-06 3.12178e-06 129024 23 1.12271 0.408056 0.00810912 1.82677 6095.23
1.07634e-06 3.0873e-06 129024 20 1.09446 0.380539 0.00830583 1.76712 5878.23
1.13385e-06 3.10206e-06 129024 25 1.11621 0.407855 0.00855053 1.81991 4537.29
1.22566e-06 3.07107e-06 129024 18 1.11684 0.38025 0.00825558 1.78587 4590.61
1.26865e-06 3.07032e-06 129024 25 1.13184 0.395761 0.00752208 1.83118 4393.56
1.31928e-06 3.09407e-06 129024 22 1.11853 0.411465 0.00907441 1.82867 4290.11
1.36453e-06 3.1299e-06 129024 23 1.12338 0.42232 0.00772399 1.84626 4137.89
1.43203e-06 3.2311e-06 247296 113 1.01629 0.899154 0.0352661 2.70746 3886.75
1.48524e-06 3.48749e-06 211200 138 0.948936 0.953154 0.036151 2.75957 3717.35
1.30137e-06 3.38483e-06 190464 62 1.06606 0.566476 0.0178439 2.29285 15008.3
1.15036e-06 3.32212e-06 129024 26 1.11618 0.39627 0.00847866 1.81528 14915.5
1.02762e-06 3.23818e-06 129024 25 1.19117 0.374482 0.00879841 1.85947 14983.4
9.06095e-07 3.26767e-06 163584 101 1.21893 0.553833 0.0174441 2.51475 14681.3
8.46563e-07 3.41675e-06 147456 61 1.06859 0.591749 0.0167247 2.32472 14670.3
7.96043e-07 3.36569e-06 129024 23 1.13278 0.407901 0.00879391 1.83311 14584.6
7.55707e-07 3.34464e-06 129024 23 1.12271 0.420674 0.00906999 1.83346 14637.3
7.257e-07 3.31363e-06 129024 23 1.12717 0.411539 0.0082682 1.83867 14653
6.94826e-07 3.29314e-06 129024 23 1.10666 0.414315 0.00828816 1.80951 14801.7
6.75271e-07 3.27758e-06 129024 23 1.14138 0.414861 0.00964166 1.85178 14917.3
6.48536e-07 3.28132e-06 129024 23 1.16753 0.425296 0.00888945 1.86897 14861.6
6.34184e-07 3.25435e-06 129024 23 1.1061 0.405972 0.00808303 1.7948 14867.9
6.23537e-07 3.2681e-06 129024 23 1.14127 0.428755 0.00953574 1.86626 14829.6
6.13262e-07 3.26909e-06 129024 23 1.1306 0.422306 0.00848149 1.84176 14952.3
6.04324e-07 3.26736e-06 129024 23 1.24342 0.420675 0.00901599 1.94465 15074.4
6.88642e-07 3.22914e-06 129024 9 1.1688 0.396907 0.00902278 1.82641 15341.8
6.57256e-07 3.23913e-06 129024 25 1.13789 0.423082 0.00826099 1.8508 15285.5
6.3657e-07 3.21649e-06 129024 23 1.11032 0.403321 0.00886862 1.79995 15407.8
6.13729e-07 3.19635e-06 129024 26 1.10538 0.402011 0.00780141 1.80571 15406.4
6.02193e-07 3.16802e-06 129024 23 1.15711 0.394129 0.0087612 1.83754 15430.3
5.93996e-07 3.13781e-06 129024 23 1.13595 0.38926 0.00839987 1.81596 15605.4
6.14676e-07 3.41849e-06 129024 18 1.20908 0.585924 0.00812599 2.08743 15529.5
6.04009e-07 3.30243e-06 129024 23 1.10617 0.366199 0.00890228 1.76176 15674
6.47997e-07 3.22753e-06 129024 13 1.11617 0.377771 0.0090737 1.76631 15778.4
6.2216e-07 3.17892e-06 129024 23 1.13664 0.385072 0.00983991 1.78957 15739.8
6.68161e-07 3.15925e-06 129024 12 1.12721 0.397466 0.00903441 1.78435 15938.9
6.42734e-07 3.1129e-06 129024 23 1.13129 0.377721 0.00835903 1.7941 15991.7
6.42272e-07 3.11551e-06 129024 18 1.1216 0.403323 0.0083347 1.79932 15469.1
6.37932e-07 3.10378e-06 129024 20 1.13409 0.394403 0.00877537 1.80695 15136.1
6.37645e-07 3.08866e-06 129024 20 1.10833 0.390712 0.00897374 1.78058 14996.4
6.45279e-07 3.13967e-06 129024 18 1.11176 0.431418 0.00887845 1.81782 14380.1
6.38756e-07 3.15643e-06 129024 22 1.13537 0.415903 0.0067812 1.83647 14316.4
6.6252e-07 3.1859e-06 129024 17 1.11888 0.426269 0.00838037 1.8198 13857.2
6.54444e-07 3.21598e-06 129024 22 1.11658 0.430462 0.00978483 1.83214 13884.3
6.66702e-07 3.17455e-06 129024 17 1.12431 0.388209 0.00871391 1.77643 13571.2
6.63616e-07 3.13709e-06 129024 22 1.39284 0.385429 0.00890908 2.07233 13559
6.85877e-07 3.14484e-06 129024 17 1.12487 0.409762 0.00868399 1.81076 13278.3
6.53619e-07 3.13059e-06 129024 30 1.15669 0.396568 0.00851983 1.85159 13143.3
6.50188e-07 3.20487e-06 129024 23 1.12602 0.451842 0.0111597 1.86163 13185
6.30217e-07 3.20087e-06 129024 30 1.13772 0.41092 0.00869445 1.8513 13110
6.32854e-07 3.20438e-06 129024 23 1.15766 0.415258 0.00781103 1.86545 13358.6
6.12131e-07 3.26321e-06 129024 30 1.17208 0.451394 0.00837595 1.92409 13261.2
6.15674e-07 3.2452e-06 129024 23 1.13747 0.40941 0.00978033 1.84256 13492.8
5.98154e-07 3.2107e-06 129024 30 1.12389 0.396453 0.0089832 1.82699 13452.9
6.02539e-07 3.16371e-06 129024 23 1.11006 0.383946 0.00881999 1.78771 13792.5
5.85593e-07 3.09681e-06 129024 30 1.1096 0.365033 0.0088802 1.77964 13782.6
5.87431e-07 3.07211e-06 129024 23 1.14438 0.383628 0.00835249 1.8131 14067.1
5.6975e-07 3.08229e-06 129024 30 1.14253 0.402944 0.00933778 1.85171 14664.6
8.35249e-07 3.12315e-06 129024 23 1.13717 0.424048 0.00718262 1.84631 2534.76
1.02178e-06 3.1376e-06 129024 30 1.15213 0.412284 0.00833041 1.8672 2481.61
1.21153e-06 3.13909e-06 129024 23 1.15144 0.405788 0.0091787 1.8479 2498.24
1.32021e-06 3.10208e-06 129024 30 1.11608 0.381143 0.00890433 1.80459 2522.81
1.43673e-06 3.12968e-06 129024 23 1.13943 0.418045 0.00676941 1.83615 2537.74
1.50142e-06 3.15601e-06 129024 30 1.13282 0.420793 0.00894237 1.86213 2501.34
1.58953e-06 3.11977e-06 129024 23 1.17252 0.383823 0.00893103 1.84776 2511.76
1.63354e-06 3.16632e-06 129024 30 1.16388 0.432556 0.00846633 1.90783 2530.8
1.68819e-06 3.14785e-06 129024 23 1.12158 0.396615 0.00878991 1.81199 2538.28
1.69891e-06 3.1513e-06 129024 30 1.15571 0.408375 0.00899962 1.86848 2517.42
1.73985e-06 3.17043e-06 129024 23 1.12653 0.418935 0.00820712 1.82593 2535.65
1.74901e-06 3.26465e-06 129024 30 1.748 0.469841 0.00849908 2.52901 2544.83
1.76984e-06 3.23876e-06 129024 23 1.13086 0.404519 0.0092167 1.81655 2530.63
1.83959e-06 3.24126e-06 129024 18 1.12401 0.419489 0.00935141 1.83385 2563.96
1.87662e-06 3.23871e-06 129024 18 1.10794 0.416553 0.00727008 1.79076 2605.87
1.87886e-06 3.19149e-06 129024 23 1.10682 0.387412 0.0083527 1.77558 2616.18
1.9216e-06 3.1835e-06 129024 18 1.10826 0.406625 0.00941337 1.8081 2653.98
1.90908e-06 3.13478e-06 129024 23 1.14075 0.379315 0.00838753 1.81869 2660.96
1.93238e-06 3.14162e-06 129024 18 1.10814 0.408877 0.00877753 1.8008 2623.64
1.92135e-06 3.11659e-06 129024 22 1.14593 0.389198 0.0104214 1.81467 2648.89
1.88145e-06 3.12777e-06 129024 30 1.14491 0.409323 0.00848153 1.85879 2633.83
1.87986e-06 3.11383e-06 129024 23 1.17548 0.394564 0.00856716 1.85179 2625.21
1.8484e-06 3.16313e-06 129024 30 1.13192 0.433567 0.00874653 1.85816 2596.3
1.85948e-06 3.15837e-06 129024 23 1.13329 0.405046 0.00924566 1.82716 2612.2
1.8404e-06 3.17782e-06 129024 30 1.14855 0.420052 0.00841462 1.88212 2627.08
