8.1124e-07 1.62153e-06 301056 1320 1.93656 0.488172 0.0280043 3.94217 1376.57
4.27892e-07 1.43426e-06 193536 57 0.881997 0.241339 0.00256638 1.27181 45321.4
2.97069e-07 1.35801e-06 193536 61 0.904581 0.233306 0.00242579 1.2905 55270.4
2.3138e-07 1.32353e-06 193536 57 0.879295 0.236136 0.00241854 1.26712 60248.9
1.91753e-07 1.328e-06 193536 61 0.889638 0.260476 0.00352563 1.29437 58460.6
1.65358e-07 1.31453e-06 193536 57 0.875667 0.241376 0.002425 1.26098 61346.8
1.46579e-07 1.32579e-06 193536 61 0.887031 0.26966 0.00392371 1.29887 59397.5
1.32818e-07 1.33009e-06 193536 57 0.889992 0.26325 0.00473071 1.30535 56811.6
1.21926e-07 1.32003e-06 193536 61 0.890268 0.2399 0.00373154 1.27857 55932.1
1.13462e-07 1.30847e-06 193536 57 0.885891 0.233102 0.00343709 1.27442 55707.2
1.06372e-07 1.29951e-06 193536 61 0.874884 0.234153 0.00403584 1.2571 54817.3
9.27179e-08 1.29243e-06 193536 57 0.892035 0.244646 0.00354888 1.28436 54833.2
8.09603e-08 1.27651e-06 193536 63 0.871982 0.234733 0.00244142 1.25747 56257.8
7.21836e-08 1.2659e-06 193536 57 0.884152 0.236786 0.00389283 1.26749 55718.5
6.47118e-08 1.23803e-06 193536 61 0.889477 0.218022 0.00370271 1.25345 55305.4
5.92025e-08 1.23686e-06 193536 57 0.914517 0.238476 0.00243346 1.30521 56554.3
7.08603e-08 1.23479e-06 721920 338 2.555e-06 0.885445 0.0709494 2.01796 42759.9
6.07801e-08 1.23586e-06 721920 447 3.711e-06 0.895286 0.041898 2.03562 194827
5.39313e-08 1.28844e-06 244224 47 0.837695 0.366026 0.00827525 1.35977 190487
4.63023e-08 1.37739e-06 229632 90 0.84696 0.397995 0.0101616 1.42761 184566
4.0582e-08 1.34045e-06 193536 31 0.883553 0.230834 0.00242938 1.24085 189896
3.5588e-08 1.31986e-06 193536 42 0.898893 0.239494 0.00269634 1.27498 170420
3.29741e-08 1.31114e-06 193536 31 0.898001 0.247001 0.00411113 1.28493 153262
3.08429e-08 1.28589e-06 193536 40 0.87314 0.229323 0.00346996 1.23815 122965
3.12551e-08 1.31885e-06 193536 31 0.884274 0.280758 0.00304429 1.29748 103207
4.7013e-08 1.29579e-06 193536 38 0.910533 0.232933 0.00320525 1.28108 25016.3
6.13879e-08 1.27604e-06 193536 35 0.877951 0.231671 0.00243429 1.23854 22962.6
7.58943e-08 1.27071e-06 193536 36 0.88257 0.241803 0.00309183 1.25514 20927.2
8.96086e-08 1.27304e-06 193536 36 0.890234 0.248181 0.00245613 1.27253 19142.6
1.02458e-07 1.271e-06 193536 36 0.890046 0.244406 0.0037765 1.26723 17632.1
9.45928e-08 1.2639e-06 193536 38 0.884969 0.239116 0.00311033 1.26295 43837.3
9.20258e-08 1.28346e-06 193536 35 0.892013 0.263538 0.00256483 1.29099 37116.8
9.21072e-08 1.3055e-06 193536 36 0.882823 0.269717 0.00283104 1.29 31233.8
9.5461e-08 1.30983e-06 193536 36 0.884439 0.256853 0.00277875 1.2673 26007.1
1.02115e-07 1.30416e-06 193536 36 0.87774 0.248017 0.00245809 1.2604 21252.5
1.12682e-07 1.29713e-06 193536 38 0.907022 0.245599 0.00243825 1.28618 17167.3
1.30844e-07 1.27591e-06 193536 35 0.891481 0.230504 0.00246425 1.25852 13252.1
1.56995e-07 1.27466e-06 193536 36 0.893422 0.245727 0.00371321 1.27022 9786.52
1.83064e-07 1.24455e-06 193536 36 0.881093 0.217555 0.00329229 1.22954 8598.31
2.07003e-07 1.24317e-06 193536 36 0.884157 0.239533 0.00402721 1.25448 8001.84
2.28762e-07 1.24908e-06 193536 38 0.889228 0.246319 0.00243984 1.27347 7465.35
2.54669e-07 1.2555e-06 193536 35 0.876523 0.247954 0.00367579 1.25665 6970.6
2.78265e-07 1.28182e-06 193536 36 0.894515 0.268451 0.00339463 1.29642 6488.51
2.98564e-07 1.25848e-06 193536 36 0.880101 0.225489 0.00372442 1.23701 6116.61
3.18514e-07 1.26825e-06 193536 36 0.872974 0.253023 0.00351917 1.26466 5780.52
3.40632e-07 1.25546e-06 193536 36 1.21943 0.233068 0.00259525 1.58761 5418.22
4.0593e-07 1.24887e-06 721920 382 2.475e-06 0.882563 0.0573552 2.0178 5205.32
2.01391e-07 1.24156e-06 721920 297 1.469e-06 0.875202 0.0486509 1.94136 -11490.5
1.77824e-06 1.24024e-06 721920 360 1.548e-06 0.89153 0.0559327 2.00472 -1221.53
-2.08437e-05 1.23169e-06 721920 297 1.75e-06 0.864493 0.0581657 1.93805 -2264.78
-1.65339e-05 1.23278e-06 721920 413 5.981e-06 0.893109 0.0473977 2.03654 4540.71
-1.30392e-05 1.22964e-06 721920 256 3.068e-06 0.878636 0.0497406 1.94067 4466.15
-1.02729e-05 1.22752e-06 721920 357 1.539e-06 0.880071 0.0446855 1.99493 4327.02
-8.04486e-06 1.2265e-06 721920 310 1.702e-06 0.882491 0.0527025 1.95532 4230.02
-6.63681e-06 1.22598e-06 721920 360 1.915e-06 0.883563 0.068082 1.99612 -6669.58
-5.54473e-06 1.2445e-06 227328 58 7.888e-06 0.299747 0.011746 0.758527 -8051.65
-4.57845e-06 1.2348e-06 257280 74 6.992e-06 0.307712 0.0105222 0.694134 -9560.71
-3.76416e-06 1.23376e-06 193536 23 0.828089 0.237971 0.00279975 1.19185 -11438.3
-3.06601e-06 1.22149e-06 193536 38 0.889284 0.226899 0.00317783 1.25186 -12152.5
-2.52105e-06 1.29755e-06 287232 139 3.234e-06 0.460087 0.0123005 0.932248 -12905
-2.06804e-06 1.33036e-06 288000 136 0.797996 0.420935 0.0101689 1.53695 -13249.8
-1.69277e-06 1.31154e-06 193536 50 0.829325 0.239266 0.003358 1.20959 -13308.7
-1.38177e-06 1.29922e-06 193536 73 0.890868 0.241905 0.00245313 1.28487 -13512.8
-1.13268e-06 1.28362e-06 193536 72 0.886357 0.236349 0.00323525 1.27765 -13782.7
-9.32859e-07 1.28866e-06 193536 73 0.873864 0.253303 0.00252292 1.28099 -13952.8
-7.72566e-07 1.27339e-06 193536 72 0.872031 0.234629 0.00245004 1.26216 -14150.3
-6.44571e-07 1.2716e-06 193536 73 0.896664 0.244711 0.00342484 1.29354 -14330.7
-5.41368e-07 1.26638e-06 193536 72 0.926472 0.24105 0.00378213 1.32064 -14407.4
-4.58833e-07 1.24688e-06 193536 73 0.879879 0.226218 0.00243513 1.25499 -14224.3
-3.9322e-07 1.25466e-06 193536 72 0.892416 0.248851 0.0034915 1.29284 -14316.9
-3.40304e-07 1.25774e-06 193536 73 0.884797 0.245803 0.00299354 1.27891 -14235.5
-2.99372e-07 1.29388e-06 393984 494 0.676706 0.566707 0.0235228 1.9419 -14303.2
-3.22455e-07 1.29011e-06 350976 93 0.721279 0.447515 0.0169857 1.55879 -16434.2
-2.84806e-07 1.28237e-06 193536 59 0.895698 0.242192 0.00327509 1.2833 -16500.5
-2.54271e-07 1.26625e-06 193536 54 0.877732 0.232587 0.00244746 1.2504 -17539.9
-2.27507e-07 1.23863e-06 193536 60 0.887038 0.218336 0.00340488 1.25326 -17996.4
-2.44933e-07 1.23932e-06 721920 323 1.534e-06 0.896676 0.04053 2.0321 -19121.7
-2.3787e-07 1.24412e-06 721920 390 1.3646e-05 0.91203 0.0458309 2.02713 -23127.7
-2.11526e-07 1.235e-06 568320 271 0.527949 0.681129 0.0259051 1.93532 -39423.6
-1.83949e-07 1.22031e-06 580608 321 1.831e-06 0.674414 0.0344546 1.49181 -53979.7
-1.22889e-07 1.20435e-06 505344 153 2.565e-06 0.576339 0.0227673 1.23115 50716.8
-7.43769e-08 1.2111e-06 721920 377 5.048e-06 0.89383 0.0431853 2.0062 37197.6
5.18922e-08 1.20776e-06 721920 202 2.284e-06 0.86224 0.0525227 1.9049 11589.6
1.39006e-07 1.2138e-06 721920 325 1.943e-06 0.893735 0.0611485 1.99013 8959.19
2.58754e-07 1.21218e-06 721920 256 4.795e-06 0.870404 0.0649449 1.92251 6361.9
3.69875e-07 1.21383e-06 721920 282 2.16e-06 0.881062 0.0540103 1.96717 5157.31
5.57093e-07 1.21358e-06 721920 297 1.606e-06 0.875372 0.0579322 1.95012 2174.31
7.36174e-07 1.21082e-06 721920 263 2.195e-06 0.866169 0.0502695 1.9121 1872.51
8.75116e-07 1.21407e-06 721920 310 1.865e-06 0.885825 0.0606993 1.96855 1757.15
1.02755e-06 1.21511e-06 721920 245 6.63e-06 0.880223 0.0564595 1.94844 1565.81
1.1291e-06 1.21584e-06 721920 310 1.4462e-05 0.879837 0.0411475 1.96267 1502.09
1.2404e-06 1.21527e-06 721920 245 1.83e-06 0.875681 0.0455176 1.90155 1368
1.31145e-06 1.29735e-06 721920 310 1.87e-06 1.17362 0.0477844 2.26454 1285.11
1.26345e-06 1.28599e-06 193536 23 0.884775 0.240086 0.00349633 1.24929 1293.75
1.19568e-06 1.27475e-06 193536 45 0.918683 0.238007 0.00346063 1.29161 1248.02
1.15889e-06 1.26143e-06 193536 31 0.892198 0.23382 0.00245054 1.25174 1235.12
1.12007e-06 1.25922e-06 193536 42 0.895714 0.241998 0.00372413 1.27465 1288.56
1.09891e-06 1.27831e-06 193536 31 0.895485 0.262173 0.00332788 1.28406 1350.95
1.06834e-06 1.29562e-06 193536 42 0.907924 0.264153 0.00386854 1.31393 1396.29
1.05588e-06 1.29111e-06 193536 31 0.891086 0.246383 0.002919 1.27366 1456.16
1.02005e-06 1.28039e-06 193536 42 0.884383 0.239502 0.00375209 1.25771 1523.54
9.963e-07 1.26957e-06 193536 31 0.872721 0.237335 0.00254784 1.24528 1735.43
9.52862e-07 1.2417e-06 193536 42 0.890855 0.218736 0.00272521 1.24411 1856.55
9.28961e-07 1.25411e-06 193536 31 0.89206 0.252318 0.00368763 1.27219 2140.63
8.27611e-07 1.2568e-06 193536 42 0.897206 0.245324 0.00329409 1.28016 4831.12
7.55835e-07 1.26158e-06 193536 31 0.889308 0.247859 0.00365396 1.26792 5265.74
6.80174e-07 1.26712e-06 193536 42 0.902603 0.249525 0.00245058 1.28816 5534.72
6.36067e-07 1.28067e-06 193536 31 0.893097 0.258343 0.00311896 1.28324 5538.58
5.85278e-07 1.25707e-06 193536 42 0.89105 0.225023 0.00275313 1.2493 5503.69
5.56272e-07 1.26888e-06 193536 31 0.884707 0.254711 0.00274009 1.27072 6085.33
5.07911e-07 1.26188e-06 193536 42 0.894015 0.238806 0.00355129 1.26881 6980.51
4.79956e-07 1.28728e-06 193536 31 0.903718 0.268797 0.00373059 1.30508 7151.21
4.43847e-07 1.28948e-06 193536 42 0.912614 0.251264 0.00300675 1.30046 7573.68
4.2053e-07 1.27199e-06 193536 31 0.888936 0.232635 0.00358509 1.25133 8027.37
3.89416e-07 1.27911e-06 193536 42 0.902646 0.253062 0.00250729 1.29043 8523.33
3.73213e-07 1.27132e-06 193536 31 0.886512 0.240014 0.00245121 1.26116 9044.31
3.46832e-07 1.35698e-06 193536 42 1.41905 0.328945 0.00375909 1.88642 9625.82
3.71541e-07 1.32674e-06 721920 325 1.635e-06 0.870458 0.0504699 1.96821 9296.19
3.95064e-07 1.30898e-06 721920 315 5.868e-06 0.893712 0.0460214 1.97966 9132.24
4.29392e-07 1.28848e-06 721920 276 6.962e-06 0.870977 0.0505445 1.91432 8351.95
4.47774e-07 1.27316e-06 721920 325 2.034e-06 0.874893 0.0521353 1.96728 8136.25
4.78722e-07 1.26346e-06 721920 276 2.175e-06 0.884106 0.04472 1.94683 7830.3
4.89755e-07 1.25732e-06 721920 343 3.93e-06 0.889949 0.0418554 1.99588 7560.3
5.20889e-07 1.25128e-06 721920 283 1.961e-06 0.885892 0.0473205 1.98287 7067.28
4.93452e-07 1.26945e-06 193536 30 0.886183 0.259744 0.00391321 1.27313 7146.65
4.53131e-07 1.26802e-06 193536 45 0.900605 0.244306 0.00264671 1.27905 7247.04
4.31068e-07 1.31576e-06 193536 31 0.883869 0.291603 0.00244079 1.29932 7784.87
3.83212e-07 1.30083e-06 193536 42 0.891721 0.240198 0.003151 1.26741 12145.2
3.4096e-07 1.29573e-06 193536 31 0.886464 0.246821 0.00275142 1.26263 18200.3
2.78077e-07 1.29503e-06 193536 42 0.898455 0.25009 0.00311592 1.28732 100961
