9.22026e-07 1.46065e-06 129024 440 2.42474 0.188458 0.0135411 3.30699 1376.57
7.08361e-07 1.34118e-06 721920 296 2.759e-06 0.881984 0.0709363 1.97512 9636.66
6.22535e-07 1.31179e-06 721920 328 4.245e-06 0.904569 0.0625435 2.05423 10066.5
5.8599e-07 1.28834e-06 721920 296 1.493e-06 0.879288 0.0654601 2.00371 10223
5.55926e-07 1.27713e-06 721920 328 1.878e-06 0.88963 0.0612498 2.03723 10507.8
5.39931e-07 1.26644e-06 721920 296 1.374e-06 0.875663 0.0571536 2.03109 10803.8
5.23002e-07 1.26105e-06 721920 328 4.565e-06 0.88702 0.0568039 2.04107 11019.8
5.13415e-07 1.25752e-06 721920 296 1.933e-06 0.889989 0.0580291 2.03313 11209.4
5.01458e-07 1.25481e-06 721920 328 2.038e-06 0.890256 0.0521042 2.03548 11421.9
4.95336e-07 1.25204e-06 721920 296 2.118e-06 0.885887 0.0621304 2.01833 11441.1
4.87436e-07 1.24839e-06 721920 328 1.894e-06 0.874877 0.0784605 2.00652 11159.4
4.79156e-07 1.24584e-06 721920 296 1.931e-06 0.892028 0.0574686 2.02373 11204.2
4.62662e-07 1.23824e-06 721920 335 2.067e-06 0.871978 0.0581332 1.99291 11212.4
4.58501e-07 1.23554e-06 721920 296 1.774e-06 0.884147 0.0534877 2.02219 11359.6
4.48111e-07 1.23485e-06 721920 328 1.605e-06 0.889474 0.059068 2.03712 11396.5
4.46989e-07 1.24124e-06 721920 296 1.626e-06 0.914512 0.0654356 2.04724 11403.6
4.10423e-07 1.25338e-06 193536 25 0.885452 0.251974 0.00568518 1.2621 12907
3.77514e-07 1.23384e-06 193536 25 0.895294 0.223665 0.00422389 1.2478 14006.6
3.87098e-07 1.23667e-06 671232 211 1.632e-06 0.837691 0.0541765 1.79064 14363.4
3.71307e-07 1.23632e-06 685824 341 1.768e-06 0.846956 0.0671697 1.8887 13720.4
3.75612e-07 1.23384e-06 721920 280 1.702e-06 0.883546 0.0600731 2.00006 13606.3
3.70413e-07 1.2361e-06 721920 372 2.7e-06 0.898886 0.0584129 2.07551 12240.3
3.84486e-07 1.23766e-06 721920 296 1.762e-06 0.897995 0.0582082 2.00207 11098.6
3.91164e-07 1.23202e-06 721920 360 2.758e-06 0.873133 0.0561784 2.02312 9970.93
4.14366e-07 1.23059e-06 721920 314 3.745e-06 0.884269 0.0678811 2.03243 9081.28
4.32328e-07 1.23672e-06 721920 352 4.18e-06 0.910521 0.0629863 2.05021 8159.18
4.61538e-07 1.2326e-06 721920 328 2.346e-06 0.877944 0.0439119 2.02388 7400.25
4.91066e-07 1.23059e-06 721920 335 1.653e-06 0.882563 0.049165 2.021 6711.47
5.25835e-07 1.2311e-06 721920 335 1.921e-06 0.890228 0.0612453 2.04964 6097.17
5.63684e-07 1.23145e-06 721920 335 2.309e-06 0.89004 0.0581943 2.03978 5556.23
5.98766e-07 1.23033e-06 721920 352 2.221e-06 0.884964 0.0670013 2.05858 5076.18
6.39416e-07 1.23139e-06 721920 328 2.137e-06 0.892006 0.0547909 2.00359 4647.53
6.82616e-07 1.22968e-06 721920 335 4.172e-06 0.882814 0.0639171 2.01389 4265.42
7.27903e-07 1.22877e-06 721920 335 3.261e-06 0.884432 0.0558883 2.02682 3896.55
7.65975e-07 1.22618e-06 721920 335 1.918e-06 0.877733 0.0572129 2.05337 3786.9
8.00391e-07 1.23222e-06 721920 352 1.745e-06 0.907013 0.0540073 2.0624 3575.38
8.44254e-07 1.23275e-06 721920 328 1.481e-06 0.891473 0.0626406 2.03935 3338.27
8.745e-07 1.23371e-06 721920 335 1.1494e-05 0.893403 0.0656821 2.03903 3381.26
9.16481e-07 1.23106e-06 721920 335 8.488e-06 0.881079 0.0572666 2.01905 2930.17
9.49634e-07 1.22979e-06 721920 335 1.991e-06 0.884151 0.0587249 2.04322 3013.89
9.82708e-07 1.23018e-06 721920 352 3.984e-06 0.889217 0.0538938 2.05331 2710.83
1.03232e-06 1.22697e-06 721920 328 1.87e-06 0.876517 0.0579711 2.00244 2356.54
1.07946e-06 1.22939e-06 721920 335 1.0229e-05 0.894498 0.0566432 2.01398 2179.4
1.12926e-06 1.22733e-06 721920 335 3.276e-06 0.880096 0.0433052 2.03082 2020.59
1.17744e-06 1.22371e-06 721920 335 2.294e-06 0.872967 0.0662845 2.03006 1919.82
1.21972e-06 1.3168e-06 721920 335 1.773e-06 1.21942 0.0624358 2.3676 1878.86
1.1325e-06 1.33325e-06 193536 50 0.882569 0.270764 0.00430439 1.29556 1753.84
1.07433e-06 1.31035e-06 193536 41 0.875207 0.23587 0.00383564 1.24451 1645.6
1.0302e-06 1.28716e-06 193536 45 0.891537 0.231167 0.00276601 1.25833 1555.2
1.00746e-06 1.26737e-06 193536 41 0.864497 0.229961 0.00258656 1.2277 1469.82
9.8692e-07 1.24443e-06 193536 46 0.89312 0.223085 0.00443356 1.26519 1348.52
9.83183e-07 1.24169e-06 193536 36 0.878644 0.238188 0.00329526 1.24764 1302.14
9.74759e-07 1.25352e-06 193536 46 0.880075 0.251763 0.00290239 1.26807 1250.07
8.36111e-07 1.24673e-06 193536 43 0.882496 0.236031 0.00403664 1.25683 8106.68
7.15676e-07 1.24521e-06 193536 45 0.883569 0.23981 0.00334239 1.26873 9686.41
6.73572e-07 1.24764e-06 569856 179 0.29976 0.716526 0.0425252 1.70879 9649.69
6.15067e-07 1.22075e-06 576000 274 0.307726 0.641207 0.0350683 1.73733 9021.3
6.29443e-07 1.22735e-06 660480 196 5.039e-06 0.828073 0.0486264 1.74098 8218.06
6.11804e-07 1.22825e-06 721920 352 6.693e-06 0.889274 0.062279 2.0365 7472.7
5.76563e-07 1.21534e-06 628224 222 0.460092 0.73108 0.0475841 2.00085 10480.1
5.44344e-07 1.24146e-06 592896 273 2.909e-06 0.797989 0.0534833 1.61884 10358
5.48748e-07 1.22894e-06 703488 196 1.719e-06 0.829318 0.0504707 1.74348 10367.4
5.70972e-07 1.22995e-06 721920 314 1.581e-06 0.890861 0.0524884 2.02627 6508.81
5.98409e-07 1.22952e-06 721920 296 4.732e-06 0.886346 0.0565869 2.0019 6162.26
6.22046e-07 1.22571e-06 721920 314 2.334e-06 0.873859 0.0593639 2.01094 5777.26
6.44876e-07 1.22215e-06 721920 296 1.813e-06 0.872025 0.0563976 1.98517 5741.4
8.72987e-07 1.22613e-06 721920 314 2.53e-06 0.89666 0.0558987 2.0031 1031.33
1.08056e-06 1.23757e-06 721920 296 6.12e-06 0.92646 0.0565079 2.01933 855.766
1.25763e-06 1.23382e-06 721920 314 1.794e-06 0.879876 0.0529332 2.00843 747.017
1.40434e-06 1.23428e-06 721920 296 2.369e-06 0.892403 0.0710134 2.00229 759.846
1.24954e-06 1.23255e-06 721920 314 1.477e-06 0.884792 0.0553398 2.02545 6885.09
1.09887e-06 1.24557e-06 521472 206 2.058e-06 0.676702 0.0545949 1.45603 9745.81
1.26197e-06 1.25201e-06 564480 71 2.997e-06 0.72127 0.0517558 1.34053 1212.72
1.34018e-06 1.24975e-06 721920 335 3.448e-06 0.895692 0.0629643 2.02594 1232.49
1.40758e-06 1.24296e-06 721920 296 6.773e-06 0.877722 0.057273 1.95605 1228.57
1.45525e-06 1.24011e-06 721920 352 2.256e-06 0.887032 0.0651451 2.03586 1220.52
1.21277e-06 1.2612e-06 193536 41 0.896688 0.260415 0.00369314 1.28792 9619.93
1.0139e-06 1.24034e-06 193536 41 0.912048 0.223895 0.00257989 1.26834 11304.5
9.79126e-07 1.29644e-06 347136 71 2.797e-06 0.527941 0.0369463 0.917333 7235.42
8.87123e-07 1.29503e-06 334848 133 0.674418 0.431747 0.020891 1.53303 6629.45
8.35557e-07 1.29928e-06 410112 134 0.576348 0.539819 0.0227665 1.61438 6651.26
7.12872e-07 1.29032e-06 193536 104 0.893844 0.242788 0.0025646 1.32056 5540.97
6.2436e-07 1.30607e-06 193536 82 0.862246 0.264962 0.00306468 1.28376 5159.24
5.58337e-07 1.29033e-06 193536 104 0.893741 0.237542 0.00257935 1.30874 4068.31
5.26457e-07 1.29183e-06 193536 89 0.870414 0.251181 0.00365347 1.28186 3186.14
5.02459e-07 1.29492e-06 193536 96 0.881069 0.253006 0.00437176 1.30805 2937.59
4.9027e-07 1.27668e-06 193536 96 0.875376 0.232957 0.0025881 1.27715 2604.31
4.90527e-07 1.27512e-06 193536 91 0.866176 0.245578 0.00447822 1.28624 2439.18
4.92832e-07 1.27796e-06 193536 98 0.885832 0.249528 0.00338218 1.30174 2287.08
4.98198e-07 1.26898e-06 193536 86 0.880232 0.238644 0.00336343 1.27663 2206.8
5.03582e-07 1.25981e-06 193536 98 0.87986 0.236716 0.00258514 1.2901 2076.81
5.19112e-07 1.26477e-06 193536 86 0.875687 0.24862 0.00437056 1.28917 1942.8
5.31148e-07 1.23835e-06 193536 98 1.17362 0.219212 0.00321401 1.57478 1818.62
7.69247e-07 1.2358e-06 721920 219 1.672e-06 0.884769 0.0559663 1.96336 1571.34
9.02881e-07 1.24315e-06 721920 389 1.651e-06 0.918678 0.0623458 2.09395 1534.85
1.04044e-06 1.24169e-06 721920 296 1.923e-06 0.892194 0.0557439 2.01028 1518.54
1.13203e-06 1.2415e-06 721920 372 2.464e-06 0.895706 0.0628508 2.06516 1495.93
1.23692e-06 1.24128e-06 721920 296 4.293e-06 0.895475 0.0657693 2.03029 1420.69
1.29974e-06 1.24455e-06 721920 372 2.721e-06 0.907916 0.0551073 2.07105 1381.36
1.37097e-06 1.2425e-06 721920 296 5.359e-06 0.891073 0.0550094 1.99647 1308.38
1.41557e-06 1.23901e-06 721920 372 2.215e-06 0.884379 0.05275 2.0214 1241.08
1.48195e-06 1.23298e-06 721920 296 9.068e-06 0.872701 0.0537295 1.99555 1165.04
1.52086e-06 1.23318e-06 721920 372 1.699e-06 0.890848 0.061845 2.05771 1119.5
1.57625e-06 1.23368e-06 721920 296 5.798e-06 0.892047 0.0725076 2.00458 1072.29
1.60502e-06 1.2355e-06 721920 372 1.669e-06 0.897199 0.0672006 2.06692 1070.01
1.6506e-06 1.23477e-06 721920 296 1.841e-06 0.889302 0.0740175 2.00293 1010.14
1.67106e-06 1.23787e-06 721920 372 2.297e-06 0.902595 0.0672152 2.06532 1010.7
1.70128e-06 1.23772e-06 721920 296 6.909e-06 0.893085 0.065603 2.01236 1052.96
1.703e-06 1.23702e-06 721920 372 8.166e-06 0.891033 0.0540312 2.04559 1047.36
1.72883e-06 1.23472e-06 721920 296 1.843e-06 0.8847 0.0560862 1.9974 1011.66
1.73195e-06 1.23545e-06 721920 372 1.84e-06 0.894005 0.0741997 2.06066 1009.84
1.77159e-06 1.23872e-06 721920 296 2.48e-06 0.903711 0.0594246 2.02158 865.144
1.78656e-06 1.24381e-06 721920 372 2.02e-06 0.912609 0.0654946 2.07446 862.089
1.84054e-06 1.24131e-06 721920 296 9.246e-06 0.888923 0.0731433 2.01413 673.616
1.86867e-06 1.24311e-06 721920 372 2.095e-06 0.902639 0.0649412 2.06461 673.773
1.87741e-06 1.24009e-06 721920 296 5.275e-06 0.886503 0.0585678 2.00902 864.434
1.85405e-06 1.3852e-06 721920 372 2.188e-06 1.41905 0.0610492 2.03235 830.698
1.68375e-06 1.37725e-06 193536 77 0.870464 0.260392 0.00359356 1.28902 863.879
1.54881e-06 1.33977e-06 193536 69 0.893721 0.230284 0.00316093 1.2744 861.299
1.44066e-06 1.31668e-06 193536 69 0.870988 0.236947 0.00257676 1.25415 836.065
1.34366e-06 1.293e-06 193536 77 0.874899 0.231914 0.00281114 1.26296 913.54
1.26653e-06 1.26604e-06 193536 69 0.884112 0.224146 0.0033576 1.26714 959.462
1.19788e-06 1.27199e-06 193536 77 0.889959 0.250787 0.0041381 1.30106 1021.48
1.13912e-06 1.24725e-06 193536 68 0.885897 0.222233 0.00256722 1.26342 1091.87
1.27552e-06 1.2433e-06 721920 266 1.611e-06 0.886174 0.0542926 1.97096 1076.18
1.35574e-06 1.24414e-06 721920 389 4.177e-06 0.900595 0.0627751 2.05712 1081.2
1.46522e-06 1.24018e-06 721920 296 2.294e-06 0.883864 0.0617813 2.00577 902.773
1.57361e-06 1.23918e-06 721920 372 3.126e-06 0.891714 0.0649979 2.05172 640.035
1.68273e-06 1.23693e-06 721920 296 2.162e-06 0.886459 0.0706013 2.01734 585.924
1.75733e-06 1.23845e-06 721920 372 5.299e-06 0.898445 0.063191 2.05546 597.224
