3.90559e+06		3456.63		1480.92	4.30813e+07
976550		869.569		370.346	1.12384e+07
733152		-23964.2		1050.35	9.85269e+06
3.88521e+06		3460.28		1551.29	5.5315e+07
990657		867.862		397.288	1.23903e+07
735075		-24306.8		1059.46	1.0416e+07
3.88891e+06		3459.61		1581.13	6.14917e+07
993043		867.579		396.112	1.31357e+07
735293		-24403.5		1057.85	1.05691e+07
3.89988e+06		3457.65		1604.61	6.01722e+07
991980		867.705		405.178	1.3639e+07
734539		-24379.7		1051.51	1.08126e+07
3.91213e+06		3455.45		1609.34	6.34449e+07
994611		867.393		404.721	1.38958e+07
733895		-24058.2		1048.98	1.11157e+07
3.90906e+06		3456		1613.57	6.14277e+07
991124		867.806		412.88	1.40633e+07
734158		-24026.6		1048.17	1.13433e+07
3.87272e+06		3462.53		1621.37	5.88631e+07
993630		867.509		413.611	1.42616e+07
734476		-24223		1042.79	1.14805e+07
3.88525e+06		3460.27		1629.83	5.80855e+07
995907		867.241		415.341	1.43479e+07
734039		-24320.3		1045.53	1.17443e+07
3.86908e+06		3463.22		1631.32	5.79078e+07
995636		867.273		416.486	1.43799e+07
734092		-24351.8		1042.91	1.17319e+07
3.87926e+06		3461.39		1635.37	5.70029e+07
997285		867.079		418.028	1.44644e+07
734454		-24165.8		1048.9	1.15018e+07
3.88886e+06		3459.64		1627.32	5.67972e+07
995483		867.291		419.991	1.44798e+07
734236		-23968.1		1051.71	1.15901e+07
3.8985e+06		3457.94		1633.93	5.8526e+07
997601		867.042		420.877	1.44575e+07
734097		-24310.2		1056.81	1.16538e+07
3.89335e+06		3458.87		1632.31	5.78967e+07
999420		866.829		419.586	1.45541e+07
734442		-24529		1054.76	1.17855e+07
3.89774e+06		3458.1		1635.91	5.75215e+07
998234		866.968		419.81	1.46181e+07
734408		-24748.2		1054.22	1.18146e+07
3.88654e+06		3460.13		1634.59	5.88972e+07
997660		867.035		420.357	1.46699e+07
734716		-24999.5		1050.14	1.17657e+07
741914		-112700		1060.51	1.30761e+07
997396		867.066		425.034	1.46594e+07
3.17404e+06		10122.2		1604	5.60312e+07
734603		-24880.2		1067.98	1.48952e+07
998953		866.884		426.322	1.46899e+07
-1.67362e+06		322.627		1580.72	5.38756e+07
-1.67361e+06		322.627		1559.14	5.25933e+07
740050		-60859.8		1060.56	1.47633e+07
997429		867.063		425.317	1.47146e+07
-1.6879e+06		323.289		1556.37	5.10935e+07
734376		-24646.1		1064.86	1.45356e+07
997597		867.044		426.756	1.47054e+07
-1.68741e+06		323.259		1545.46	5.24541e+07
998788		866.904		426.376	1.47295e+07
733798		-23931.6		1063.92	1.44157e+07
-1.687e+06		323.234		1538.56	4.72088e+07
998928		866.888		430.258	1.32566e+07
733900		-24629.2		1071.21	1.29743e+07
-1.68692e+06		323.229		1509.36	4.24881e+07
997634		867.04		429.762	1.19309e+07
733973		-24703.8		1069.81	1.16769e+07
-2.40319e+06		361.437		1504.74	3.82394e+07
998224		866.971		435.978	1.07379e+07
734106		-23448.1		1075.89	1.05094e+07
-2.99796e+06		382.858		1485.7	3.44156e+07
998103		866.985		431.707	9.66415e+06
733667		-23319.7		1070.8	9.45853e+06
3.05347e+06		17238.1		1476.74	3.09742e+07
997473		867.058		433.901	8.69778e+06
733701		-22718		1079.42	8.51279e+06
3.07336e+06		15339.7		1477.69	2.78769e+07
997705		867.031		434.737	7.82805e+06
733528		-22834.6		1080.75	7.66162e+06
3.06708e+06		15921.6		1469.63	2.50893e+07
996794		867.138		434.049	7.04528e+06
733304		-23195.5		1083.59	6.89557e+06
3.06807e+06		15840.3		1463.68	2.25806e+07
997179		867.093		435.836	6.3408e+06
733166		-23369		1085.26	6.20612e+06
3.08203e+06		14687.9		1459.27	2.03226e+07
996942		867.12		435.275	5.70676e+06
733170		-23351.7		1084.43	5.58562e+06
-4.22967e+06		411.431		1455.3	1.82905e+07
996775		867.14		436.656	5.13613e+06
733232		-24258.6		1084.08	5.02716e+06
-4.48252e+06		415.692		1443.33	1.64616e+07
997796		867.02		434.789	4.62256e+06
733425		-24128.5		1080.68	4.52455e+06
-4.68078e+06		418.745		1441.44	1.48156e+07
996927		867.122		437.123	4.16035e+06
733517		-24884.4		1077.87	4.0722e+06
-4.86318e+06		421.371		1434.85	1.33342e+07
997897		867.009		437.075	3.74436e+06
733460		-25636.8		1081.22	3.66509e+06
-5.04372e+06		423.806		1438.45	1.20009e+07
998724		866.912		437.331	3.36997e+06
744925		108653		1078.39	3.29869e+06
-5.16778e+06		425.412		1434.99	1.08009e+07
999737		866.794		436.26	3.03301e+06
751201		28200.5		1080.35	2.96893e+06
-5.359e+06		427.815		1427.28	9.72098e+06
999643		866.805		436.719	2.72976e+06
754108		20684.6		1079.94	2.67214e+06
-5.52117e+06		429.678		1419.29	8.74902e+06
1.00016e+06		866.746		436.788	2.45682e+06
777643		7255.91		1081.58	2.40504e+06
3.10962e+06		12929.5		1417.5	7.87426e+06
1.00102e+06		866.645		438.971	2.21119e+06
760972		13033.4		1081.28	2.16464e+06
3.11495e+06		12625.7		1418.15	7.08697e+06
1.00199e+06		866.532		440.384	1.99011e+06
787771		5678.64		1080.56	1.94829e+06
3.11719e+06		12533.8		1415.62	6.37842e+06
1.00149e+06		866.591		441.859	1.79115e+06
779170		6877.07		1081.19	1.75357e+06
3.10919e+06		12956.2		1407.53	5.74071e+06
1.00112e+06		866.634		442.513	1.61208e+06
761992		12251.8		1080.71	1.57832e+06
3.09991e+06		13482.7		1407.01	5.16678e+06
1.00128e+06		866.614		443.921	1.45092e+06
759978		13610.1		1079.93	1.42059e+06
3.10736e+06		13028		1405.07	4.65024e+06
1.00065e+06		866.688		443.781	1.30587e+06
758654		14628.1		1082.91	1.27864e+06
3.11301e+06		12740.9		1401.46	4.18535e+06
1.00147e+06		866.593		443.203	1.17532e+06
762457		11968.9		1087.16	1.15089e+06
3.10382e+06		13217		1402.66	3.76696e+06
1.00199e+06		866.533		440.914	1.05783e+06
771570		8437.23		1085.81	1.03591e+06
777736		7096.42		1130.46	932473
1.00142e+06		866.599		442.422	952097
3.1038e+06		13217.4		1377.64	3.39038e+06
782366		6350.74		1166.52	839375
1.00102e+06		866.645		437.588	856926
-6.88833e+06		444.261		1344.41	3.05144e+06
786492		5814.99		1195.39	755583
1.00136e+06		866.606		437.715	771278
-3.05843e+06		316.6		1322.12	2.74641e+06
788577		5580.26		1217.24	680166
1.00148e+06		866.592		432.4	694188
-3.04717e+06		315.923		1296.36	2.47188e+06
784422		6079.33		1248.45	612302
916269		1505.31		438.617	624819
3.10379e+06		13211.8		1287.91	2.22481e+06
788474		5599.28		1260.43	551209
933420		1304.68		434.303	562377
3.10647e+06		12909.1		1255.14	2.00242e+06
792381		5198.83		1285.79	496239
933413		1305.14		437.496	506186
3.10647e+06		12909.1		1243.75	1.8023e+06
2.43239e+06		488.427		1301.65	446760
936208		1278.26		434.769	455608
3.10647e+06		12909.1		1223.86	1.62217e+06
2.88363e+06		457.218		1314.47	402227
934508		1297.34		433.536	410089
-3.08015e+06		303.678		1213.82	1.46007e+06
-3.28037e+06		306.474		1201.78	1.31417e+06
2.89166e+06		457.661		1280.93	362102
928002		1367.54		441.467	369132
-3.541e+06		309.954		1207.61	1.18288e+06
2.7507e+06		467.126		1263.62	326003
927574		1378.41		449.405	332271
-3.91781e+06		314.83		1200.82	1.0647e+06
2.55095e+06		481.944		1228.15	293493
2.13609e+06		253.633		450.371	299090
-3.99887e+06		314.451		1224.35	958378
2.14263e+06		253.57		446.319	269222
2.37818e+06		498.04		1219.38	264258
-4.10759e+06		315.82		1233.62	862672
2.17339e+06		252.918		444.731	242342
3.18318e+06		448.261		1201.18	237936
-4.11784e+06		315.297		1259.67	776554
3.16333e+06		449.691		1186.32	214248
2.1687e+06		252.97		454.989	218163
-4.07759e+06		315.477		1299.71	699064
3.16333e+06		449.691		1155.75	192911
2.18649e+06		252.501		455.344	196392
-4.08492e+06		315.356		1352.46	629341
2.18813e+06		252.452		453.325	176797
2.16407e+06		523.84		1142.61	173722
-4.10627e+06		314.634		1397.7	566587
2.20651e+06		251.946		450.803	159160
2.08211e+06		534.462		1134.13	156456
-4.10912e+06		314.359		1437.28	510108
2.2177e+06		251.63		447.985	143286
1.98817e+06		548.03		1125.15	140915
-4.11998e+06		313.779		1473.84	459277
2.24812e+06		250.858		446.35	129001
1.98551e+06		548.41		1118.01	126929
-4.14043e+06		314.529		1501.82	413525
2.26093e+06		250.724		437.239	116136
802429		4453.99		1110.56	114340
-4.12857e+06		314.204		1531.45	372352
2.26794e+06		250.543		439.991	104569
760963		12393.6		1099.12	103006
-4.05841e+06		314.576		1558.49	335297
2.27605e+06		250.398		438.756	94154.9
736251		-69188.3		1092.3	92808.1
-4.05269e+06		313.98		1581.83	301947
2.27532e+06		250.068		437.725	84782.2
739588		718176		1085.04	83629.3
-4.0086e+06		313.846		1604.12	271932
2.29714e+06		249.522		436.289	76346.3
2.28603e+06		502.913		1078.44	75368.3
3.01079e+06		448.539		1068.28	67929.1
-4.0086e+06		313.846		1628.52	244924
2.3198e+06		248.758		436.468	68755.5
840254		2797.9		1012.24	61187
-4.85338e+06		342.877		1585.17	220551
2.33068e+06		248.584		418.511	61905.6
-4.85338e+06		342.877		1591.35	198661
2.33416e+06		248.412		421.898	55760.3
847814		2599.66		1020.16	55177.4
-5.07297e+06		338.115		1596.49	178959
2.35672e+06		247.986		422.137	50226.7
848869		2581.99		1020.55	49762.1
-5.1689e+06		336.988		1596.7	161223
2.36767e+06		247.912		425.3	45249.4
850353		2546.46		1030.26	44897.7
2.99595e+06		447.687		1070.21	40550.9
2.37666e+06		247.79		426.027	40767.7
-5.37434e+06		332.477		1540.73	145204
3.45779e+06		428.679		1108.34	36640.9
2.40291e+06		247.252		425.146	36732.7
-6.59106e+06		342.951		1505.73	130803
2.3936e+06		487.206		1076.28	33055.6
-1.14618e+07		356.43		1493.22	117861
2.38916e+06		247.687		421.261	33098
-1.60276e+07		368.692		1474.73	106205
2.25712e+06		500.936		1108.06	29889.5
2.41453e+06		247.127		422.687	29831.8
1.57916e+07		401.281		1428.03	95685.7
2.26288e+06		499.216		1109.28	27012.5
2.41287e+06		247.203		412.886	26881.1
2.01488e+06		531.814		1195.29	24508.2
2.42561e+06		246.979		420.896	24242.3
1.16851e+07		409.148		1396.81	86228.7
1.94235e+06		544.616		1265.9	22247.5
2.43453e+06		246.927		410.001	21849.2
3.95427e+06		470.087		1338.38	77687.1
1.67542e+06		606.412		1332.91	20216.4
2.44374e+06		246.805		409.864	19705.2
3.15153e+06		494.589		1317.3	70031.1
1.45684e+06		693.519		1393.06	18388.2
2.37201e+06		248.317		408.849	17774.6
2.37629e+06		546.711		1283.95	63126.4
1.40278e+06		725.48		1447.13	16742.7
2.3277e+06		248.983		409.537	16038.7
2.0155e+06		590.416		1258.13	56916.3
1.32692e+06		785.966		1496.93	15263
2.3073e+06		249.527		407.927	14474.2
1.19923e+06		1072.57		1240.19	51332.5
1.29401e+06		821.437		1544.37	13933.8
2.22205e+06		251.774		406.196	13065.9
1.10886e+06		1254.97		1213.34	46296.5
1.26211e+06		860.043		1584.1	12734.6
2.2214e+06		251.741		410.112	11803.8
1.07189e+06		1346.89		1197.08	41771.9
1.24882e+06		882.962		1617.54	11653
2.15121e+06		253.969		404.478	10658.8
1.01193e+06		1565.9		1172.08	37689.4
1.22059e+06		926.091		1647.67	10679.6
2.15899e+06		253.742		406.28	9635.17
990768		1653.89		1161.29	34026.9
1.19392e+06		984.943		1670.28	9799
2.12583e+06		254.817		410.93	8716.93
947661		1924.58		1138.13	30717.2
1.16701e+06		1044.97		1696.48	9012.32
2.12276e+06		254.848		409.855	7885.25
922899		2139.66		1130.64	27751.8
928404		2074.48		1143.14	25102.2
2.08762e+06		255.954		411.204	7139.06
1.087e+06		1226.43		1614.51	8198.77
924095		2124.91		1179.96	22743.1
2.08403e+06		256.509		418.649	6473.72
1.07481e+06		1280.12		1569.98	7495.81
926418		2097.45		1208.56	20615.4
2.09171e+06		256.323		419.379	5868.94
1.06268e+06		1315.64		1515.76	6849.01
947126		1913.65		1232.14	18698.3
2.09278e+06		256.847		424.602	5329.21
1.04818e+06		1350.84		1474.06	6273.99
967877		1785.5		1231.99	16951.5
2.13245e+06		256.122		426.286	4840.43
1.01617e+06		1451.67		1425.82	5745.75
986306		1677.53		1253.46	15401
2.13406e+06		256.533		434.197	4406.93
998612		1517.25		1394.88	5282.82
1.00857e+06		1588.39		1258.71	13991.5
2.16533e+06		255.843		432.695	4008.15
970584		1658.7		1354.2	4853.35
1.03202e+06		1478.19		1279.15	12738.7
2.17154e+06		256.56		437.259	3655.17
947358		1809.9		1330.91	4480.14
1.09388e+06		1271.64		1276.36	11589.9
2.21879e+06		255.258		436.816	3332.94
920271		2030.62		1302.34	4136.64
1.13412e+06		1172.47		1300.44	10582.7
2.23162e+06		256.335		441.216	3047.73
904469		2191.08		1288.46	3839.34
1.21422e+06		1020.51		1300.12	9654.11
2.27434e+06		255.705		441.147	2787.01
884645		2416.02		1260.46	3556.25
1.92292e+06		574.449		1315.61	8834.2
2.36549e+06		254.115		442.974	2554.25
871970		2372.18		1248.56	3314.77
2.04004e+06		552.819		1312.16	8078.89
954217		2548.79		442.961	2343.11
851246		2706.46		1230.19	3089.78
2.11812e+06		540.475		1326.8	7416.86
953410		2593		452.216	2162.35
847454		2720.93		1217.95	2891.58
2.11879e+06		540.571		1323.16	6804.21
953611		2588.56		448.833	1987.95
854785		2546.75		1197.18	2703.45
2.11466e+06		541.343		1337.45	6270.4
957631		2402.16		451.857	1837.06
852097		2600.81		1189.06	2544.7
2.26261e+06		518.417		1326.73	5766.38
957808		2385.78		449.299	1695.98
840164		2839.24		1178.57	2398.64
2.50124e+06		490.321		1341.57	5337.25
955676		2475.9		452.661	1574.68
838630		2864.96		1173.9	2271.97
2.54547e+06		485.942		1340.31	4936.43
955339		2475.07		450.22	1460.03
797161		4580.49		1157.34	2145.6
2.65817e+06		475.617		1348.13	4584.64
958085		2371.46		451.245	1360.08
796073		4682.55		1153.94	2043.38
2.78051e+06		465.525		1361.52	4274.38
958763		2374.55		449.877	1267.83
745592		36144		1144.89	1945.38
2.91719e+06		455.91		1380.57	4002.14
958647		2401.88		453.222	1189.38
745661		35743.6		1145	1865.45
3.0473e+06		447.439		1370.99	3730.4
957932		2401.45		448.93	1111.47
793701		4882.69		1133.95	1782.35
3.2057e+06		438.776		1388.17	3511.65
785622		5832.68		1131.7	1715.26
958999		2340.97		449.729	1046.01
806503		4183.2		1205.11	1730.32
958437		2345.17		452.234	988.891
3.09762e+06		442.398		1355.93	3267.05
814861		3786.8		1264.76	1737.44
957904		2356.08		444.521	927.512
3.02961e+06		443.117		1325.28	3045.29
814861		3786.8		1316.21	1741.62
958561		2349.4		436.602	871.294
2.79032e+06		450.946		1294.36	2842.37
850112		2933.28		1367.08	1749.95
958552		2349.39		434.534	825.757
2.7223e+06		454.256		1274.85	2668.06
874143		2588.97		1410.14	1754.72
959602		2325.29		428.557	780.658
2.61992e+06		457.588		1249.18	2503.07
900488		2248.11		1454.91	1765.04
963175		2206.68		433.393	750.284
2.55007e+06		465.278		1230.38	2358.88
927994		1993.67		1486.39	1765.51
957854		2350.88		432.591	717.792
2.40425e+06		474.606		1205.15	2220.8
2.42664e+06		472.038		1213.55	2127.64
958904		2314.59		429.48	686.161
916011		2114.59		1428.99	1680.19
2.46082e+06		468.649		1236.52	2059.2
960410		2269.41		434.808	665.821
914224		2151.77		1397.01	1623.09
2.60366e+06		457.463		1247.32	1987.72
958336		2314.56		433.753	641.665
853363		3134.07		1357.05	1560.52
3.70187e+06		400.384		1279.6	1945.96
956894		2365.01		436.938	624.058
763220		11690.5		1330.85	1513.98
5.19488e+06		367.769		1276.9	1876.63
958350		2318.25		436.176	604.585
743995		73652.9		1294.63	1459.45
2.58782e+07		319.296		1300	1839.76
961891		2196.66		439.707	591.274
744997		52033.1		1280.58	1428.92
