1.19443e-07 1.47754e-07 255360 55 0.0247765 0.0377305 0.0954352
3.01707e-07 6.69634e-07 255360 55 0.0644832 0.170998 0.278468
3.12093e-07 2.83646e-07 174240 29 0.0603167 0.0731002 0.195761
-4.5916e-08 4.59544e-07 80640 13 0.145024 0.0201159 0.180301
2.19076e-07 2.36295e-07 80640 6 0.115133 0.011418 0.131916
-2.14985e-07 3.44478e-07 80640 8 0.173865 0.0092208 0.201293
-6.56961e-08 3.56157e-07 226560 92 1.353e-06 0.0886289 0.121384
2.46756e-07 3.33585e-07 161280 0 0.0654389 0.100874 0.198784
2.33692e-07 3.28701e-07 161280 0 0.126093 0.0498616 0.192218
-3.39001e-08 3.20385e-07 161280 0 0.166222 0.0285948 0.220292
2.07233e-07 3.91476e-07 161280 0 0.0788175 0.11376 0.206108
7.26105e-08 3.54933e-07 226560 0 3.506e-06 0.11955 0.181379
1.85645e-07 4.14183e-07 161280 0 0.0581045 0.0887719 0.153287
1.28868e-07 3.8379e-07 226560 0 1.448e-06 0.126179 0.185439
1.7617e-07 4.20921e-07 161280 0 0.0826707 0.0754938 0.183784
1.18263e-07 3.5761e-07 80640 0 0.16818 0.0140595 0.186843
1.68669e-07 4.00238e-07 161280 0 0.129043 0.0378635 0.180962
1.23596e-07 3.4758e-07 161280 0 0.107519 0.0431167 0.179991
1.73121e-07 3.82984e-07 161280 0 0.0720105 0.036724 0.149056
1.50618e-07 3.67795e-07 226560 0 1.479e-06 0.124546 0.185031
1.7813e-07 3.68376e-07 161280 0 0.0790912 0.0358524 0.160335
1.5961e-07 3.71599e-07 80640 0 0.13726 0.033033 0.193038
1.80482e-07 3.62302e-07 161280 0 0.0670388 0.0545134 0.128495
1.62116e-07 3.6379e-07 80640 0 0.115018 0.0268172 0.156212
1.55845e-07 3.65447e-07 161280 0 0.0732956 0.0609683 0.145595
2.01797e-07 3.64099e-07 80640 0 0.1462 0.0294605 0.209023
1.46501e-07 3.63461e-07 161280 0 0.109075 0.0573379 0.173179
1.70282e-07 3.69327e-07 80640 0 0.161075 0.0314691 0.197547
1.27908e-07 3.60573e-07 161280 0 0.0953848 0.0562896 0.178485
1.62909e-07 3.69402e-07 161280 0 0.102076 0.0596254 0.178642
1.44809e-07 3.87753e-07 226560 38 1.876e-06 0.112481 0.141934
1.36535e-07 3.18564e-07 80640 0 0.113798 0.00929081 0.126383
1.39509e-07 3.40472e-07 161280 0 0.0684991 0.0244097 0.112889
1.32094e-07 3.13874e-07 161280 0 0.0630182 0.0475956 0.121644
1.31614e-07 3.33388e-07 226560 38 1.5e-06 0.0691118 0.10778
1.17917e-07 3.30146e-07 161280 0 0.112011 0.0637433 0.182948
1.44074e-07 3.55266e-07 226560 38 1.542e-06 0.100316 0.147117
1.15157e-07 3.13476e-07 161280 0 0.114586 0.0398034 0.176041
1.48381e-07 3.4943e-07 226560 38 1.363e-06 0.0738784 0.136563
1.48471e-07 3.20482e-07 226560 0 1.394e-06 0.0789578 0.0973745
1.63202e-07 3.36433e-07 161280 0 0.0937819 0.045875 0.168438
1.84707e-07 3.25738e-07 226560 0 1.389e-06 0.0785624 0.103946
1.63885e-07 3.37292e-07 226560 38 1.482e-06 0.0771951 0.1131
1.64443e-07 3.20387e-07 161280 0 0.101859 0.0482198 0.187087
1.57505e-07 3.25375e-07 226560 38 1.359e-06 0.0629172 0.0902046
1.89214e-07 3.1176e-07 226560 0 1.501e-06 0.0628144 0.100603
1.52191e-07 3.24467e-07 161280 0 0.0730468 0.0517441 0.138879
2.09607e-07 3.1154e-07 226560 0 2.611e-06 0.0703833 0.0983624
1.4225e-07 3.16688e-07 226560 38 1.262e-06 0.0646992 0.0978697
2.44336e-07 3.33886e-07 226560 0 1.381e-06 0.095896 0.120451
1.39142e-07 3.17512e-07 226560 38 1.383e-06 0.0726829 0.0897725
2.25026e-07 3.38344e-07 80640 0 0.121972 0.0287218 0.173702
1.92652e-07 3.14594e-07 161280 0 0.102619 0.0488551 0.202796
1.88313e-07 3.48424e-07 80640 0 0.109542 0.0313483 0.146404
2.14247e-07 3.29501e-07 161280 0 0.0762534 0.0627585 0.15813
1.56728e-07 3.14797e-07 80640 0 0.112011 0.0145385 0.129767
1.81608e-07 3.60703e-07 80640 12 0.115625 0.0391517 0.163254
1.46994e-07 2.94914e-07 80640 0 0.141298 0.0173685 0.169801
1.75247e-07 3.51475e-07 80640 12 0.0906161 0.0253665 0.137693
1.37489e-07 3.03261e-07 161280 0 0.0606961 0.0542946 0.121355
1.46707e-07 3.24472e-07 80640 12 0.104201 0.0174551 0.129381
1.59119e-07 3.25796e-07 161280 0 0.0685392 0.0670825 0.14909
1.26204e-07 3.62654e-07 80640 12 0.151554 0.0415605 0.201961
1.49493e-07 2.95702e-07 80640 0 0.151665 0.0141383 0.192896
1.15085e-07 4.82326e-07 80640 12 0.174855 0.0774962 0.268315
2.27384e-07 3.70391e-07 226560 0 1.168e-06 0.151601 0.175755
1.14359e-07 5.01547e-07 80640 12 0.120914 0.0466445 0.201182
2.29129e-07 3.7008e-07 80640 0 0.16482 0.0297431 0.216532
1.04782e-07 4.59e-07 80640 12 0.137511 0.0232898 0.170406
1.99589e-07 3.29654e-07 80640 0 0.136929 0.0135433 0.158306
9.48999e-08 4.00339e-07 80640 12 0.0821997 0.0133617 0.109634
1.8128e-07 2.96469e-07 161280 0 0.0854822 0.0264062 0.13681
9.51283e-08 4.71677e-07 80640 12 0.16082 0.0610467 0.25545
2.12123e-07 3.42399e-07 226560 0 1.407e-06 0.119198 0.155511
9.08029e-08 4.46393e-07 80640 12 0.14652 0.0278417 0.190193
1.9964e-07 3.39771e-07 80640 0 0.13124 0.0265514 0.176044
8.74821e-08 4.12584e-07 80640 12 0.0836179 0.0223652 0.121284
1.68418e-07 3.69825e-07 80640 0 0.115501 0.039517 0.157277
7.95889e-08 3.87376e-07 80640 12 0.0969826 0.0231071 0.146674
2.11603e-07 3.61856e-07 80640 0 0.130923 0.0266094 0.183856
7.07708e-08 3.80619e-07 80640 12 0.20646 0.0285135 0.244326
1.83695e-07 3.37906e-07 80640 0 0.183196 0.0195233 0.209769
7.08457e-08 3.57691e-07 80640 12 0.102295 0.0214488 0.139866
1.86279e-07 3.50502e-07 161280 0 0.0597084 0.064655 0.137311
7.98689e-08 3.8137e-07 161280 0 0.0608295 0.0767828 0.153222
1.55203e-07 3.3457e-07 80640 0 0.161314 0.0218406 0.186433
7.81395e-08 3.84386e-07 80640 12 0.127209 0.0319699 0.179396
2.02036e-07 3.39425e-07 226560 0 1.437e-06 0.0813007 0.143488
7.4747e-08 3.93955e-07 80640 12 0.111445 0.0348552 0.157572
1.98706e-07 3.37874e-07 161280 0 0.0785422 0.053491 0.155971
6.44514e-08 3.76204e-07 80640 12 0.103612 0.0246112 0.137193
1.65662e-07 2.95663e-07 80640 0 0.176016 0.0102268 0.19798
6.22776e-08 3.6194e-07 80640 12 0.0984841 0.0245858 0.126793
2.24706e-07 3.49541e-07 226560 0 1.588e-06 0.128018 0.17559
6.49126e-08 3.41183e-07 80640 12 0.10744 0.0208175 0.145482
1.97457e-07 3.34166e-07 80640 0 0.133768 0.021988 0.173245
6.15498e-08 3.62284e-07 80640 12 0.140453 0.0360209 0.19216
2.1009e-07 3.26127e-07 161280 0 0.0955549 0.0474118 0.189654
7.06441e-08 3.46034e-07 80640 12 0.0994721 0.0226626 0.154177
1.74857e-07 3.60332e-07 80640 0 0.11674 0.0400903 0.160364
6.24398e-08 3.13748e-07 80640 12 0.111464 0.0148866 0.132184
1.81399e-07 4.65733e-07 80640 0 0.144331 0.0715549 0.236959
5.5595e-08 3.3243e-07 80640 12 0.129186 0.0328331 0.167814
1.51476e-07 4.66165e-07 80640 0 0.135549 0.0377309 0.183394
5.78651e-08 3.4111e-07 80640 12 0.0972779 0.030307 0.146704
1.40869e-07 4.01672e-07 80640 0 0.111557 0.0115878 0.144658
5.14832e-08 3.13006e-07 80640 12 0.11794 0.0161754 0.139055
1.56489e-07 3.48347e-07 80640 0 0.104552 0.0108902 0.137853
5.42009e-08 3.28351e-07 80640 12 0.0938553 0.0314279 0.136282
1.32122e-07 3.23383e-07 80640 0 0.0978628 0.0180254 0.119705
6.68352e-08 3.40518e-07 80640 12 0.0926195 0.0313839 0.149175
1.12193e-07 3.40683e-07 80640 0 0.103502 0.0330527 0.140507
6.35781e-08 3.25554e-07 80640 12 0.0943346 0.0214258 0.12828
1.05087e-07 3.3579e-07 80640 0 0.0955502 0.0255 0.130346
6.28944e-08 3.21256e-07 80640 12 0.111446 0.0245197 0.145947
8.98417e-08 3.22696e-07 80640 0 0.125329 0.0217985 0.163091
7.07246e-08 3.13071e-07 80640 12 0.117434 0.0226061 0.173933
8.71975e-08 3.35751e-07 80640 0 0.138253 0.0312861 0.177116
6.19893e-08 3.3606e-07 80640 12 0.134417 0.0345152 0.177638
7.59306e-08 3.72891e-07 80640 0 0.14919 0.0420496 0.197875
7.01414e-08 3.38857e-07 80640 12 0.126821 0.0282275 0.171661
6.709e-08 3.58081e-07 80640 0 0.151881 0.0240987 0.18095
6.2096e-08 3.37211e-07 80640 12 0.154913 0.0266618 0.189805
5.972e-08 3.2057e-07 80640 0 0.16181 0.0137513 0.178819
6.85459e-08 3.29792e-07 80640 12 0.114574 0.0242013 0.165877
7.01606e-08 2.89637e-07 161280 0 0.0501383 0.0267572 0.090244
7.02172e-08 3.69501e-07 80640 12 0.124118 0.042605 0.189012
1.47571e-07 2.94398e-07 226560 0 1.663e-06 0.071013 0.1292
6.55143e-08 3.46294e-07 80640 12 0.180146 0.0204395 0.228578
1.30844e-07 2.92218e-07 161280 0 0.113582 0.0457227 0.176767
1.0033e-07 3.06097e-07 161280 0 0.109035 0.0234354 0.168412
1.36753e-07 2.92492e-07 161280 0 0.130561 0.0473502 0.210829
1.59458e-07 3.02772e-07 226560 38 1.403e-06 0.0655829 0.159841
1.89829e-07 2.9227e-07 226560 0 1.195e-06 0.0660146 0.129124
1.84284e-07 2.97865e-07 226560 38 1.595e-06 0.0630374 0.0888544
2.10926e-07 2.8901e-07 226560 0 2.83e-06 0.0625236 0.0818276
2.17157e-07 3.03496e-07 226560 38 1.421e-06 0.0738633 0.172206
2.21122e-07 3.30069e-07 226560 0 1.277e-06 0.11199 0.131433
2.04837e-07 3.38227e-07 161280 0 0.0634775 0.0769546 0.157622
2.08621e-07 3.36677e-07 161280 0 0.0655669 0.0585619 0.139786
2.49502e-07 3.72014e-07 161280 0 0.0580186 0.081795 0.157849
1.75914e-07 3.01342e-07 80640 0 0.11327 0.0129025 0.131347
2.1945e-07 3.54954e-07 80640 12 0.136954 0.0231208 0.173306
1.70966e-07 3.28776e-07 161280 0 0.0992452 0.0707238 0.195126
2.16689e-07 3.60143e-07 80640 12 0.167385 0.0307158 0.220687
1.48937e-07 3.04946e-07 80640 0 0.11732 0.0169043 0.144167
1.85159e-07 3.58771e-07 80640 12 0.10635 0.0284888 0.141971
1.25157e-07 2.66355e-07 80640 0 0.101488 0.00903082 0.113739
1.9469e-07 5.42329e-07 80640 12 0.158442 0.102942 0.27486
2.08257e-07 3.41857e-07 226560 0 1.158e-06 0.145874 0.168183
