0.161129
0.196479
0.162858
0.254451
0.214015
0.299238
0.170307
0.18429
0.24472
0.158779
0.160637
0.198095
0.185611
0.250753
0.191454
0.261949
0.149224
0.190357
0.204573
0.185619
0.172626
0.160098
0.128878
0.157743
0.156365
0.152058
0.203168
0.181022
0.16679
0.138236
0.130217
0.202387
0.2687
0.201768
0.170988
0.110072
0.256017
0.190599
0.163439
0.14709
0.244792
0.140515
0.181147
0.179829
0.15805
0.138053
0.127239
0.165295
0.19259
0.154812
0.172232
0.168621
0.14754
0.14568
0.140001
0.150801
0.130692
0.148095
0.181861
0.17922
0.172732
0.191832
0.202478
0.190635
0.230126
0.179031
0.161448
0.151139
0.174118
0.184391
0.16869
0.174581
0.221725
0.142904
0.276387
