0.388188
0.185048
0.201583
0.168046
0.232052
0.238038
0.186635
0.195949
0.181301
0.201915
0.193451
0.156709
0.209448
0.198347
0.214603
0.164525
0.142248
0.205291
0.191667
0.164222
0.18236
0.194176
0.153601
0.166312
0.142373
0.175286
0.146788
0.130918
0.170577
0.155293
0.155762
0.193277
0.21144
0.216939
0.158756
0.137948
0.191933
0.176543
0.158518
0.184362
0.210421
0.158507
0.187087
0.164661
0.157774
0.198524
0.201233
0.173788
0.190733
0.16099
0.237504
0.183961
0.145227
0.138352
0.121496
0.141258
0.130816
0.1636
0.177804
0.198436
0.181509
0.17936
0.109286
0.130217
0.193506
0.237072
0.181503
0.163493
0.185138
0.162097
0.144623
0.195714
0.144949
0.140681
0.219463
