3.42311e-07 1.86922e-07 132480 55 6.541e-06 0.0247634 0.128776
2.66839e-07 4.86712e-07 132480 55 1.956e-06 0.0644796 0.13285
1.54153e-07 2.56394e-07 80640 13 0.133419 0.0262779 0.170242
2.21279e-07 4.33681e-07 161280 0 0.0836308 0.0613911 0.153515
2.05736e-07 2.78459e-07 161280 0 0.0631046 0.0520268 0.162588
2.03325e-07 3.918e-07 161280 0 0.124183 0.0496804 0.18745
2.14269e-07 3.65405e-07 161280 0 0.0886329 0.0461619 0.167763
1.6392e-07 4.41636e-07 80640 13 0.166315 0.0750894 0.253785
1.43314e-07 4.156e-07 80640 9 0.175957 0.0251156 0.213723
1.9423e-07 3.43122e-07 80640 0 0.194818 0.0204818 0.23176
2.01489e-07 3.76641e-07 161280 0 0.119562 0.0877738 0.218175
1.26786e-07 5.29228e-07 80640 10 0.192583 0.0884919 0.298234
1.24355e-07 4.76428e-07 80640 12 0.146878 0.0128722 0.169993
1.77004e-07 3.62593e-07 80640 0 0.150627 0.0224425 0.173587
1.14109e-07 4.36069e-07 80640 12 0.158166 0.0123832 0.178103
1.75347e-07 3.48348e-07 161280 0 0.128079 0.0401001 0.195669
1.06973e-07 4.8318e-07 80640 12 0.166909 0.0693555 0.243963
2.21539e-07 3.62372e-07 226560 0 1.276e-06 0.107517 0.172761
1.02977e-07 4.80352e-07 80640 12 0.108737 0.0366829 0.157187
2.02395e-07 3.67754e-07 80640 0 0.161626 0.0335616 0.201612
1.04808e-07 4.51558e-07 80640 12 0.114945 0.0131941 0.14654
1.93172e-07 3.54064e-07 161280 0 0.102234 0.0350246 0.153661
1.00021e-07 5.01741e-07 80640 12 0.121554 0.0566477 0.197743
2.51147e-07 3.60851e-07 226560 0 3.56e-06 0.0879051 0.155572
8.54457e-08 5.01145e-07 80640 12 0.13427 0.0402198 0.179123
2.11689e-07 3.26601e-07 161280 0 0.115619 0.0305791 0.166325
2.70889e-07 3.73006e-07 226560 0 1.259e-06 0.126562 0.16043
8.15995e-08 5.47284e-07 80640 12 0.166416 0.0590158 0.250353
7.43432e-08 5.00729e-07 80640 12 0.151676 0.0253618 0.191093
2.68851e-07 3.39875e-07 80640 0 0.161703 0.0167209 0.214245
8.32375e-08 5.2367e-07 80640 12 0.163317 0.0496285 0.260682
2.96749e-07 3.52973e-07 226560 0 1.283e-06 0.0918398 0.164128
7.89407e-08 5.17102e-07 80640 12 0.0929101 0.0395805 0.148736
2.55954e-07 3.2613e-07 80640 0 0.110616 0.0176405 0.141132
6.98842e-08 4.82801e-07 80640 12 0.144524 0.0278692 0.189986
2.12455e-07 3.21696e-07 80640 0 0.175756 0.0245115 0.204824
5.87514e-08 4.89807e-07 80640 12 0.152696 0.0417578 0.204146
2.6958e-07 3.58507e-07 226560 0 1.881e-06 0.114583 0.147406
5.3563e-08 4.97089e-07 80640 12 0.120714 0.0424342 0.185187
2.34479e-07 3.56254e-07 161280 0 0.0789617 0.0560028 0.150447
4.70781e-08 4.57393e-07 80640 12 0.139658 0.0240799 0.172017
2.19198e-07 3.18255e-07 80640 0 0.141834 0.0134071 0.18187
4.3463e-08 4.015e-07 80640 12 0.136138 0.0143481 0.159334
2.39709e-07 3.44515e-07 226560 0 1.35e-06 0.101851 0.126924
4.23909e-08 3.94826e-07 80640 12 0.0913407 0.0296859 0.12842
1.97613e-07 3.12557e-07 80640 0 0.10818 0.0148963 0.126458
3.92238e-08 3.80663e-07 80640 12 0.124792 0.0261285 0.156725
1.86341e-07 3.18537e-07 161280 0 0.0703875 0.0552313 0.149128
4.1474e-08 3.35245e-07 80640 12 0.115164 0.0123842 0.138724
1.6058e-07 2.90058e-07 161280 0 0.0958992 0.0284081 0.134592
4.2701e-08 2.95614e-07 80640 12 0.124897 0.0110548 0.144773
2.21086e-07 3.02689e-07 226560 0 1.323e-06 0.0800244 0.132226
1.45479e-08 3.27072e-07 226560 38 1.541e-06 0.10261 0.128834
2.08453e-07 3.07907e-07 161280 0 0.0565149 0.0530256 0.1208
-4.46976e-09 3.27978e-07 80640 12 0.139013 0.0267405 0.180474
1.89411e-07 2.98967e-07 161280 0 0.0695563 0.0424501 0.130565
3.40818e-08 3.15454e-07 161280 0 0.072827 0.0427968 0.155012
1.70718e-07 3.18841e-07 161280 0 0.0770522 0.0642436 0.158903
4.87843e-08 2.8674e-07 161280 0 0.0628935 0.0277211 0.109456
1.43984e-07 3.38897e-07 80640 0 0.114993 0.0337978 0.154877
1.175e-07 2.96437e-07 226560 38 1.376e-06 0.0759486 0.110951
1.30393e-07 3.02461e-07 80640 0 0.135623 0.0126378 0.155169
1.27579e-07 3.36139e-07 161280 0 0.0717272 0.0798256 0.172017
1.56051e-07 3.34369e-07 161280 0 0.0771518 0.0745114 0.185417
1.32279e-07 3.59622e-07 161280 0 0.101705 0.073149 0.198486
1.32246e-07 3.14637e-07 80640 0 0.186501 0.0190075 0.211019
1.4296e-07 3.60505e-07 161280 0 0.062201 0.0587116 0.141929
1.62886e-07 3.27056e-07 161280 0 0.104059 0.0607593 0.214519
1.41037e-07 3.63622e-07 161280 0 0.0768539 0.0606557 0.165153
1.44952e-07 3.07779e-07 161280 0 0.0997238 0.0372024 0.149337
1.2855e-07 3.30234e-07 161280 0 0.0504769 0.0317208 0.10365
1.7058e-07 3.21681e-07 226560 0 1.485e-06 0.085479 0.126314
1.51349e-07 3.52314e-07 161280 0 0.0897528 0.0710659 0.18098
1.55803e-07 3.10512e-07 80640 0 0.161169 0.0214369 0.191304
1.39268e-07 3.38302e-07 161280 0 0.100995 0.045522 0.161428
1.36393e-07 2.85504e-07 161280 0 0.101325 0.0299132 0.13779
2.25511e-07 3.17334e-07 226560 38 1.43e-06 0.0528929 0.162915
1.6042e-07 2.94695e-07 226560 0 4.162e-06 0.0750948 0.110199
2.03426e-07 2.98052e-07 161280 0 0.0613445 0.0356309 0.128914
1.56531e-07 3.21915e-07 226560 0 1.159e-06 0.0976018 0.127933
2.37585e-07 3.33439e-07 226560 38 1.632e-06 0.107612 0.128362
1.43618e-07 3.16764e-07 161280 0 0.13543 0.0477646 0.200056
2.22303e-07 2.95493e-07 226560 38 1.293e-06 0.0325593 0.0710385
1.93088e-07 3.06117e-07 226560 0 2.147e-06 0.0597046 0.111517
2.23249e-07 2.9009e-07 226560 38 1.736e-06 0.0608258 0.119484
1.85979e-07 3.35032e-07 226560 0 8.545e-06 0.102109 0.122922
2.23317e-07 2.95469e-07 226560 38 1.393e-06 0.0718164 0.114323
1.86336e-07 3.20642e-07 161280 0 0.0813037 0.0424296 0.152559
2.26057e-07 2.94192e-07 226560 38 1.486e-06 0.0654953 0.132677
1.71313e-07 3.25845e-07 226560 0 1.682e-06 0.0785388 0.0962748
2.23982e-07 2.9134e-07 226560 38 1.729e-06 0.0634213 0.110849
2.29795e-07 3.5218e-07 226560 0 1.48e-06 0.103655 0.135506
2.24092e-07 3.02972e-07 226560 38 1.601e-06 0.0791821 0.123478
1.99226e-07 3.40687e-07 80640 0 0.168194 0.0237661 0.200735
2.36344e-07 2.82571e-07 161280 0 0.0750272 0.0324118 0.164751
1.76289e-07 3.02051e-07 161280 0 0.109976 0.0237898 0.142808
2.39922e-07 2.84274e-07 226560 38 1.629e-06 0.0659491 0.125466
1.95916e-07 3.25982e-07 226560 0 7.611e-06 0.0955416 0.12168
2.39664e-07 2.7799e-07 226560 38 1.262e-06 0.0572866 0.127533
1.7297e-07 2.99742e-07 161280 0 0.0853197 0.0314145 0.128536
2.60626e-07 2.88416e-07 226560 38 1.518e-06 0.074792 0.171523
1.92281e-07 3.29416e-07 226560 0 1.048e-06 0.101524 0.13688
2.40446e-07 3.0893e-07 226560 38 1.243e-06 0.0885821 0.107639
1.78074e-07 3.25122e-07 161280 0 0.085882 0.0496653 0.156537
2.12078e-07 2.85531e-07 161280 0 0.0663217 0.0309548 0.113442
1.9127e-07 3.37295e-07 226560 0 4.218e-06 0.0874497 0.110901
2.07336e-07 2.986e-07 226560 38 1.565e-06 0.0794948 0.105875
1.73428e-07 3.11131e-07 161280 0 0.0712477 0.0333 0.121503
2.07382e-07 2.69861e-07 161280 0 0.0688711 0.024983 0.139236
1.58217e-07 2.8613e-07 161280 0 0.0678426 0.0300184 0.12098
1.94034e-07 2.71027e-07 226560 38 2.031e-06 0.0624607 0.0917839
1.82789e-07 2.94767e-07 226560 0 1.091e-06 0.0746096 0.0999643
1.98557e-07 2.79458e-07 161280 0 0.0438231 0.0505098 0.119722
1.85554e-07 2.83741e-07 161280 0 0.0569 0.0386487 0.123662
1.80379e-07 2.70039e-07 161280 0 0.073966 0.0374753 0.140147
1.81882e-07 2.63006e-07 161280 0 0.0962839 0.0290413 0.152215
1.73145e-07 2.50048e-07 161280 0 0.0900003 0.0274316 0.14088
1.97702e-07 3.07232e-07 226560 0 1.882e-06 0.109686 0.122556
1.62772e-07 2.68858e-07 226560 38 2.027e-06 0.0779584 0.105442
1.85578e-07 2.77205e-07 161280 0 0.123852 0.025336 0.171116
1.61207e-07 2.8309e-07 226560 38 1.301e-06 0.0770347 0.119261
2.08135e-07 3.27793e-07 226560 0 3.98e-06 0.12011 0.16714
1.69272e-07 3.05331e-07 226560 38 1.384e-06 0.0893319 0.120381
2.17531e-07 3.64519e-07 161280 0 0.0793196 0.0824821 0.168443
1.69566e-07 3.00586e-07 226560 38 1.262e-06 0.0638005 0.0991984
2.01515e-07 3.41248e-07 80640 0 0.0768969 0.0200118 0.108811
1.68536e-07 3.03793e-07 226560 38 1.412e-06 0.0717335 0.0956344
1.68562e-07 3.08731e-07 80640 0 0.104757 0.0144074 0.123259
1.83709e-07 3.30985e-07 226560 38 1.433e-06 0.0996308 0.137546
1.55387e-07 2.77293e-07 80640 0 0.159307 0.0122205 0.192664
2.16132e-07 3.61037e-07 226560 38 2.388e-06 0.10903 0.154589
1.71832e-07 3.37083e-07 226560 0 4.851e-06 0.130554 0.163597
1.78565e-07 3.21021e-07 80640 12 0.102595 0.0129795 0.120272
1.59482e-07 3.03789e-07 80640 0 0.134704 0.0137579 0.158236
1.64911e-07 3.42966e-07 80640 12 0.104338 0.0347356 0.149714
1.51773e-07 3.39765e-07 161280 0 0.0625283 0.0780064 0.151763
1.49157e-07 3.31176e-07 80640 12 0.113816 0.0229029 0.144487
1.30882e-07 3.35641e-07 80640 0 0.143685 0.025736 0.184286
1.33392e-07 3.39165e-07 80640 12 0.140434 0.0299273 0.183561
1.25478e-07 3.31527e-07 80640 0 0.124138 0.025407 0.161656
1.23261e-07 3.06079e-07 80640 12 0.139815 0.01401 0.167347
1.51863e-07 3.09089e-07 161280 0 0.0778934 0.0353751 0.144103
1.18164e-07 3.09946e-07 161280 0 0.0844696 0.0524828 0.160985
1.27454e-07 2.69896e-07 80640 0 0.16997 0.00912237 0.185724
1.5011e-07 2.98185e-07 161280 0 0.12688 0.0405038 0.191495
1.46946e-07 2.91201e-07 226560 0 1.743e-06 0.085282 0.113833
1.48679e-07 2.96356e-07 226560 38 1.488e-06 0.065485 0.097476
1.61931e-07 2.91052e-07 226560 0 1.323e-06 0.0658049 0.0859154
1.80358e-07 2.93213e-07 226560 38 1.683e-06 0.0635826 0.157209
1.42196e-07 3.12136e-07 80640 0 0.180923 0.0319715 0.218958
