3.15026e-07 1.38783e-07 80640 55 0.0625085 0.0111914 0.160862
4.07036e-07 2.9071e-07 80640 55 0.235483 0.0234429 0.387953
2.33454e-07 2.10575e-07 213600 52 1.636e-06 0.0603135 0.189496
3.05172e-07 3.29914e-07 226560 52 1.49e-06 0.0836274 0.184635
2.05164e-07 2.33222e-07 226560 22 2.272e-06 0.0631006 0.0950749
2.24739e-07 4.02646e-07 226560 35 1.267e-06 0.12418 0.151002
1.71352e-07 2.47121e-07 226560 42 1.575e-06 0.0654345 0.119244
1.71445e-07 3.47821e-07 80640 10 0.134796 0.0147849 0.155934
1.75557e-07 3.09005e-07 226560 37 1.659e-06 0.12609 0.166179
1.95051e-07 4.24989e-07 226560 0 1.482e-06 0.166218 0.188376
1.57693e-07 3.15482e-07 226560 38 1.778e-06 0.0788139 0.107753
1.97596e-07 3.72989e-07 80640 0 0.20734 0.00911143 0.237677
1.55182e-07 3.07049e-07 226560 38 1.699e-06 0.0581011 0.110882
1.77838e-07 3.41353e-07 161280 0 0.126185 0.0244401 0.163336
1.48215e-07 3.14278e-07 226560 38 1.599e-06 0.0826675 0.148978
1.7958e-07 3.69347e-07 226560 0 1.181e-06 0.128076 0.152395
1.50092e-07 3.42643e-07 226560 38 1.812e-06 0.12904 0.16639
1.70141e-07 3.59924e-07 80640 0 0.150638 0.0229451 0.180872
1.43215e-07 3.40161e-07 226560 38 2.733e-06 0.0720063 0.116321
1.62289e-07 3.4692e-07 161280 0 0.124549 0.0370753 0.181617
1.38051e-07 3.40972e-07 226560 38 2.255e-06 0.0790871 0.133964
1.76644e-07 3.56402e-07 226560 0 1.86e-06 0.10223 0.129587
1.27522e-07 3.31954e-07 226560 38 1.475e-06 0.0670356 0.118394
1.62088e-07 3.18726e-07 161280 0 0.0879127 0.0270982 0.134584
1.33632e-07 3.30263e-07 226560 38 2.243e-06 0.0732918 0.185309
1.88987e-07 3.57042e-07 226560 0 1.377e-06 0.115616 0.152816
1.34315e-07 3.60492e-07 226560 38 4.93e-06 0.109068 0.146394
1.61284e-07 3.28426e-07 161280 0 0.126566 0.0345071 0.173872
1.38951e-07 3.7259e-07 226560 38 2.101e-06 0.0953781 0.167971
2.132e-07 3.52846e-07 226560 0 1.528e-06 0.102072 0.144022
1.29346e-07 3.61106e-07 161280 0 0.112485 0.0508306 0.184862
1.89352e-07 3.09501e-07 161280 0 0.0918426 0.0219539 0.130726
1.19575e-07 3.49347e-07 226560 38 1.462e-06 0.0684917 0.101263
1.90805e-07 3.03221e-07 226560 0 5.662e-06 0.0630064 0.0890818
1.38272e-07 3.72989e-07 161280 0 0.0691147 0.0754073 0.178227
2.11994e-07 3.41451e-07 226560 0 3.935e-06 0.112004 0.138077
1.30478e-07 3.63332e-07 161280 0 0.10032 0.0523686 0.16372
1.77932e-07 3.63021e-07 80640 0 0.154392 0.0362318 0.190941
1.14155e-07 3.48739e-07 161280 0 0.0738822 0.0468303 0.134977
1.74842e-07 3.26482e-07 80640 0 0.134966 0.0145416 0.163803
1.22011e-07 3.61775e-07 226560 38 1.667e-06 0.0937776 0.156097
1.91178e-07 3.39642e-07 161280 0 0.0785656 0.0632673 0.158199
1.55002e-07 3.62507e-07 161280 0 0.0771986 0.0589373 0.15311
1.59882e-07 3.4007e-07 80640 0 0.150084 0.0275613 0.193713
1.63554e-07 3.25246e-07 161280 0 0.06292 0.0284178 0.112609
1.63086e-07 3.28303e-07 161280 0 0.0628216 0.0453571 0.153165
1.48663e-07 3.24677e-07 226560 38 1.493e-06 0.0730428 0.124309
1.50037e-07 3.19655e-07 80640 0 0.125621 0.0229874 0.162342
1.72206e-07 3.2231e-07 161280 0 0.0647022 0.0504552 0.155988
1.36224e-07 2.90079e-07 80640 0 0.12431 0.013852 0.141819
1.66973e-07 3.22593e-07 161280 0 0.0726858 0.0522104 0.151556
1.24973e-07 2.84075e-07 161280 0 0.0800274 0.0419426 0.142754
1.4035e-07 2.98485e-07 80640 12 0.151476 0.0162934 0.177252
1.22839e-07 2.77146e-07 226560 0 1.774e-06 0.0565109 0.0961331
1.3252e-07 3.06096e-07 226560 38 5.194e-06 0.0762462 0.150478
1.64154e-07 2.83117e-07 226560 0 1.352e-06 0.0695534 0.119682
1.30159e-07 3.09161e-07 226560 38 3.885e-06 0.0728213 0.124325
1.88822e-07 2.94509e-07 226560 0 1.773e-06 0.0770486 0.106504
1.19978e-07 3.02845e-07 226560 38 1.968e-06 0.0628895 0.0898758
2.01228e-07 2.89185e-07 226560 0 1.262e-06 0.060693 0.0792705
1.1842e-07 2.77304e-07 161280 0 0.0759516 0.0282463 0.126656
2.17734e-07 2.91849e-07 226560 0 1.665e-06 0.0685357 0.0858221
1.17401e-07 2.85156e-07 226560 38 3.895e-06 0.071721 0.103159
2.59983e-07 3.01584e-07 226560 0 1.266e-06 0.0771491 0.126114
1.21073e-07 3.17904e-07 226560 38 1.229e-06 0.101701 0.149688
2.35874e-07 2.84538e-07 161280 0 0.151605 0.0348935 0.209497
1.18398e-07 3.09229e-07 226560 38 1.419e-06 0.0621976 0.103823
2.54703e-07 3.19482e-07 226560 0 1.236e-06 0.104049 0.142002
1.19956e-07 3.15225e-07 226560 38 1.45e-06 0.0768511 0.159714
2.89133e-07 3.43611e-07 226560 0 1.052e-06 0.0997159 0.122301
1.15391e-07 2.96736e-07 226560 38 1.41e-06 0.0504734 0.0817279
2.5192e-07 2.98964e-07 80640 0 0.111892 0.00970709 0.137577
1.17367e-07 3.16617e-07 226560 38 1.459e-06 0.089749 0.118509
2.48395e-07 2.91211e-07 161280 0 0.119201 0.0419644 0.177175
1.2152e-07 3.42442e-07 226560 38 1.505e-06 0.100988 0.136095
2.36302e-07 3.22413e-07 226560 0 1.327e-06 0.101322 0.119353
1.1572e-07 3.1205e-07 161280 0 0.0528961 0.0307203 0.0932665
2.23388e-07 3.08026e-07 161280 0 0.0751009 0.0403972 0.122029
1.0874e-07 3.03789e-07 226560 38 2.421e-06 0.0613399 0.0827092
1.99169e-07 2.87735e-07 161280 0 0.0976052 0.0333163 0.153032
9.96622e-08 3.65603e-07 161280 0 0.107616 0.0988424 0.216906
2.60478e-07 3.49739e-07 226560 0 1.478e-06 0.135426 0.163586
9.979e-08 3.78955e-07 161280 0 0.0325623 0.0697313 0.118596
2.29418e-07 3.39203e-07 80640 0 0.124369 0.0239548 0.157477
9.30049e-08 3.79428e-07 80640 12 0.137614 0.0307497 0.180505
2.12019e-07 3.44763e-07 161280 0 0.102121 0.0591907 0.170288
1.06116e-07 3.72224e-07 161280 0 0.0718193 0.0553849 0.153205
1.77718e-07 3.4978e-07 80640 0 0.123735 0.0298246 0.164183
1.37321e-07 3.54747e-07 161280 0 0.0654986 0.045939 0.14499
1.54407e-07 3.26527e-07 80640 0 0.132036 0.0188304 0.157169
1.29912e-07 3.33632e-07 161280 0 0.0634246 0.0401862 0.11353
1.33722e-07 3.50942e-07 161280 0 0.103664 0.0723506 0.182427
1.14166e-07 2.90831e-07 161280 0 0.0791884 0.0192937 0.107001
1.41352e-07 3.30568e-07 161280 0 0.128021 0.0401706 0.182154
1.15217e-07 2.98894e-07 226560 38 1.47e-06 0.0750241 0.106578
1.87377e-07 3.61536e-07 226560 0 1.141e-06 0.109974 0.12936
1.44499e-07 3.31499e-07 161280 0 0.0659526 0.0744985 0.155178
1.5574e-07 3.13387e-07 80640 0 0.142969 0.00974071 0.156006
1.4975e-07 3.17507e-07 161280 0 0.0572897 0.0421811 0.134654
1.77496e-07 3.26018e-07 226560 0 8.585e-06 0.0853088 0.0980984
1.52135e-07 2.9947e-07 161280 0 0.0747952 0.0366621 0.137813
1.62448e-07 3.13891e-07 161280 0 0.101527 0.0428015 0.163969
1.32753e-07 2.89923e-07 161280 0 0.0885848 0.0405996 0.135519
2.04464e-07 3.26918e-07 226560 0 1.574e-06 0.0858724 0.13258
1.37604e-07 2.90482e-07 226560 38 1.369e-06 0.0663184 0.106771
1.73557e-07 2.91415e-07 161280 0 0.0874596 0.0240957 0.128113
1.35378e-07 2.80054e-07 161280 0 0.0794979 0.0384395 0.145053
2.06955e-07 2.96025e-07 226560 0 1.38e-06 0.0712446 0.116951
1.36125e-07 2.84838e-07 226560 38 1.342e-06 0.0688682 0.093327
2.2033e-07 2.96707e-07 226560 0 1.264e-06 0.0678396 0.0853822
1.31711e-07 2.65263e-07 161280 0 0.0624645 0.0301535 0.100713
1.87043e-07 2.73186e-07 161280 0 0.0746126 0.0288862 0.113969
1.30127e-07 2.50893e-07 226560 38 1.724e-06 0.0438199 0.0933347
1.80352e-07 2.68776e-07 226560 0 1.498e-06 0.0568968 0.0750583
1.45163e-07 2.66007e-07 226560 38 1.469e-06 0.073963 0.123743
2.30034e-07 3.00012e-07 226560 0 2.316e-06 0.0962782 0.135582
1.43499e-07 2.92248e-07 226560 38 1.381e-06 0.089993 0.106641
1.96766e-07 2.75422e-07 161280 0 0.109691 0.0285568 0.146934
1.68108e-07 3.03805e-07 161280 0 0.0779622 0.0564532 0.176949
2.35295e-07 3.29667e-07 226560 0 1.504e-06 0.123849 0.163111
1.44645e-07 3.04776e-07 161280 0 0.0770374 0.0497808 0.138435
2.23827e-07 3.03121e-07 161280 0 0.120116 0.0317614 0.175508
1.61772e-07 3.2514e-07 161280 0 0.0893354 0.0655759 0.181106
2.30469e-07 3.12509e-07 226560 0 1.611e-06 0.0793105 0.110347
1.45721e-07 3.23069e-07 161280 0 0.0638034 0.0507679 0.123714
2.13253e-07 2.94265e-07 226560 0 1.359e-06 0.0501351 0.0720172
1.38953e-07 3.23404e-07 161280 0 0.0717366 0.0523751 0.135562
1.85525e-07 2.77241e-07 161280 0 0.0710185 0.0337306 0.129816
1.66422e-07 3.58563e-07 161280 0 0.0996341 0.0805109 0.2105
2.12972e-07 3.22055e-07 226560 0 2.406e-06 0.113577 0.148484
1.52089e-07 3.39474e-07 80640 12 0.132478 0.0212179 0.178531
2.02046e-07 3.3045e-07 80640 0 0.177913 0.0293553 0.235772
1.65025e-07 3.17472e-07 161280 0 0.0655862 0.0370074 0.13309
1.95821e-07 3.49535e-07 161280 0 0.0660172 0.0686851 0.180512
1.66278e-07 3.05187e-07 161280 0 0.0630409 0.0412959 0.133099
1.86323e-07 3.02483e-07 80640 0 0.140536 0.00921515 0.162882
1.4765e-07 2.93685e-07 161280 0 0.0738665 0.0399452 0.135506
1.59541e-07 2.81284e-07 161280 0 0.111993 0.0316901 0.150812
1.50385e-07 2.90974e-07 226560 38 1.658e-06 0.0634664 0.089051
1.81778e-07 2.82901e-07 226560 0 1.272e-06 0.065559 0.0979956
1.40917e-07 2.83994e-07 226560 38 1.381e-06 0.0580153 0.0754882
1.77953e-07 2.95072e-07 226560 0 9.785e-06 0.0778815 0.0994092
1.47128e-07 3.01759e-07 226560 38 1.382e-06 0.0844666 0.116477
2.04415e-07 3.23664e-07 226560 0 2.31e-06 0.099241 0.132322
1.68308e-07 3.5341e-07 226560 38 1.425e-06 0.126876 0.155575
1.78151e-07 2.98654e-07 161280 0 0.0852856 0.0320322 0.139244
1.63319e-07 3.33393e-07 161280 0 0.0654882 0.0408564 0.131338
1.69861e-07 2.83166e-07 161280 0 0.0658078 0.0356775 0.140163
1.98136e-07 3.84341e-07 161280 0 0.0635857 0.0948542 0.173765
1.52164e-07 2.69991e-07 161280 0 0.145876 0.0350447 0.18884
