10.6744	2.26099 3 720 
6.87093	7.02013 3 720 
7.20865	7.04088 3 720 
6.92677	7.09021 3 720 
7.09629	7.05841 3 720 
7.15386	7.25607 3 720 
7.03839	7.07087 3 720 
6.9461	7.07693 3 720 
7.08679	7.13098 3 720 
7.08985	7.13263 3 720 
6.99959	7.06505 3 720 
7.02009	7.18759 3 720 
7.31152	7.03796 3 720 
7.01156	7.06908 3 720 
7.2265	7.02998 3 720 
7.09445	7.18068 3 720 
7.2242	7.05979 3 720 
7.04532	7.20195 3 720 
7.34722	7.12536 3 720 
6.9718	7.15951 3 720 
7.11471	7.02038 3 720 
7.26542	7.09078 3 720 
7.01982	7.00887 3 720 
7.14556	7.26752 3 720 
6.95572	6.9741 3 720 
7.04802	7.04727 3 720 
7.09628	6.95266 3 720 
6.8961	6.88699 3 720 
7.63318	7.06128 3 720 
7.04398	6.87277 3 720 
7.25306	6.96178 3 720 
7.15099	7.08628 3 720 
7.45831	7.32534 3 720 
6.72288	6.7969 3 720 
6.89011	6.54856 3 720 
6.9246	6.85931 3 720 
6.9926	6.7426 3 720 
6.88228	6.89958 3 720 
7.04831	6.83138 3 720 
6.92412	6.95764 3 720 
6.95906	6.91635 3 720 
6.56727	6.87038 3 720 
7.24668	6.42608 3 720 
6.93671	6.82141 3 720 
7.21199	6.94658 3 720 
7.311	6.95354 3 720 
7.13317	7.39657 3 720 
7.13098	7.10831 3 720 
7.1339	6.998 3 720 
6.95315	7.05322 3 720 
7.20161	7.0377 3 720 
6.93418	7.09201 3 720 
7.25305	6.96236 3 720 
7.05071	6.84255 3 720 
7.29243	7.18061 3 720 
7.08893	6.84541 3 720 
7.16319	7.20344 3 720 
7.1271	7.14838 3 720 
7.06701	6.85209 3 720 
6.94424	7.14537 3 720 
6.99568	6.76912 3 720 
7.27245	7.00735 3 720 
7.15873	7.2997 3 720 
7.25724	6.77157 3 720 
7.05301	7.36523 3 720 
7.21416	7.04355 3 720 
6.84471	6.95223 3 720 
7.12239	6.92693 3 720 
7.09871	7.03554 3 720 
7.32986	7.04756 3 720 
7.60968	6.91089 3 720 
6.82112	7.29875 3 720 
6.82123	6.49221 3 720 
7.03955	6.74731 3 720 
6.9656	6.80178 3 720 
7.23415	6.66848 3 720 
6.67068	6.66714 3 720 
7.24807	6.87136 3 720 
6.87393	6.73147 3 720 
6.87542	6.88946 3 720 
6.92321	6.70051 3 720 
7.60745	6.77885 3 720 
6.52142	6.69424 3 720 
6.77535	6.24864 3 720 
6.64513	6.24758 3 720 
6.90743	6.66062 3 720 
6.80441	6.82561 3 720 
6.89569	6.61139 3 720 
6.98857	6.73596 3 720 
7.0698	6.69072 3 720 
6.78976	7.0556 3 720 
6.97336	6.50721 3 720 
7.4842	6.92068 3 720 
6.53878	6.629 3 720 
6.21572	6.51614 3 720 
6.4745	6.0732 3 720 
6.98679	6.60276 3 720 
6.76732	6.5696 3 720 
6.95122	6.63601 3 720 
7.14377	7.06726 3 720 
6.68607	6.63657 3 720 
7.1429	6.81527 3 720 
7.04789	6.79161 3 720 
6.94662	6.77763 3 720 
6.94987	7.0054 3 720 
6.79717	6.81067 3 720 
6.85949	6.35697 3 720 
7.20164	7.16782 3 720 
7.03199	7.04617 3 720 
7.20635	6.6785 3 720 
7.20196	7.1164 3 720 
7.02197	7.09416 3 720 
6.89213	6.94537 3 720 
7.09346	6.74954 3 720 
6.89661	6.86702 3 720 
6.91384	6.7657 3 720 
6.9487	6.79004 3 720 
7.0706	6.89621 3 720 
6.55255	6.95156 3 720 
7.05285	6.43329 3 720 
6.9461	6.56812 3 720 
7.29612	6.97414 3 720 
7.09925	7.04088 3 720 
7.16013	6.87313 3 720 
6.73299	6.97546 3 720 
7.26212	6.75797 3 720 
7.08847	7.12526 3 720 
7.05305	6.55359 3 720 
7.15547	7.17186 3 720 
6.9382	6.77478 3 720 
7.28399	6.9655 3 720 
7.21374	6.87813 3 720 
7.08042	6.85832 3 720 
7.17049	6.80069 3 720 
7.28546	7.24158 3 720 
7.19779	7.07061 3 720 
7.05703	6.88162 3 720 
6.97632	7.01848 3 720 
7.05623	6.81531 3 720 
7.21609	6.99485 3 720 
7.19707	6.88282 3 720 
7.20675	6.83497 3 720 
7.04715	7.1187 3 720 
7.10927	6.93155 3 720 
6.97531	7.01793 3 720 
7.14503	6.81458 3 720 
7.01206	6.81376 3 720 
7.2205	6.93826 3 720 
7.19284	6.80776 3 720 
7.08108	6.96999 3 720 
7.08999	7.12041 3 720 
7.36612	6.61767 3 720 
6.98753	7.43034 3 720 
6.99056	6.78171 3 720 
6.85788	6.82636 3 720 
7.02263	6.62153 3 720 
7.07414	6.77964 3 720 
6.76986	6.66271 3 720 
7.00127	7.07165 3 720 
6.76825	6.62939 3 720 
6.58496	6.37473 3 720 
6.7189	6.68541 3 720 
7.17939	6.73582 3 720 
6.92569	6.62328 3 720 
6.98937	6.97985 3 720 
6.77358	6.40115 3 720 
6.92561	6.87201 3 720 
6.60981	6.38439 3 720 
7.05032	6.81842 3 720 
6.62405	6.61597 3 720 
6.76796	6.75088 3 720 
7.09762	6.49155 3 720 
7.02255	6.63945 3 720 
7.07142	7.16818 3 720 
7.75763	6.68478 3 720 
7.05894	6.84477 3 720 
6.82546	6.93905 3 720 
7.03124	6.54819 3 720 
7.06914	6.60119 3 720 
6.89411	6.9051 3 720 
6.7461	6.6915 3 720 
6.93802	6.49253 3 720 
6.92034	6.98364 3 720 
6.7115	6.57092 3 720 
7.14733	6.34375 3 720 
7.11651	6.6975 3 720 
7.21257	7.20733 3 720 
7.21927	6.69705 3 720 
7.02409	6.94837 3 720 
7.51317	6.6629 3 720 
6.7167	7.03416 3 720 
7.64966	6.58152 3 720 
6.78916	6.82351 3 720 
6.48026	6.35589 3 720 
6.72526	6.21672 3 720 
7.2785	6.70743 3 720 
6.77575	6.64617 3 720 
6.94996	6.61174 3 720 
7.07373	6.78863 3 720 
6.9193	6.82487 3 720 
6.91515	6.76986 3 720 
7.25196	6.28395 3 720 
6.92743	6.9871 3 720 
7.12943	6.69735 3 720 
7.00504	6.74016 3 720 
7.25298	6.83869 3 720 
7.18909	6.97964 3 720 
7.05877	6.64786 3 720 
7.11932	7.08763 3 720 
6.93791	6.62365 3 720 
7.29629	6.94455 3 720 
7.03112	6.83825 3 720 
7.22898	6.98798 3 720 
7.2819	7.02229 3 720 
6.97028	6.75697 3 720 
7.22903	7.03422 3 720 
7.1628	6.95256 3 720 
7.18537	7.04771 3 720 
7.00892	6.9168 3 720 
7.25207	6.9237 3 720 
7.112	6.84845 3 720 
7.34742	6.79028 3 720 
6.86559	7.14388 3 720 
7.00206	6.48948 3 720 
6.97949	6.88083 3 720 
6.99053	6.72688 3 720 
6.92165	6.76197 3 720 
6.88584	6.5388 3 720 
6.88069	6.93572 3 720 
6.83457	6.59547 3 720 
6.77167	6.63145 3 720 
7.03986	6.57639 3 720 
6.73516	6.60671 3 720 
6.9422	6.72127 3 720 
6.85949	6.76636 3 720 
6.90486	6.61567 3 720 
6.71907	6.69214 3 720 
6.92834	6.56664 3 720 
6.64921	6.44857 3 720 
7.08955	6.78416 3 720 
6.85393	6.77521 3 720 
6.57489	6.54883 3 720 
6.82628	6.62381 3 720 
7.31458	6.65671 3 720 
7.04077	6.60915 3 720 
7.10303	6.96002 3 720 
6.94416	6.88922 3 720 
7.13279	6.75939 3 720 
7.07382	6.95115 3 720 
7.0926	6.88311 3 720 
6.87038	7.04313 3 720 
6.7191	6.835 3 720 
6.90096	6.45471 3 720 
6.87651	6.64255 3 720 
6.86745	6.51288 3 720 
7.05974	6.81603 3 720 
7.29187	6.61801 3 720 
6.90741	6.91932 3 720 
6.2437	6.24336 3 720 
6.62045	6.22168 3 720 
6.87402	6.81227 3 720 
7.01908	6.51344 3 720 
6.95731	6.93686 3 720 
6.91001	6.94744 3 720 
6.99645	6.61685 3 720 
7.53063	6.74395 3 720 
6.64969	6.76311 3 720 
6.87472	6.26498 3 720 
6.79834	6.40692 3 720 
7.21771	6.66598 3 720 
6.79477	6.84822 3 720 
7.01068	6.81473 3 720 
6.74307	6.64942 3 720 
7.08671	6.72177 3 720 
6.71543	6.60881 3 720 
6.90616	6.7408 3 720 
6.73613	6.67914 3 720 
6.85363	6.2665 3 720 
7.14937	7.11259 3 720 
6.69409	6.34919 3 720 
7.06718	6.87089 3 720 
7.05916	6.94144 3 720 
6.73274	6.68523 3 720 
6.8947	6.59128 3 720 
6.92127	6.27957 3 720 
7.21161	6.95141 3 720 
6.83947	7.02411 3 720 
7.18073	6.7908 3 720 
7.03431	6.84747 3 720 
6.87333	6.7732 3 720 
7.1098	7.00864 3 720 
7.0879	6.64305 3 720 
7.18599	7.00063 3 720 
7.05854	6.79281 3 720 
7.07454	6.7503 3 720 
7.26829	6.90336 3 720 
7.06365	6.84212 3 720 
7.08633	6.93948 3 720 
7.38919	6.82689 3 720 
6.81696	7.15909 3 720 
6.8544	6.56695 3 720 
6.9626	6.78286 3 720 
6.69952	6.62306 3 720 
7.13091	6.76279 3 720 
6.65145	6.5256 3 720 
7.07405	7.00545 3 720 
6.72808	6.55105 3 720 
6.91237	6.68743 3 720 
6.86829	6.65835 3 720 
7.03396	6.75506 3 720 
6.42911	6.55722 3 720 
6.90829	6.48596 3 720 
7.09972	6.96014 3 720 
6.80568	6.74011 3 720 
6.97119	6.54665 3 720 
6.62327	6.53011 3 720 
6.82715	6.47177 3 720 
7.00695	6.72787 3 720 
7.26595	6.7184 3 720 
6.58573	6.46337 3 720 
6.8466	6.38002 3 720 
6.9041	6.7811 3 720 
6.59543	6.8272 3 720 
6.88176	6.23834 3 720 
6.8452	6.74355 3 720 
6.91984	6.27486 3 720 
6.7811	6.83232 3 720 
6.81641	6.46218 3 720 
7.05962	6.55894 3 720 
6.49804	6.78788 3 720 
6.78986	6.57037 3 720 
6.88663	6.21951 3 720 
6.90764	6.74441 3 720 
6.81193	6.71142 3 720 
6.9738	6.42328 3 720 
6.993	7.05616 3 720 
6.8469	6.63665 3 720 
6.92607	6.55529 3 720 
6.92404	6.91494 3 720 
6.98546	6.65361 3 720 
6.44914	6.43005 3 720 
6.83892	6.35596 3 720 
6.85923	6.4869 3 720 
7.31069	6.62795 3 720 
6.51871	6.97496 3 720 
7.19236	6.49038 3 720 
7.14557	6.62286 3 720 
7.03917	7.37247 3 720 
7.03607	6.77915 3 720 
7.45054	6.8418 3 720 
7.20826	6.90003 3 720 
6.68855	6.78338 3 720 
6.99633	6.50581 3 720 
7.02451	6.8815 3 720 
6.86033	6.78638 3 720 
7.25297	6.66122 3 720 
6.80054	6.78928 3 720 
7.26694	7.01077 3 720 
7.09285	6.89211 3 720 
6.99872	6.85643 3 720 
7.16668	7.19752 3 720 
6.93745	6.74877 3 720 
6.9516	6.58463 3 720 
7.10456	6.81694 3 720 
6.62878	6.85705 3 720 
6.89999	6.76846 3 720 
7.0009	6.59791 3 720 
7.11833	6.96391 3 720 
6.99423	7.02331 3 720 
7.17484	6.81267 3 720 
6.66646	6.81713 3 720 
7.66896	6.62619 3 720 
6.59584	6.89282 3 720 
6.86305	6.16758 3 720 
6.74768	6.93135 3 720 
6.90255	6.73884 3 720 
6.74876	6.58668 3 720 
7.24281	6.9961 3 720 
6.78359	6.99828 3 720 
7.03949	6.77085 3 720 
7.15498	6.87065 3 720 
6.97071	6.28178 3 720 
6.90227	6.75758 3 720 
7.08706	6.79552 3 720 
7.05714	6.76612 3 720 
7.18251	6.9509 3 720 
7.07299	6.87869 3 720 
7.12753	6.6979 3 720 
7.47861	7.04919 3 720 
7.07657	6.68928 3 720 
7.23041	6.97813 3 720 
6.99692	6.73959 3 720 
7.14236	6.7839 3 720 
7.08572	7.05393 3 720 
6.91036	6.81997 3 720 
7.19694	7.03327 3 720 
7.12212	6.66956 3 720 
7.20907	6.84269 3 720 
7.13535	6.96616 3 720 
6.99342	6.63462 3 720 
7.10948	7.11572 3 720 
7.31222	6.55328 3 720 
7.23087	6.74269 3 720 
7.24114	7.00583 3 720 
7.13813	6.70822 3 720 
7.35973	7.02307 3 720 
6.58907	6.63749 3 720 
