1.99455e-07 2.27115e-07 0.200333 290880 165 1.632e-06
2.13881e-07 2.54125e-07 0.231389 290880 165 1.857e-06
3.30962e-07 2.56983e-07 0.180863 303360 26 1.149e-06
2.01851e-07 4.11638e-07 0.206136 131040 17 0.0791401
2.89626e-07 2.47504e-07 0.0824335 244320 16 1.171e-06
1.6274e-07 3.37688e-07 0.108237 95040 31 0.0635535
1.30804e-07 3.06631e-07 0.0954286 96480 16 0.0624876
2.84827e-07 2.32204e-07 0.132899 307200 64 1.428e-06
1.12691e-07 2.87914e-07 0.0818495 106560 17 0.0433528
2.41981e-07 2.058e-07 0.0735911 307200 37 1.281e-06
2.19445e-07 2.00443e-07 0.0661677 307200 46 1.59e-06
2.13245e-07 2.00355e-07 0.0915888 307200 41 1.3e-06
1.06754e-07 2.76629e-07 0.117202 268800 62 0.0306706
2.03451e-07 2.03373e-07 0.0827271 307200 43 2.299e-06
1.12867e-07 2.68479e-07 0.127121 261120 30 0.0322971
2.10675e-07 2.11332e-07 0.135076 307200 43 1.376e-06
1.14748e-07 2.59036e-07 0.130258 252000 50 0.0344375
2.16778e-07 2.20968e-07 0.127304 307200 43 1.306e-06
1.12405e-07 2.59569e-07 0.133578 245760 41 0.0397096
2.18202e-07 2.27087e-07 0.111389 306720 43 1.458e-06
1.07456e-07 2.59224e-07 0.111586 239040 89 0.0353881
2.28075e-07 2.56326e-07 0.136287 305760 29 1.495e-06
5.37616e-07 2.60149e-07 2.09285 235680 35 0.0404107
2.17876e-07 2.31919e-07 0.0785764 296160 37 1.313e-06
2.30443e-07 2.58576e-07 0.155145 289440 29 1.437e-06
1.50985e-06 3.36694e-07 2.14923 174240 38 0.0778477
2.30537e-07 2.44922e-07 0.0905801 276960 14 1.643e-06
1.22801e-06 3.25892e-07 0.1377 106560 13 0.0767293
2.25364e-07 2.53355e-07 0.0941556 267360 29 1.234e-06
1.00895e-06 3.20918e-07 0.160674 107040 32 0.0956326
2.15416e-07 2.47311e-07 0.133512 123840 28 0.0760785
8.17267e-07 2.87886e-07 0.0791597 110400 33 0.0538783
1.91558e-07 2.81625e-07 0.143596 123840 36 0.0746255
6.71873e-07 2.70957e-07 0.0838519 118080 26 0.0422381
1.81096e-07 2.702e-07 0.112718 130080 24 0.0792794
5.58564e-07 2.79185e-07 0.134327 120960 30 0.0783954
1.79924e-07 2.98127e-07 0.141904 132480 31 0.0678453
4.65516e-07 2.46758e-07 0.133408 118560 33 0.097349
