2.90396e+07
2.79392e+07
2.56895e+07
2.54534e+07
2.78642e+07
2.34864e+07
2.61151e+07
2.50289e+07
2.3062e+07
2.20198e+07
2.45082e+07
2.20017e+07
2.35819e+07
2.38962e+07
2.39525e+07
2.0484e+07
2.51686e+07
2.08872e+07
2.50271e+07
2.26372e+07
2.43813e+07
2.35899e+07
2.32001e+07
2.21093e+07
2.24331e+07
2.30852e+07
2.2227e+07
2.32983e+07
2.24593e+07
2.35742e+07
2.20841e+07
2.36615e+07
2.22146e+07
2.31486e+07
2.26701e+07
2.25416e+07
2.30273e+07
2.20592e+07
2.30899e+07
2.23374e+07
2.33981e+07
2.29601e+07
2.35221e+07
2.19899e+07
2.3854e+07
2.22253e+07
2.40632e+07
2.23361e+07
2.39754e+07
2.26853e+07
2.43526e+07
2.37301e+07
2.44661e+07
2.37372e+07
2.46869e+07
2.33752e+07
2.49324e+07
2.35475e+07
2.48262e+07
2.30188e+07
2.50571e+07
2.30188e+07
2.49712e+07
1.49081e+07
1.4283e+08
7.71012e+06
1.51586e+07
8.56249e+06
1.39569e+07
2.11513e+07
3.1163e+07
2.92536e+07
1.27376e+07
4.01355e+07
1.01381e+07
4.7126e+07
4.6459e+07
1.20728e+07
1.31374e+07
1.344e+07
5.53714e+07
1.32893e+07
2.34197e+08
1.37011e+07
1.86011e+07
1.29964e+07
1.9033e+08
1.38397e+07
1.83129e+07
1.38296e+07
1.11587e+07
2.57714e+08
1.97526e+07
1.38706e+07
1.0644e+07
2.18857e+08
1.92732e+07
1.07544e+07
1.3407e+07
1.89743e+07
2.67187e+08
1.37245e+07
1.07888e+07
3.42306e+08
1.99174e+07
4.66864e+08
1.11238e+07
1.41126e+07
4.57199e+08
1.04549e+07
2.05141e+07
2.81786e+08
1.0902e+07
1.33891e+07
2.14218e+07
1.09984e+07
8.93232e+07
1.37039e+07
1.32225e+07
3.71825e+07
1.10858e+07
1.29477e+07
1.37894e+07
9.35109e+06
1.13058e+07
1.31603e+07
1.30383e+07
1.01107e+07
8.7795e+06
1.33474e+07
1.30616e+07
1.00561e+07
8.87674e+06
1.29405e+07
