12772.2
10931.4
13749.1
12555.5
15451.9
13593.4
15507.8
15299.8
14793.8
15845.1
15626.2
16048.5
15728.4
16494.5
15535.8
16591.7
16007.9
16818.1
15908.3
16871
16089.1
17249.7
15712.5
17233.3
15448.3
17147.3
15499.7
17064.6
15564
17143.4
15630.7
17278.4
15387.4
17119.3
15289
17266.1
15579.7
16890.8
15650.9
17063.3
16067.4
17422.9
16363.4
16909.1
16893.6
17743.3
17165.5
18204.3
17144.5
18317.4
17191.5
18124.5
16995.8
17848.5
16977.1
17921.3
17080.2
18484.5
17106.8
18294.5
17180.2
18300.5
17452
6407.97
8369.08
6290.41
7461.02
6597.94
8963.93
7991.19
10696.6
8498.74
9509.93
12022.6
7393.39
10616.5
12254.1
8717.13
9543.89
9763.48
12467.4
10121.5
12658.6
10683.9
11586.1
10105.3
12118.2
10374.6
10398.7
10071.7
10236.2
12381.3
10261.5
9917.13
9707.32
12264.7
10779.1
9870.46
9768.7
11422.5
11394.8
9598.67
9582.48
11667.5
11613.8
11926.2
9982.82
9887.95
12053
9738.87
11918
12014.9
9716.01
9820.13
11599.5
10022.7
12387
9625.68
12040
11863.8
10153.6
12636.7
9522.08
11359.2
10601.9
9720.48
12655.8
11121.9
10729.1
9904.4
12919
11292.5
10894.6
12888.2
