7.95819	0 3 360  4 720 
6.03054	0 3 360  4 720 
5.06008	0 4 360  3 720 
6.6455	0 4 360  3 720 
6.5066	0 4 360  3 720 
6.52565	0 4 360  3 720 
5.09678	0 4 360  3 720 
5.71373	0 4 360  3 720 
5.76551	0 4 360  3 720 
6.04194	0 4 360  3 720 
5.96449	5.50534 4 528  3 720 
5.91217	5.31508 4 536  3 720 
6.06855	5.61394 4 541  3 720 
5.94115	5.46143 4 548  3 720 
6.0841	5.89487 4 555  3 720 
6.0066	4.94802 3 597  4 720 
4.96912	4.78325 3 561  4 720 
4.62632	4.63624 3 567  4 720 
5.2132	4.32692 3 562  4 720 
4.60071	4.4163 3 542  4 720 
5.0425	4.57402 3 583  4 720 
5.15211	4.50937 3 530  4 720 
5.10725	4.70321 3 564  4 720 
5.22828	4.57921 3 515  4 720 
4.98602	4.83709 3 533  4 720 
5.33047	4.90344 3 552  4 720 
4.8731	4.63654 3 503  4 720 
5.20061	4.44541 3 550  4 720 
5.51973	4.86473 3 537  4 720 
5.35846	4.69973 3 568  4 720 
5.40989	4.48836 3 536  4 720 
4.86899	4.63408 3 577  4 720 
5.4243	4.71318 3 563  4 720 
5.34095	4.5851 3 539  4 720 
4.91003	4.78713 3 580  4 720 
5.41728	4.55113 3 548  4 720 
5.73989	4.78061 3 602  4 720 
5.28766	5.11103 3 608  4 720 
5.92152	4.56957 3 596  4 720 
4.96574	4.71964 3 553  4 720 
4.87576	4.18782 3 486  4 720 
5.00625	4.59863 3 527  4 720 
5.18892	4.79023 3 539  4 720 
5.56124	4.76091 3 544  4 720 
4.98744	5.09698 3 562  4 720 
5.21147	4.41043 3 513  4 720 
5.39677	4.66043 3 528  4 720 
5.64425	4.71892 3 595  4 720 
5.12113	4.78371 3 565  4 720 
5.25926	4.44054 3 518  4 720 
5.02905	4.67735 3 520  4 720 
5.09343	4.64003 3 516  4 720 
5.13234	4.66308 3 506  4 720 
5.18573	4.72749 3 500  4 720 
5.20897	4.28248 3 585  4 720 
5.06771	4.38855 3 536  4 720 
5.01955	4.59793 3 546  4 720 
5.06682	4.6373 3 549  4 720 
5.11853	4.70383 3 543  4 720 
5.04179	4.66141 3 540  4 720 
5.09209	4.60464 3 530  4 720 
5.09497	4.69133 3 526  4 720 
4.97509	4.64902 3 533  4 720 
5.1144	4.91786 3 546  4 720 
4.79805	4.55687 3 538  4 720 
5.08063	4.65152 3 543  4 720 
5.0467	4.62084 3 542  4 720 
6.28413	4.83174 3 545  4 720 
5.01403	4.70198 3 545  4 720 
5.05807	4.83856 3 541  4 720 
5.0088	4.63495 3 529  4 720 
5.54356	4.79931 3 531  4 720 
4.98552	4.91726 3 553  4 720 
6.28502	4.48479 3 236  4 720 
5.32655	4.88639 3 555  4 720 
5.57456	4.35393 3 473  4 720 
5.08863	4.53827 3 533  4 720 
4.709	4.76505 3 574  4 720 
5.2792	4.70934 3 574  4 720 
5.07555	4.46064 3 543  4 720 
4.98377	4.702 3 555  4 720 
5.19141	4.62778 3 517  4 720 
4.80816	4.469 3 540  4 720 
4.68879	4.93306 3 559  4 720 
5.24618	4.13274 3 532  4 720 
5.13917	4.65348 3 528  4 720 
4.71968	4.83757 3 558  4 720 
5.39341	4.87038 3 582  4 720 
5.11954	4.55632 3 585  4 720 
5.1825	4.74248 3 583  4 720 
5.07464	4.56817 3 581  4 720 
5.22031	4.73737 3 565  4 720 
5.24281	4.50059 3 572  4 720 
4.67346	4.28087 3 570  4 720 
4.68162	4.25344 3 570  4 720 
5.71049	3.78719 3 518  4 720 
4.66217	4.49135 3 530  4 720 
5.20675	4.4307 3 557  4 720 
4.50265	4.53977 3 497  4 720 
5.21883	4.35014 3 515  4 720 
5.13938	4.29018 3 505  4 720 
4.9954	4.86556 3 524  4 720 
4.52821	4.6676 3 566  4 720 
5.59007	4.67749 3 600  4 720 
4.41201	4.18291 3 567  4 720 
5.56882	4.60927 3 604  4 720 
4.24257	4.04828 3 536  4 720 
5.11615	4.25979 3 571  4 720 
5.09521	4.44748 3 523  4 720 
5.17687	4.54069 3 527  4 720 
5.14553	4.66246 3 511  4 720 
5.14937	4.66747 3 532  4 720 
5.13548	4.66319 3 559  4 720 
5.39483	4.67426 3 530  4 720 
4.98957	4.59019 3 534  4 720 
5.29421	4.81877 3 543  4 720 
5.52632	4.71795 3 558  4 720 
5.10872	4.79027 3 568  4 720 
5.27679	4.29278 3 540  4 720 
5.67277	4.93502 3 591  4 720 
5.70605	5.06038 3 601  4 720 
5.77404	4.92353 3 603  4 720 
5.70498	4.93167 3 595  4 720 
5.97444	4.46829 3 550  4 720 
5.56539	4.84963 3 606  4 720 
5.30276	5.17193 3 628  4 720 
5.49364	4.49662 3 624  4 720 
5.76102	4.87845 3 620  4 720 
5.12676	5.02944 3 625  4 720 
5.95698	4.59545 3 626  4 720 
5.64801	4.94751 3 620  4 720 
5.81021	4.85497 3 617  4 720 
5.5694	5.00866 3 628  4 720 
5.93046	5.09476 3 630  4 720 
5.53214	4.75296 3 616  4 720 
5.86345	4.73084 3 594  4 720 
5.10257	4.79956 3 581  4 720 
4.9745	4.34982 3 580  4 720 
4.69599	4.27764 3 582  4 720 
5.06381	4.45979 3 563  4 720 
5.25288	4.18402 3 536  4 720 
5.18084	4.63049 3 549  4 720 
5.63007	4.72288 3 599  4 720 
5.66603	5.1013 3 615  4 720 
5.85383	4.91981 3 624  4 720 
5.8513	4.91201 3 624  4 720 
4.95859	4.66057 3 588  4 720 
5.34086	4.49605 3 544  4 720 
4.94462	4.63082 3 557  4 720 
5.20855	4.4122 3 506  4 720 
4.92029	4.51589 3 524  4 720 
4.7617	4.67821 3 521  4 720 
5.23469	4.49775 3 531  4 720 
5.32708	4.68466 3 567  4 720 
5.12829	4.46885 3 536  4 720 
5.35829	4.58455 3 547  4 720 
5.78996	4.80195 3 621  4 720 
5.82536	4.79304 3 610  4 720 
5.79624	4.84143 3 606  4 720 
5.20663	4.89224 3 609  4 720 
5.50795	4.51236 3 620  4 720 
5.65133	4.85756 3 627  4 720 
5.55181	4.51292 3 621  4 720 
5.60506	4.44387 3 608  4 720 
5.80168	4.47055 3 603  4 720 
5.65696	4.50573 3 594  4 720 
5.8702	5.15663 3 612  4 720 
5.84383	5.05291 3 614  4 720 
4.91993	4.61314 3 574  4 720 
5.58843	4.42165 3 538  4 720 
4.85527	4.73631 3 557  4 720 
5.20865	4.89716 3 537  4 720 
4.83145	4.63261 3 548  4 720 
5.39344	4.97719 3 571  4 720 
5.03143	4.41867 3 533  4 720 
5.29777	4.74005 3 550  4 720 
5.66981	4.60619 3 597  4 720 
5.08869	4.96668 3 555  4 720 
5.04495	4.45906 3 522  4 720 
5.04008	4.77462 3 550  4 720 
5.00182	4.73002 3 568  4 720 
5.54443	4.44492 3 509  4 720 
5.03458	4.58684 3 521  4 720 
5.44088	4.93516 3 530  4 720 
5.07555	4.70666 3 555  4 720 
5.44147	4.94192 3 557  4 720 
5.2676	4.66355 3 562  4 720 
5.47292	4.7633 3 567  4 720 
5.14081	4.74247 3 563  4 720 
5.39598	4.74253 3 552  4 720 
5.12429	4.52555 3 541  4 720 
4.72095	4.78646 3 587  4 720 
5.57994	4.75756 3 590  4 720 
5.63035	4.63077 3 599  4 720 
5.55783	4.9352 3 593  4 720 
5.2859	4.39369 3 561  4 720 
4.72465	4.48901 3 494  4 720 
5.24253	4.44953 3 511  4 720 
5.35079	4.53777 3 518  4 720 
5.21362	4.83619 3 520  4 720 
4.95835	4.77734 3 535  4 720 
5.1362	4.75445 3 549  4 720 
5.12498	4.63681 3 545  4 720 
5.20533	4.90568 3 545  4 720 
5.11715	4.63504 3 545  4 720 
5.07164	4.82567 3 544  4 720 
5.15471	4.60437 3 546  4 720 
5.05283	4.65397 3 545  4 720 
5.25436	4.69254 3 533  4 720 
5.53763	4.79021 3 538  4 720 
5.04202	4.82549 3 540  4 720 
5.20155	4.76119 3 550  4 720 
5.11969	4.83319 3 567  4 720 
5.38895	4.46806 3 507  4 720 
5.30534	4.59682 3 522  4 720 
5.25477	4.83909 3 524  4 720 
5.06342	4.89013 3 551  4 720 
5.80761	4.94464 3 590  4 720 
5.14383	4.96482 3 542  4 720 
4.92012	4.50636 3 528  4 720 
5.3074	4.92703 3 549  4 720 
5.36686	4.9123 3 583  4 720 
5.21179	4.81526 3 535  4 720 
5.12859	4.67873 3 566  4 720 
5.23507	4.82303 3 557  4 720 
5.15809	4.71835 3 562  4 720 
5.20265	4.68631 3 570  4 720 
5.22211	4.77984 3 567  4 720 
5.32239	4.66153 3 551  4 720 
5.59514	4.64597 3 592  4 720 
5.66257	4.92641 3 593  4 720 
5.93566	4.8757 3 592  4 720 
4.78699	4.73966 3 577  4 720 
4.95173	4.36952 3 574  4 720 
4.70206	4.53888 3 581  4 720 
5.28906	3.82445 3 520  4 720 
4.44057	4.51858 3 565  4 720 
5.34638	4.03401 3 534  4 720 
4.93074	4.48063 3 577  4 720 
4.87489	3.97088 3 528  4 720 
5.36451	4.31542 3 551  4 720 
6.11823	4.81548 3 556  4 720 
5.05292	4.28366 3 519  4 720 
5.41858	4.47356 3 522  4 720 
4.84656	4.57867 3 574  4 720 
5.42307	4.735 3 556  4 720 
5.10324	4.40324 3 532  4 720 
5.07887	4.68182 3 542  4 720 
5.0515	4.74393 3 547  4 720 
5.06995	4.78166 3 560  4 720 
5.24398	4.27608 3 506  4 720 
5.27254	4.62457 3 502  4 720 
5.51949	4.83161 3 538  4 720 
4.74026	4.68248 3 562  4 720 
5.30701	4.87724 3 563  4 720 
4.96982	4.7506 3 542  4 720 
5.26163	4.75756 3 588  4 720 
5.12475	4.89674 3 540  4 720 
4.99538	4.59808 3 557  4 720 
5.56297	4.71839 3 541  4 720 
5.24016	4.73475 3 587  4 720 
5.21416	4.82891 3 565  4 720 
5.21779	4.43272 3 533  4 720 
4.97062	4.80091 3 556  4 720 
5.5585	4.68396 3 549  4 720 
5.83794	4.76544 3 605  4 720 
5.92028	5.19945 3 595  4 720 
5.15445	4.74237 3 577  4 720 
5.04627	4.49267 3 528  4 720 
5.02743	4.68543 3 550  4 720 
4.75141	4.78025 3 571  4 720 
5.45342	4.42305 3 539  4 720 
5.10283	4.5872 3 538  4 720 
5.23336	4.70359 3 554  4 720 
4.97246	4.47491 3 519  4 720 
5.28305	4.65084 3 541  4 720 
5.10339	4.82147 3 561  4 720 
5.31712	4.78703 3 533  4 720 
5.11793	4.66434 3 563  4 720 
5.32435	4.81793 3 575  4 720 
5.79735	4.55602 3 596  4 720 
5.92219	5.1524 3 601  4 720 
5.72977	4.89623 3 599  4 720 
5.06305	4.90637 3 580  4 720 
5.09652	4.4857 3 548  4 720 
5.28499	4.67176 3 565  4 720 
4.86455	4.54704 3 513  4 720 
5.23895	4.48022 3 533  4 720 
4.90516	4.75685 3 568  4 720 
5.28342	4.77042 3 550  4 720 
5.66488	4.58075 3 610  4 720 
5.86288	5.28811 3 629  4 720 
5.60499	4.92197 3 627  4 720 
5.82155	4.74204 3 609  4 720 
5.69762	4.83519 3 593  4 720 
5.2498	4.7929 3 597  4 720 
5.05926	4.41108 3 600  4 720 
5.98964	4.44895 3 598  4 720 
4.90556	4.45519 3 602  4 720 
5.59421	4.54376 3 599  4 720 
5.75413	4.67093 3 598  4 720 
4.76935	4.2805 3 580  4 720 
5.59852	4.8692 3 601  4 720 
6.60539	3.42055 3 257  4 720 
4.44374	5.00476 3 579  4 720 
5.6171	4.03793 3 531  4 720 
4.71138	4.64856 3 557  4 720 
5.26791	4.48556 3 522  4 720 
5.16147	4.6079 3 527  4 720 
5.01511	4.92924 3 533  4 720 
5.15972	4.65205 3 536  4 720 
4.98206	4.823 3 535  4 720 
4.79439	4.67932 3 536  4 720 
5.22147	4.5038 3 552  4 720 
5.78816	4.65509 3 520  4 720 
5.43561	4.45844 3 524  4 720 
5.83402	4.86413 3 602  4 720 
4.9411	4.73997 3 574  4 720 
4.95552	4.64627 3 549  4 720 
5.03415	4.51946 3 575  4 720 
5.21079	4.74574 3 540  4 720 
5.11567	4.50233 3 545  4 720 
5.03101	4.92346 3 586  4 720 
5.17179	4.73917 3 587  4 720 
5.9637	4.83999 3 591  4 720 
5.51069	4.88334 3 594  4 720 
5.63035	4.67579 3 594  4 720 
4.94265	4.67131 3 580  4 720 
5.02878	4.76309 3 559  4 720 
4.9138	4.0745 3 519  4 720 
5.2593	4.60456 3 531  4 720 
4.92168	4.67238 3 565  4 720 
5.40584	4.75814 3 554  4 720 
5.67431	4.48511 3 535  4 720 
5.69062	4.83833 3 594  4 720 
5.28028	4.89309 3 583  4 720 
5.27665	4.6191 3 540  4 720 
5.18107	4.69035 3 541  4 720 
5.93062	4.79295 3 591  4 720 
4.8477	4.94758 3 587  4 720 
5.28512	4.49502 3 551  4 720 
5.08732	4.59123 3 549  4 720 
5.7899	4.97037 3 592  4 720 
5.29492	4.948 3 569  4 720 
5.29924	4.56265 3 523  4 720 
5.19134	4.56872 3 532  4 720 
5.04513	4.96511 3 544  4 720 
5.04481	4.80422 3 557  4 720 
5.13235	4.41122 3 512  4 720 
5.97495	4.61403 3 551  4 720 
4.51742	5.30694 3 588  4 720 
4.93462	4.43912 3 585  4 720 
4.81417	4.17856 3 545  4 720 
5.20948	4.70889 3 573  4 720 
5.46361	4.65987 3 544  4 720 
5.1259	4.56109 3 537  4 720 
5.26401	4.96779 3 572  4 720 
5.49208	4.60833 3 535  4 720 
5.0209	4.60743 3 540  4 720 
5.33999	4.99127 3 584  4 720 
5.28708	4.59341 3 555  4 720 
5.19388	4.46134 3 513  4 720 
4.89145	4.83886 3 539  4 720 
6.00863	4.92284 3 589  4 720 
5.02613	4.70624 3 545  4 720 
5.53972	5.07949 3 595  4 720 
5.34767	5.09542 3 596  4 720 
5.27587	4.66615 3 598  4 720 
5.26176	4.7176 3 597  4 720 
5.433	4.75807 3 595  4 720 
5.0466	4.36364 3 565  4 720 
5.29255	4.48417 3 553  4 720 
5.27027	4.05076 3 520  4 720 
4.88991	4.55119 3 557  4 720 
5.17328	4.44698 3 534  4 720 
4.94264	4.69561 3 540  4 720 
5.14781	4.9009 3 544  4 720 
5.17328	4.64144 3 540  4 720 
4.59409	4.68808 3 586  4 720 
5.7187	4.72368 3 619  4 720 
5.58445	4.56779 3 597  4 720 
5.88477	5.27928 3 617  4 720 
5.83611	5.12379 3 616  4 720 
5.91328	4.83015 3 590  4 720 
5.26757	4.63529 3 526  4 720 
5.12809	4.85039 3 557  4 720 
4.87202	4.49061 3 505  4 720 
5.13631	4.70408 3 537  4 720 
5.20246	4.8984 3 548  4 720 
5.34548	4.93752 3 583  4 720 
5.30067	4.64357 3 531  4 720 
5.2141	4.76081 3 525  4 720 
5.29991	4.91947 3 567  4 720 
5.14078	4.56452 3 533  4 720 
5.21224	4.65991 3 541  4 720 
5.57546	4.80988 3 610  4 720 
5.62557	4.78158 3 592  4 720 
5.99298	5.13421 3 606  4 720 
5.60857	5.1711 3 598  4 720 
5.41187	4.79226 3 582  4 720 
5.05652	4.58313 3 553  4 720 
5.16996	4.28925 3 505  4 720 
4.98991	4.58996 3 511  4 720 
5.08029	4.80382 3 521  4 720 
5.09921	4.56148 3 519  4 720 
5.0533	5.09263 3 543  4 720 
4.83284	4.90739 3 562  4 720 
5.30714	4.59632 3 540  4 720 
5.1045	4.6751 3 539  4 720 
5.42498	4.98191 3 584  4 720 
4.85878	4.58221 3 544  4 720 
5.27443	4.64787 3 569  4 720 
5.28827	4.75635 3 569  4 720 
5.55281	4.72123 3 555  4 720 
5.32814	4.78867 3 542  4 720 
4.63489	4.78008 3 584  4 720 
5.22761	4.85922 3 606  4 720 
4.95741	3.78163 3 516  4 720 
5.13296	4.55172 3 536  4 720 
5.17199	4.82096 3 581  4 720 
5.04739	4.47117 3 536  4 720 
5.33572	4.63804 3 541  4 720 
5.30257	4.80716 3 581  4 720 
5.26547	4.6008 3 539  4 720 
5.1372	4.67248 3 545  4 720 
5.30244	4.96736 3 564  4 720 
5.25245	4.54873 3 529  4 720 
5.30345	5.03673 3 546  4 720 
5.14205	4.81405 3 556  4 720 
5.33986	4.67318 3 518  4 720 
5.04023	4.70011 3 537  4 720 
5.67315	4.95686 3 623  4 720 
5.39164	5.08116 3 635  4 720 
5.81224	5.44146 3 636  4 720 
5.86046	5.28628 3 611  4 720 
5.08502	4.46612 3 562  4 720 
5.17864	4.46542 3 512  4 720 
5.21402	4.66889 3 544  4 720 
5.47361	4.88122 3 562  4 720 
5.42752	4.40749 3 526  4 720 
5.05437	4.58432 3 562  4 720 
5.4447	4.73324 3 549  4 720 
5.73404	4.73173 3 601  4 720 
5.57144	4.93818 3 606  4 720 
5.72848	5.00521 3 603  4 720 
5.04927	4.64759 3 578  4 720 
5.06389	4.40055 3 532  4 720 
5.14836	4.60513 3 554  4 720 
4.84273	4.55167 3 501  4 720 
5.49205	4.36051 3 556  4 720 
4.82048	4.34253 3 483  4 720 
5.436	4.63991 3 515  4 720 
5.04434	4.65375 3 540  4 720 
5.27553	4.88269 3 579  4 720 
5.32675	4.56241 3 533  4 720 
5.22896	4.77144 3 538  4 720 
5.31318	4.86607 3 581  4 720 
5.35015	4.69709 3 554  4 720 
5.32401	4.3056 3 515  4 720 
5.02713	4.8544 3 532  4 720 
5.82415	4.86334 3 596  4 720 
5.83491	5.02337 3 607  4 720 
5.64421	5.03755 3 593  4 720 
5.21842	4.66448 3 583  4 720 
5.20767	4.56672 3 540  4 720 
4.94309	4.81235 3 577  4 720 
5.02709	4.43263 3 516  4 720 
5.05299	4.68606 3 554  4 720 
4.99085	4.60495 3 514  4 720 
5.28429	4.50093 3 537  4 720 
5.16415	4.81192 3 570  4 720 
5.38676	4.75473 3 523  4 720 
4.97951	4.60055 3 554  4 720 
5.3662	5.04088 3 542  4 720 
5.5259	4.85229 3 605  4 720 
5.80272	5.24004 3 628  4 720 
5.72078	4.95555 3 635  4 720 
5.9062	5.14867 3 608  4 720 
5.57474	4.86035 3 592  4 720 
5.05837	4.74237 3 577  4 720 
5.05569	4.41872 3 540  4 720 
4.99324	4.88642 3 576  4 720 
5.10725	4.57592 3 520  4 720 
5.21495	4.58881 3 548  4 720 
4.98801	4.94111 3 568  4 720 
5.10163	4.60818 3 518  4 720 
5.00821	4.60784 3 565  4 720 
5.07088	4.62961 3 517  4 720 
6.11899	4.38666 3 243  4 720 
6.15636	4.38676 3 636  4 720 
5.83464	4.04912 3 267  4 720 
5.10722	5.33833 3 571  4 720 
5.2795	4.54046 3 315  4 720 
5.06825	4.63347 3 575  4 720 
5.37438	3.89584 3 466  4 720 
5.26799	4.86429 3 560  4 720 
5.39442	4.23237 3 470  4 720 
5.22423	4.66152 3 525  4 720 
4.9577	4.38498 3 526  4 720 
5.13392	5.09369 3 570  4 720 
4.8775	4.37492 3 512  4 720 
5.34356	4.53232 3 524  4 720 
4.97111	4.87148 3 554  4 720 
5.3541	4.93861 3 565  4 720 
5.16432	4.60501 3 574  4 720 
5.43497	4.74567 3 559  4 720 
5.15244	4.56832 3 546  4 720 
5.62066	4.60175 3 596  4 720 
5.70568	5.1172 3 605  4 720 
6.02559	4.85981 3 606  4 720 
5.53159	4.88759 3 605  4 720 
5.93289	4.84692 3 592  4 720 
5.03047	4.85883 3 586  4 720 
5.41967	4.53387 3 535  4 720 
4.96419	4.44815 3 555  4 720 
5.21962	4.54465 3 513  4 720 
5.01683	4.50534 3 535  4 720 
5.01219	4.912 3 563  4 720 
5.64048	4.37602 3 515  4 720 
5.39924	4.74269 3 550  4 720 
5.52695	5.21124 3 592  4 720 
5.14255	4.83315 3 583  4 720 
4.98484	4.83709 3 571  4 720 
5.01063	4.6191 3 556  4 720 
5.42715	4.58785 3 537  4 720 
4.872	4.86421 3 581  4 720 
5.17849	4.67392 3 547  4 720 
5.36802	4.88945 3 580  4 720 
5.0478	4.82019 3 525  4 720 
4.99506	4.7675 3 567  4 720 
4.79204	4.66821 3 513  4 720 
5.33146	4.38712 3 558  4 720 
5.32052	4.66757 3 524  4 720 
5.33034	4.52899 3 534  4 720 
4.91884	4.86142 3 545  4 720 
5.79098	4.88794 3 604  4 720 
6.00072	5.05295 3 597  4 720 
5.12176	4.9469 3 586  4 720 
5.33158	4.75086 3 539  4 720 
5.36567	4.71317 3 545  4 720 
5.16673	4.86413 3 569  4 720 
5.01822	4.59375 3 503  4 720 
5.28641	4.47631 3 561  4 720 
4.8012	4.38484 3 501  4 720 
5.17075	4.50122 3 539  4 720 
5.36269	4.84665 3 567  4 720 
5.45385	4.72709 3 527  4 720 
5.13438	4.63682 3 534  4 720 
5.92889	4.98576 3 575  4 720 
6.46032	4.85109 3 517  4 720 
5.71841	5.10894 3 543  4 720 
5.70765	5.55015 3 574  4 720 
5.83511	5.29856 3 534  4 720 
5.82956	5.19939 3 555  4 720 
5.23306	5.16155 3 524  4 720 
5.18423	4.80931 3 566  4 720 
5.37981	5.33614 3 584  4 720 
5.94309	4.72082 3 590  4 720 
5.16735	4.87925 3 586  4 720 
5.36201	4.74354 3 570  4 720 
5.0616	4.67004 3 574  4 720 
5.37681	4.74847 3 577  4 720 
5.16109	4.53987 3 575  4 720 
5.14438	4.68621 3 552  4 720 
5.62765	4.48851 3 540  4 720 
5.15545	4.54816 3 571  4 720 
5.24699	4.78663 3 562  4 720 
5.67544	4.57115 3 546  4 720 
5.9945	4.53822 3 589  4 720 
5.16999	5.0782 3 580  4 720 
5.36404	4.5439 3 552  4 720 
5.46165	4.56602 3 545  4 720 
5.01017	4.73341 3 577  4 720 
5.63945	4.77771 3 564  4 720 
5.30925	4.56201 3 536  4 720 
5.56567	4.814 3 571  4 720 
5.07927	4.68897 3 521  4 720 
5.09645	4.70549 3 556  4 720 
5.21774	4.78558 3 547  4 720 
5.71785	4.70414 3 606  4 720 
5.76615	5.04176 3 603  4 720 
6.04449	5.20163 3 599  4 720 
5.12601	4.6466 3 582  4 720 
5.35916	4.59203 3 510  4 720 
4.86692	4.31428 3 518  4 720 
5.18057	4.64916 3 518  4 720 
6.0994	4.59451 3 514  4 720 
5.19279	4.44602 3 520  4 720 
5.35726	4.64604 3 530  4 720 
5.36881	4.88067 3 536  4 720 
5.27474	4.64344 3 541  4 720 
5.20558	4.86463 3 567  4 720 
5.22137	4.54387 3 518  4 720 
5.54736	4.70562 3 512  4 720 
5.08809	4.89729 3 537  4 720 
5.11281	5.11789 3 560  4 720 
5.2145	4.93169 3 526  4 720 
4.96594	4.85801 3 567  4 720 
5.28452	4.62709 3 515  4 720 
4.77957	4.82504 3 537  4 720 
5.23108	4.83054 3 567  4 720 
5.43285	4.56622 3 522  4 720 
5.25262	4.6389 3 527  4 720 
5.43905	4.85992 3 570  4 720 
7.3234	4.7034 3 520  4 720 
