0.264494
0.189264
0.130642
0.115713
0.128432
0.184973
0.161207
0.1775
0.186414
0.145636
0.182061
0.198607
0.150109
0.113804
0.0999525
0.176231
0.126999
0.130102
0.151801
0.183162
0.144423
0.201169
0.139618
0.219875
0.143468
0.163393
0.165068
0.232576
0.16039
0.176893
0.195323
0.14754
0.192985
0.148316
0.213792
0.181226
0.179937
0.114198
0.144752
0.187886
0.201834
0.187287
0.190992
0.137914
0.136603
0.0999623
0.146684
0.14643
0.129571
0.119167
0.113272
0.143364
0.14642
0.134985
0.167727
0.140071
0.136644
0.135913
0.129842
0.146537
0.131649
0.117919
0.147583
0.13776
0.106449
0.117568
0.0986095
0.135839
0.096121
0.126509
0.114334
0.124859
0.116025
0.16855
0.118913
0.185711
0.13132
0.140603
0.104292
0.14058
0.0838194
0.143328
0.128963
0.152726
0.125478
0.142814
0.115441
0.131232
0.123544
0.113265
0.154164
0.171196
0.151167
0.158097
0.144434
0.122419
0.11256
0.129209
0.0963271
0.15572
0.0936431
0.140763
0.121139
0.168697
0.115107
0.152488
0.131019
0.179094
0.1542
0.129946
0.112878
0.158613
0.152809
0.10445
0.3571
0.0946316
0.127428
0.107782
0.12274
0.13415
0.15401
0.113887
0.0956496
0.118323
0.127978
0.153466
0.108815
0.147147
0.137417
0.102693
0.110367
0.10674
0.12621
0.12939
0.103694
0.11632
0.10711
0.166076
0.0871334
0.138443
0.136285
0.101
0.121099
0.123798
0.146732
0.136199
0.110851
0.117911
0.1532
0.10321
0.112359
0.101437
0.155081
0.111796
0.138052
0.12067
0.129833
0.177268
0.175667
0.161836
0.194424
0.0880459
0.0956248
0.116103
0.1081
0.102349
0.115695
0.12169
0.118368
0.100846
0.12901
0.124298
0.113895
0.104708
0.1026
0.109279
0.115791
0.123504
0.107083
0.141007
0.109073
0.0992092
0.0923483
0.131279
0.144415
0.092722
0.124667
0.128506
0.09975
0.125615
0.121814
0.128756
0.184713
0.115266
0.100377
0.0998407
0.136397
0.106677
0.113335
0.100602
0.148889
0.100884
0.124227
0.143235
0.113387
0.279616
0.0966322
0.113756
0.142168
0.113402
0.102759
0.143667
0.103547
0.099005
0.085141
0.108511
0.098848
0.148055
0.130802
0.0955932
0.106184
0.123062
0.099821
0.110622
0.0903842
0.0761039
0.140683
0.117461
0.100633
0.181072
0.134114
0.117723
0.0918126
0.12447
0.151023
0.200052
0.14652
0.129671
0.130093
0.127275
0.150312
0.0793094
0.119003
0.129258
0.144118
0.113372
0.121348
0.091782
0.127116
0.105393
0.15163
0.0973513
0.151468
0.116819
0.129398
0.0964048
0.125506
0.11907
0.172713
0.148792
0.114582
0.126239
0.125621
0.1449
0.109581
0.133449
0.0945428
0.112479
0.162754
0.162655
0.151755
0.135171
0.0860882
0.132632
0.14112
0.111806
0.102286
0.127836
0.129485
0.099956
0.135526
0.114335
0.140729
0.117053
0.123648
0.133766
0.123851
0.138356
0.0940116
0.105628
0.118142
0.120374
0.130792
0.131064
0.109265
0.145538
0.0881576
0.101496
0.119012
0.10884
0.108905
0.173203
0.16903
0.172687
0.104426
0.137798
0.115521
0.157727
0.128738
0.166355
0.11664
0.117326
0.118007
0.117422
0.120417
0.117976
0.139791
0.107546
0.138019
0.148423
0.169543
0.145505
0.114061
0.112731
0.179854
0.131794
0.140471
0.169858
0.124572
0.104606
0.128458
0.133198
0.11943
0.103577
0.106871
0.13003
0.120964
0.143763
0.120994
0.128031
0.100673
0.108182
0.116908
0.090452
0.117564
0.117766
0.123532
0.129342
0.138884
0.130734
0.16747
0.102978
0.0999017
0.134993
0.17786
0.110767
0.110355
0.128379
0.0900934
0.157966
0.10703
0.117402
0.128638
0.0981686
0.156676
0.114352
0.110927
0.108712
0.122996
0.129787
0.128502
0.134287
0.13639
0.12336
0.12372
0.121459
0.134896
0.109456
0.119368
0.130493
0.124562
0.175018
0.145192
0.0860708
0.142004
0.310563
0.155563
0.119879
0.126987
0.126467
0.135033
0.111711
0.157134
0.0823057
0.158254
0.161829
0.107461
0.138901
0.136661
0.132637
0.116093
0.17251
0.134085
0.102938
0.182325
0.075285
0.099655
0.13685
0.151258
0.11943
0.144336
0.124596
0.0951356
0.118628
0.156843
0.164208
0.125621
0.15076
0.120892
0.117089
0.185456
0.104888
0.128839
0.0983714
0.148463
0.141108
0.141629
0.134944
0.127284
0.130575
0.124432
0.108572
0.128419
0.116414
0.140298
0.100755
0.167329
0.0990458
0.0922773
0.0995844
0.127174
0.162514
0.131368
0.123966
0.117636
0.0949078
0.189364
0.11535
0.132913
0.161568
0.121074
0.0962739
0.106489
0.138511
0.103194
0.123298
0.0781528
0.110625
0.11579
0.135631
0.0991883
0.0913568
0.110668
0.155668
0.102325
0.145477
0.15433
0.0880787
0.139272
0.153998
0.0936207
0.136808
0.0932461
0.109478
0.101043
0.142817
0.113293
0.113383
0.143768
0.103456
0.107127
0.144233
0.119074
0.136944
0.159982
0.148092
0.113824
0.129655
0.103072
0.106035
0.106554
0.0901356
0.163563
0.102514
0.10531
0.100198
0.0739972
0.148791
0.151587
0.13483
0.116822
0.106113
0.0967701
0.0969042
0.117668
0.143713
0.0876251
0.0949116
0.139104
0.146922
0.099707
0.110519
0.0880222
0.140734
0.169318
0.118694
0.119344
0.123051
0.0927289
0.148033
0.147974
0.114434
0.0928185
0.119497
0.116402
0.143826
0.10609
0.10071
0.15842
0.116702
0.12293
0.122789
0.0854407
0.0879057
0.117583
0.109454
0.144926
0.0830704
0.106445
0.152001
0.109978
0.128534
0.155424
0.110695
0.129541
0.1139
0.103407
0.144819
0.11672
0.193418
0.175115
0.1219
0.13979
0.0981873
0.10672
0.0980496
