2.76513e-07 2.24611e-07 0.261646 290880 165 1.338e-06
2.50475e-07 2.88316e-07 0.264305 290880 165 1.706e-06
2.35124e-07 2.50504e-07 0.15583 110880 18 0.0993259
1.68689e-07 4.0848e-07 0.188571 102720 18 0.119872
2.25299e-07 2.7672e-07 0.110266 258720 16 1.523e-06
1.12102e-07 4.25578e-07 0.130359 112800 35 0.0667497
2.14589e-07 2.80733e-07 0.113954 268800 30 1.396e-06
8.32761e-08 3.68052e-07 0.115412 107520 28 0.0830886
2.20337e-07 2.76964e-07 0.106092 274080 14 4.036e-06
6.37153e-08 3.68877e-07 0.128146 120000 34 0.0602937
2.40412e-07 3.11826e-07 0.156415 272160 20 1.458e-06
5.09079e-08 4.56962e-07 0.184104 115200 28 0.0642712
2.54136e-07 3.29499e-07 0.130911 257280 16 1.303e-06
4.1627e-08 4.72332e-07 0.160673 97440 35 0.0801719
2.4035e-07 3.0889e-07 0.157815 80640 16 0.122592
3.54149e-08 4.40826e-07 0.176804 98400 20 0.122736
2.44485e-07 3.11797e-07 0.135773 264000 16 2.449e-06
2.96423e-08 4.46498e-07 0.185845 108480 29 0.106132
2.38939e-07 3.10859e-07 0.0960065 269760 37 1.183e-06
2.56588e-08 4.25906e-07 0.14535 109440 30 0.106038
2.46904e-07 3.32111e-07 0.172369 277920 14 1.459e-06
2.23782e-08 4.66902e-07 0.181763 115200 33 0.0697216
2.63092e-07 3.3661e-07 0.144773 271680 18 4.587e-06
1.54138e-08 5.78829e-07 0.198296 106560 28 0.0754459
2.44183e-07 3.17378e-07 0.0788962 258720 16 3.304e-06
7.17959e-09 5.1141e-07 0.149755 94080 31 0.0944755
2.2919e-07 3.05401e-07 0.111904 277440 42 1.407e-06
2.79403e-09 4.96721e-07 0.108393 100800 18 0.0482606
2.45989e-07 3.02049e-07 0.129748 283680 30 1.471e-06
-1.26263e-09 4.33015e-07 0.0996774 105600 23 0.0616562
2.30296e-07 2.90634e-07 0.0917725 277440 14 4.354e-06
1.51967e-08 3.87547e-07 0.129723 110880 47 0.0877874
2.63682e-07 3.41406e-07 0.188057 284160 47 1.908e-06
3.09972e-09 3.80764e-07 0.126556 126240 13 0.0603381
2.60039e-07 3.3428e-07 0.0963462 266880 12 1.553e-06
-5.08135e-09 3.51619e-07 0.129087 135360 14 0.0634821
2.46462e-07 3.11773e-07 0.0812444 273600 18 5.291e-06
5.03934e-08 3.37437e-07 0.151011 138240 17 0.086657
2.27414e-07 2.97663e-07 0.0846345 271680 16 6.585e-06
8.13234e-08 3.34282e-07 0.150626 132480 16 0.0978172
2.36684e-07 3.19131e-07 0.188379 285600 46 1.645e-06
1.00307e-07 3.68365e-07 0.143821 133920 18 0.0663913
2.81541e-07 3.71462e-07 0.191291 284160 24 1.146e-06
9.78412e-08 4.30237e-07 0.200605 119040 64 0.100583
2.76518e-07 3.71413e-07 0.136381 266880 14 6.643e-06
9.60245e-08 4.70568e-07 0.139041 113760 23 0.0564795
9.5346e-08 4.57349e-07 0.219323 106080 32 0.160665
2.31967e-07 4.30659e-07 0.249151 83520 31 0.182751
1.08614e-07 4.0519e-07 0.142895 116640 36 0.0914916
1.97624e-07 4.25805e-07 0.17072 96480 22 0.120787
1.30427e-07 3.60186e-07 0.162862 121440 10 0.112743
1.74236e-07 4.07914e-07 0.169104 102240 22 0.116672
1.97881e-07 3.77314e-07 0.142385 301440 30 1.336e-06
1.47431e-07 4.01491e-07 0.164614 128640 19 0.0589199
1.78647e-07 4.9647e-07 0.232149 114240 55 0.0923954
2.52467e-07 4.27752e-07 0.220852 290880 23 6.709e-06
1.61995e-07 4.55693e-07 0.149584 94080 20 0.111752
2.26933e-07 3.97144e-07 0.173423 83040 29 0.127108
1.56124e-07 3.99945e-07 0.174978 102720 25 0.141125
2.11402e-07 3.73378e-07 0.208069 96000 24 0.161976
1.78767e-07 4.38727e-07 0.194451 115680 22 0.0828723
2.40325e-07 3.78841e-07 0.154367 288960 24 1.488e-06
1.61976e-07 3.85193e-07 0.0902935 107040 34 0.0597719
2.09292e-07 3.58651e-07 0.10309 110400 24 0.0620947
1.71088e-07 3.68419e-07 0.191224 121440 12 0.132566
1.87753e-07 3.36376e-07 0.213139 120000 40 0.16863
2.29287e-07 3.39111e-07 0.142658 298080 34 3.534e-06
1.58767e-07 3.89431e-07 0.147263 131040 16 0.0734523
2.33834e-07 3.08481e-07 0.0862241 286080 24 7.038e-06
1.62885e-07 3.82209e-07 0.213334 128160 17 0.14665
2.69097e-07 3.21924e-07 0.142771 293280 29 7.405e-06
1.94699e-07 3.89831e-07 0.177102 306720 64 1.893e-06
2.93431e-07 3.45956e-07 0.153274 281280 14 1.302e-06
2.04917e-07 3.9399e-07 0.14747 295680 23 1.163e-06
2.88915e-07 3.078e-07 0.0822973 269760 25 1.603e-06
1.89899e-07 3.54118e-07 0.113742 110880 31 0.0766132
3.22356e-07 3.29563e-07 0.146534 267840 14 1.339e-06
2.03649e-07 3.29525e-07 0.144279 111840 35 0.086703
3.81332e-07 3.52311e-07 0.186541 257760 18 1.172e-06
2.19006e-07 3.6901e-07 0.187417 285120 32 4.333e-06
3.36556e-07 3.78628e-07 0.208489 90720 42 0.147317
2.01548e-07 3.65517e-07 0.201349 99360 21 0.155023
3.1835e-07 3.56199e-07 0.0871544 257760 14 3.495e-06
1.84755e-07 3.31438e-07 0.161234 100320 25 0.125527
3.47178e-07 3.40001e-07 0.142671 266880 28 1.327e-06
2.22639e-07 3.44221e-07 0.175271 295680 29 1.13e-06
3.54011e-07 3.48468e-07 0.114837 255840 14 1.586e-06
2.37457e-07 3.41366e-07 0.118992 286080 29 3.286e-06
3.22095e-07 3.12216e-07 0.0657272 251040 34 1.328e-06
2.30064e-07 3.22352e-07 0.096121 275520 14 1.721e-06
3.15708e-07 3.11721e-07 0.0991553 255840 33 1.785e-06
2.24934e-07 2.95817e-07 0.08119 275520 16 1.107e-06
3.07928e-07 3.06528e-07 0.0988943 255840 35 1.391e-06
2.17438e-07 2.93997e-07 0.114354 271680 14 1.697e-06
3.01646e-07 3.1046e-07 0.105505 251520 35 1.768e-06
2.27702e-07 2.90282e-07 0.105361 273600 25 1.212e-06
3.20988e-07 3.46714e-07 0.155976 251520 33 3.478e-06
2.56245e-07 2.8639e-07 0.128404 271200 14 3.745e-06
2.8192e-07 3.01066e-07 0.116735 100800 40 0.090489
2.43136e-07 2.704e-07 0.0802189 253440 19 1.3338e-05
2.9482e-07 3.04765e-07 0.123304 259200 14 1.978e-06
2.31755e-07 2.5277e-07 0.0720404 258240 42 1.506e-06
2.85436e-07 3.02196e-07 0.0937335 257280 29 1.527e-06
2.55349e-07 2.85725e-07 0.134754 261120 28 1.542e-06
2.56488e-07 2.76263e-07 0.135422 109920 63 0.0994671
2.36681e-07 2.68694e-07 0.145689 84960 44 0.108895
2.50199e-07 2.73232e-07 0.0866963 265440 14 1.236e-06
2.36836e-07 2.84886e-07 0.117454 257280 10 1.268e-06
2.71219e-07 2.86846e-07 0.115109 260640 34 1.2521e-05
2.37806e-07 2.77333e-07 0.16723 85440 37 0.121656
2.74153e-07 2.77806e-07 0.144888 105120 43 0.0829808
2.28196e-07 2.92319e-07 0.11548 262080 10 2.858e-06
2.53776e-07 2.7663e-07 0.158559 108480 25 0.105506
2.37772e-07 2.82141e-07 0.120209 264000 21 1.435e-06
2.45241e-07 2.63828e-07 0.0871762 262080 18 1.407e-06
2.76453e-07 2.76118e-07 0.135262 262080 37 2.681e-06
2.27656e-07 2.49922e-07 0.114164 259200 37 1.434e-06
2.78322e-07 2.64216e-07 0.11278 253920 33 6.167e-06
2.19122e-07 2.56804e-07 0.0961524 272640 30 1.255e-06
2.90206e-07 2.75471e-07 0.111979 253920 30 1.282e-06
2.22992e-07 2.41936e-07 0.0953831 272640 16 1.683e-06
2.98998e-07 2.67717e-07 0.116308 250080 37 1.441e-06
2.17391e-07 2.43215e-07 0.0818193 264480 20 2.299e-06
3.04463e-07 2.55391e-07 0.109672 250080 35 1.546e-06
2.05879e-07 2.28927e-07 0.0798209 267840 37 9.587e-06
2.75167e-07 2.54443e-07 0.0929619 249120 35 5.165e-06
2.07617e-07 2.36513e-07 0.0864186 271680 16 1.281e-06
2.6143e-07 2.57282e-07 0.104354 257280 30 1.836e-06
2.38594e-07 2.73767e-07 0.142923 267360 20 1.433e-06
2.50008e-07 2.48731e-07 0.0823805 261600 42 1.08e-06
2.47273e-07 2.57715e-07 0.0932289 258720 14 1.281e-06
2.47312e-07 2.51748e-07 0.0955181 264000 28 1.733e-06
2.44059e-07 2.62687e-07 0.0898083 254400 34 1.603e-06
2.5018e-07 2.35485e-07 0.0909968 264000 34 1.195e-06
2.72545e-07 2.95192e-07 0.144696 252480 30 1.307e-06
2.29469e-07 2.50768e-07 0.113769 260160 30 1.273e-06
2.94098e-07 2.63994e-07 0.136384 90720 42 0.0763855
2.18875e-07 2.35879e-07 0.0954654 264960 35 1.404e-06
2.72865e-07 2.48067e-07 0.0632067 239040 22 1.381e-06
2.28111e-07 2.46337e-07 0.10891 265440 30 1.984e-06
2.586e-07 2.41812e-07 0.0804074 241440 45 1.473e-06
2.45554e-07 2.30101e-07 0.113468 263040 35 2.098e-06
2.3229e-07 2.26007e-07 0.124737 99840 28 0.0910635
2.34593e-07 2.278e-07 0.0738413 254880 33 2.192e-06
2.44421e-07 2.5105e-07 0.105917 252480 12 1.836e-06
2.27314e-07 2.32936e-07 0.0875778 258240 30 1.367e-06
2.4425e-07 2.77707e-07 0.153427 95520 43 0.081054
2.48123e-07 2.61977e-07 0.12061 263520 35 1.595e-06
2.14348e-07 2.56075e-07 0.148828 100320 16 0.111889
2.27642e-07 2.47419e-07 0.0745765 257760 35 1.329e-06
2.2699e-07 2.52073e-07 0.094496 270240 14 6.19e-06
2.48647e-07 2.89807e-07 0.147563 264000 30 2.06e-06
2.48799e-07 2.95762e-07 0.135588 258240 12 1.471e-06
2.23249e-07 2.83612e-07 0.130883 109920 59 0.0676685
2.19056e-07 2.94089e-07 0.126036 94560 41 0.0853541
1.96609e-07 2.92846e-07 0.140134 111360 30 0.0881607
1.92434e-07 2.73159e-07 0.119093 99840 19 0.0828247
1.76771e-07 2.8274e-07 0.103774 114240 31 0.0614576
1.77216e-07 2.59582e-07 0.123225 109920 27 0.0850199
1.81846e-07 2.72882e-07 0.140034 120000 37 0.0787924
2.22191e-07 2.99945e-07 0.170655 285120 37 1.556e-06
1.60752e-07 2.56104e-07 0.0741266 120960 32 0.0424173
1.98161e-07 2.85244e-07 0.120663 112800 27 0.0727734
1.69022e-07 2.67375e-07 0.142779 127680 13 0.0732316
1.86588e-07 2.51722e-07 0.122659 118560 41 0.085026
1.63999e-07 2.45959e-07 0.128558 125760 17 0.0846377
2.0333e-07 2.64503e-07 0.107839 278880 14 1.434e-06
1.79408e-07 2.57956e-07 0.109944 287520 64 7.873e-06
1.9682e-07 2.67392e-07 0.0921932 271680 16 1.48e-06
1.99635e-07 2.6645e-07 0.124683 284640 26 1.453e-06
1.99371e-07 2.36777e-07 0.101456 106560 28 0.0563773
1.78896e-07 2.78819e-07 0.142322 116640 21 0.0744194
2.24903e-07 2.43245e-07 0.124545 264000 20 1.481e-06
1.74421e-07 2.54925e-07 0.114962 120000 37 0.0716444
2.19771e-07 2.46561e-07 0.0884238 254880 37 1.923e-06
2.00666e-07 2.49497e-07 0.123992 280800 16 1.574e-06
2.23513e-07 2.82914e-07 0.174185 100800 37 0.100168
1.91845e-07 2.50762e-07 0.104719 276480 19 9.683e-06
2.3772e-07 2.48619e-07 0.13036 109440 23 0.0752826
1.97626e-07 2.54153e-07 0.0939078 279360 14 1.398e-06
2.33868e-07 2.47763e-07 0.0791378 259200 19 2.181e-06
2.32401e-07 2.86856e-07 0.132925 272640 16 2.285e-06
2.26189e-07 2.55707e-07 0.0896482 259680 42 2.18e-06
2.5209e-07 2.57715e-07 0.170751 100320 30 0.115246
2.52356e-07 2.64853e-07 0.112761 259680 30 1.313e-06
2.48303e-07 2.68038e-07 0.113049 263520 14 2.352e-06
2.32152e-07 2.52364e-07 0.0993043 99840 42 0.057997
2.60308e-07 2.89434e-07 0.135607 266880 34 1.264e-06
2.0108e-07 2.36397e-07 0.102417 108000 24 0.0731869
2.44593e-07 2.82152e-07 0.0877513 260160 14 4.69e-06
2.0534e-07 2.53258e-07 0.101139 267360 19 1.567e-06
2.26669e-07 2.58113e-07 0.0624971 265440 35 1.628e-06
2.26566e-07 2.82123e-07 0.125202 266400 14 1.163e-06
2.40742e-07 2.58164e-07 0.099437 272160 30 1.169e-06
2.17564e-07 2.62876e-07 0.120087 111360 69 0.0625059
2.51808e-07 2.73811e-07 0.101705 261120 16 1.536e-06
1.92158e-07 2.52172e-07 0.0872266 116160 20 0.049916
2.25203e-07 2.59612e-07 0.0955134 102720 46 0.0578158
1.72205e-07 2.64128e-07 0.100186 117600 60 0.0604788
2.05962e-07 2.72715e-07 0.155141 105120 17 0.105037
1.7024e-07 2.80909e-07 0.155445 118080 26 0.0871539
2.19474e-07 2.56069e-07 0.0930905 271200 14 1.517e-06
1.5755e-07 2.8123e-07 0.136098 123360 12 0.0818906
2.30175e-07 2.64298e-07 0.0974804 260160 16 2.045e-06
1.69794e-07 2.89465e-07 0.15948 126720 19 0.0789603
2.46832e-07 2.66322e-07 0.10766 259680 37 2.747e-06
1.87007e-07 3.06138e-07 0.169501 127200 16 0.0953496
2.74986e-07 2.96424e-07 0.139653 253440 33 1.742e-06
1.96822e-07 3.38352e-07 0.166192 128640 19 0.0692095
2.48305e-07 2.80786e-07 0.0854849 246720 30 1.749e-06
1.83078e-07 3.14351e-07 0.0874673 121920 15 0.0498844
2.44585e-07 2.77072e-07 0.100728 255360 40 6.696e-06
1.83858e-07 2.89159e-07 0.116633 130080 21 0.0623478
2.2979e-07 2.69907e-07 0.113867 260160 33 4.431e-06
2.02493e-07 3.00747e-07 0.12406 132960 16 0.0635752
2.6361e-07 3.14458e-07 0.147967 268800 30 1.344e-06
1.9393e-07 3.42786e-07 0.16281 123840 19 0.0743376
2.71017e-07 3.25614e-07 0.15322 86400 26 0.0701612
2.13568e-07 3.17363e-07 0.146536 121440 15 0.0807869
2.36762e-07 3.90291e-07 0.129424 92160 18 0.0591448
1.90035e-07 2.94209e-07 0.110258 129600 21 0.0693371
2.25343e-07 3.56516e-07 0.112263 93600 25 0.0603658
2.0704e-07 2.89242e-07 0.152119 130080 17 0.078282
2.12584e-07 3.74741e-07 0.157891 95040 22 0.0951047
1.87358e-07 2.89106e-07 0.1204 133440 18 0.0721307
1.90201e-07 3.57574e-07 0.152262 104160 24 0.108055
1.76412e-07 2.93186e-07 0.134695 131040 14 0.0793344
1.89385e-07 3.20219e-07 0.101986 116160 18 0.0555715
1.65408e-07 2.77778e-07 0.0901216 129600 24 0.051527
1.70961e-07 7.13155e-07 0.356102 123360 16 0.0739986
1.56745e-07 2.56122e-07 0.131285 128640 18 0.0918062
1.47392e-07 6.04853e-07 0.0925985 80640 17 0.0722127
1.58717e-07 2.55732e-07 0.102025 292800 68 3.48e-06
1.83753e-07 5.50655e-07 0.126892 84480 36 0.0775183
1.78825e-07 2.76958e-07 0.122387 288480 24 1.846e-06
1.68407e-07 5.04872e-07 0.106831 87360 23 0.0662744
1.7081e-07 2.55347e-07 0.113755 112800 32 0.0691054
1.56597e-07 4.75103e-07 0.121723 88320 28 0.077901
1.82809e-07 2.54182e-07 0.0853442 280320 16 1.522e-06
1.70493e-07 4.33184e-07 0.133639 91200 20 0.0765196
1.78781e-07 2.45615e-07 0.082373 276000 16 1.338e-06
1.92237e-07 4.25542e-07 0.153433 95040 22 0.0834687
1.65583e-07 2.42819e-07 0.114144 125760 12 0.0747574
2.07749e-07 3.8856e-07 0.113382 101760 23 0.0568791
1.6084e-07 2.45341e-07 0.119637 128160 17 0.0646341
1.86139e-07 3.49648e-07 0.0951502 105600 22 0.0611458
1.59972e-07 2.4457e-07 0.135943 128640 19 0.0872966
1.67012e-07 3.41473e-07 0.117833 108480 41 0.0720664
1.8111e-07 2.56986e-07 0.113738 287040 60 2.105e-06
1.52092e-07 3.13448e-07 0.1247 111360 32 0.0889132
2.22969e-07 2.65608e-07 0.146388 121920 10 0.0727988
1.59344e-07 3.27512e-07 0.152522 121920 10 0.0799243
1.98582e-07 2.64813e-07 0.135639 115200 55 0.0831025
1.56162e-07 3.02441e-07 0.108356 119520 68 0.0604409
1.9713e-07 2.55309e-07 0.162626 121920 13 0.0960592
1.82453e-07 3.09403e-07 0.14661 124800 12 0.0711933
2.14278e-07 2.40512e-07 0.111003 277920 35 4.238e-06
2.22702e-07 2.75178e-07 0.136876 116640 55 0.0688991
2.79354e-07 3.13276e-07 0.191008 263520 14 4.928e-06
1.9521e-07 2.73274e-07 0.10212 116640 27 0.0617607
2.79911e-07 3.00947e-07 0.129945 96000 50 0.061512
1.78161e-07 2.5697e-07 0.109773 120960 34 0.0737417
2.88424e-07 2.63452e-07 0.172444 102240 15 0.110994
1.72945e-07 2.48619e-07 0.0731144 280320 16 1.271e-06
2.57654e-07 2.45672e-07 0.113119 107520 30 0.0656641
1.87175e-07 2.54017e-07 0.0947809 280320 16 2.051e-06
2.60164e-07 2.54385e-07 0.102712 250080 16 8.451e-06
1.93469e-07 2.58399e-07 0.103125 274560 16 6.646e-06
2.3081e-07 2.57631e-07 0.133125 102240 48 0.0748099
2.15376e-07 2.60705e-07 0.103203 268800 12 1.3e-06
1.98287e-07 2.3955e-07 0.10176 105600 17 0.0738101
1.92112e-07 3.01188e-07 0.109676 97440 31 0.0523434
1.94164e-07 2.30928e-07 0.0916741 267360 21 8.709e-06
1.94911e-07 2.98463e-07 0.106415 103680 20 0.0495502
2.35113e-07 2.47976e-07 0.14346 265920 14 1.669e-06
2.20621e-07 3.00894e-07 0.165547 103680 23 0.0919312
2.28627e-07 2.49098e-07 0.118815 261120 34 1.27e-06
2.20777e-07 2.7343e-07 0.0861003 109440 25 0.035142
2.48506e-07 2.81059e-07 0.127566 259200 30 3.609e-06
1.93313e-07 3.08205e-07 0.137796 110400 37 0.0759357
2.19029e-07 2.74816e-07 0.107038 90720 38 0.0693964
2.1426e-07 2.9425e-07 0.135661 108000 27 0.0750517
1.93594e-07 2.61229e-07 0.149356 95520 24 0.112105
1.86815e-07 2.60044e-07 0.0835984 109920 37 0.0588077
1.93961e-07 2.65584e-07 0.097298 275040 14 8.898e-06
1.67195e-07 2.61485e-07 0.12063 119520 36 0.0737394
1.87781e-07 2.9114e-07 0.107884 102240 27 0.0449512
1.62521e-07 2.90858e-07 0.123319 124320 10 0.0575605
1.98871e-07 2.80884e-07 0.150151 100320 20 0.0878295
1.7438e-07 2.91563e-07 0.146104 116160 62 0.0756443
1.72324e-07 2.57742e-07 0.0939565 109440 29 0.0633049
1.69621e-07 2.76722e-07 0.135351 114240 31 0.0871785
1.74296e-07 2.8271e-07 0.156208 112800 42 0.0839844
1.60778e-07 2.61186e-07 0.109822 122880 11 0.0688386
1.53097e-07 2.56234e-07 0.0959923 114720 23 0.0682899
1.49182e-07 2.47892e-07 0.117311 127680 18 0.074847
1.50996e-07 2.60954e-07 0.14192 121440 14 0.0959343
1.78293e-07 2.53431e-07 0.110643 293280 60 1.83e-06
1.46263e-07 2.48733e-07 0.0966688 291360 68 1.408e-06
1.70481e-07 2.34227e-07 0.0747682 280320 8 1.729e-06
1.65314e-07 2.58101e-07 0.105612 297120 22 1.42e-06
1.90217e-07 2.31493e-07 0.0931504 283680 34 1.828e-06
1.89171e-07 2.6242e-07 0.130251 282240 14 1.257e-06
2.02573e-07 2.32948e-07 0.100002 274560 9 1.676e-06
2.24972e-07 2.93194e-07 0.131356 271200 21 1.285e-06
2.24393e-07 2.46273e-07 0.112839 264000 14 1.372e-06
2.47877e-07 3.2559e-07 0.12719 81120 24 0.0579858
2.20624e-07 2.49517e-07 0.0876429 261120 28 1.455e-06
2.40614e-07 2.98334e-07 0.084315 80640 6 0.0443565
2.39687e-07 2.58566e-07 0.111663 262080 35 2.985e-06
2.11953e-07 3.54272e-07 0.142128 84480 37 0.0757742
2.26534e-07 2.49017e-07 0.0901229 259680 33 9.231e-06
1.93126e-07 3.4128e-07 0.0951925 84000 23 0.0582871
2.26304e-07 2.52514e-07 0.0979347 266400 33 1.322e-06
1.76497e-07 3.02585e-07 0.108549 91200 21 0.0813736
2.43502e-07 2.6938e-07 0.122783 264960 34 1.442e-06
1.88979e-07 2.73065e-07 0.110529 105600 18 0.0613526
2.59481e-07 2.93021e-07 0.130287 264000 30 2.444e-06
1.96267e-07 2.88624e-07 0.123858 105120 36 0.0525479
2.73577e-07 2.84833e-07 0.160874 121920 16 0.074307
2.06885e-07 2.86687e-07 0.126024 105120 17 0.0640182
2.93829e-07 3.20946e-07 0.141635 258240 34 1.74e-06
2.18805e-07 2.67252e-07 0.128087 106560 25 0.0635104
2.50347e-07 3.02607e-07 0.0872654 109920 55 0.0437184
1.92014e-07 2.73434e-07 0.112915 108960 40 0.0678836
2.15889e-07 2.69429e-07 0.0709428 112320 31 0.0472441
1.75933e-07 2.6193e-07 0.106318 111840 35 0.0543732
1.90327e-07 2.57644e-07 0.115474 120960 33 0.07598
1.67184e-07 2.32029e-07 0.0838444 110400 31 0.0488254
2.0428e-07 2.49008e-07 0.107462 276480 16 1.245e-06
1.52641e-07 2.26837e-07 0.111912 117600 46 0.0741682
1.80339e-07 2.37187e-07 0.101376 116160 20 0.0658978
1.52712e-07 2.22364e-07 0.104043 125280 12 0.0661728
1.75087e-07 2.2927e-07 0.0722136 274560 21 1.469e-06
1.55335e-07 2.27687e-07 0.0971125 282720 56 1.221e-06
1.95614e-07 2.37471e-07 0.102047 276480 10 3.149e-06
1.4937e-07 2.31386e-07 0.0872805 280320 12 1.417e-06
1.8534e-07 2.27257e-07 0.0785347 268320 14 1.55e-06
1.56929e-07 2.31648e-07 0.0932601 284160 41 1.397e-06
1.82739e-07 2.30105e-07 0.0754846 271680 12 1.747e-06
1.6468e-07 2.37627e-07 0.0877019 278400 12 2.39e-06
1.96422e-07 2.50036e-07 0.106949 269760 16 1.395e-06
1.46885e-07 2.30969e-07 0.109622 118080 38 0.0665905
1.85707e-07 2.65449e-07 0.123621 104160 15 0.0703774
1.8555e-07 2.35326e-07 0.137585 284640 34 2.716e-06
1.70301e-07 2.83917e-07 0.111756 106560 22 0.0588124
1.64337e-07 2.20562e-07 0.099108 111840 20 0.070436
1.6044e-07 2.56991e-07 0.0794634 107040 39 0.0473888
1.56128e-07 2.3935e-07 0.129584 121920 14 0.0802533
1.71003e-07 2.35137e-07 0.10199 117120 39 0.0528174
1.55431e-07 2.46174e-07 0.136231 120480 55 0.0714081
1.58764e-07 2.41358e-07 0.108531 125280 12 0.064441
1.41132e-07 2.34952e-07 0.109639 117600 37 0.0743424
1.71543e-07 2.28969e-07 0.111872 129600 18 0.0581261
1.43067e-07 2.43913e-07 0.094974 289440 29 2.131e-06
1.58779e-07 2.18412e-07 0.109479 139200 17 0.0733988
1.65882e-07 2.38654e-07 0.10427 291360 26 1.158e-06
1.6468e-07 2.20596e-07 0.0935084 286560 66 1.835e-06
1.837e-07 2.46974e-07 0.0953084 285120 26 1.27e-06
1.74974e-07 2.32259e-07 0.095733 281760 12 1.621e-06
1.91912e-07 2.6688e-07 0.111184 273120 14 1.127e-06
1.8187e-07 2.28378e-07 0.0834435 279360 25 1.139e-06
2.3509e-07 3.04457e-07 0.147386 270240 16 1.203e-06
1.92869e-07 2.27246e-07 0.0904185 276000 14 3.449e-06
2.10545e-07 3.27553e-07 0.112401 84960 29 0.06424
1.84151e-07 2.29277e-07 0.0750194 268320 16 4.139e-06
1.8586e-07 3.31874e-07 0.115095 94080 18 0.0719391
1.8682e-07 2.25305e-07 0.129853 111840 30 0.0687926
1.88042e-07 3.32531e-07 0.175939 98880 24 0.107033
1.83246e-07 2.43111e-07 0.111745 266400 16 1.516e-06
1.82659e-07 3.13996e-07 0.108941 108960 25 0.0621067
1.59496e-07 2.31625e-07 0.0920524 107520 53 0.0550203
1.70896e-07 2.81234e-07 0.121936 108960 36 0.0827328
1.60998e-07 2.32457e-07 0.099048 276000 14 1.196e-06
1.55039e-07 2.84991e-07 0.138985 120000 32 0.0896831
1.75228e-07 2.42953e-07 0.100362 281280 16 1.871e-06
1.50252e-07 2.66374e-07 0.0926193 131040 13 0.0542294
1.71578e-07 2.26683e-07 0.0682714 274080 20 9.948e-06
1.91966e-07 2.72143e-07 0.136864 127200 18 0.0542113
1.93144e-07 2.48441e-07 0.108198 275520 16 1.442e-06
1.72806e-07 2.43157e-07 0.113453 117600 68 0.0841644
1.76304e-07 2.29973e-07 0.12106 99360 24 0.0909159
2.22587e-07 2.74176e-07 0.148654 283680 24 1.288e-06
1.99801e-07 2.41065e-07 0.127971 275040 14 1.457e-06
2.02023e-07 2.52828e-07 0.1131 117120 31 0.0773236
2.07334e-07 2.50167e-07 0.184034 105120 25 0.121227
1.82684e-07 2.41993e-07 0.0931607 121440 10 0.0592106
2.03808e-07 2.45802e-07 0.0839383 271200 14 2.748e-06
1.86192e-07 2.40409e-07 0.0752934 277920 37 1.484e-06
2.22446e-07 2.34486e-07 0.0983918 271680 19 1.543e-06
1.68224e-07 2.31268e-07 0.091924 132960 9 0.051771
2.29066e-07 2.25194e-07 0.0846529 263520 16 1.201e-06
1.57314e-07 2.17638e-07 0.123796 133440 18 0.0717243
2.39509e-07 2.43751e-07 0.119115 259200 37 6.31e-06
1.74176e-07 2.07994e-07 0.0895801 283200 60 1.583e-06
2.32895e-07 2.42933e-07 0.0827194 256320 30 1.503e-06
2.27085e-07 2.68068e-07 0.152469 269760 12 1.441e-06
2.38382e-07 2.54844e-07 0.0994725 256320 35 2.249e-06
2.68893e-07 3.12492e-07 0.177913 98400 30 0.0849498
2.11675e-07 2.38747e-07 0.100023 94560 44 0.0657264
2.33022e-07 2.86924e-07 0.0817291 94080 19 0.0542779
2.15693e-07 2.31827e-07 0.0807849 258240 12 7.979e-06
2.03294e-07 2.52495e-07 0.106507 106560 22 0.0830792
2.06216e-07 2.25483e-07 0.0766782 270720 25 1.434e-06
1.81958e-07 2.58514e-07 0.140413 120480 44 0.0931805
2.1217e-07 2.33314e-07 0.0989767 270240 14 1.414e-06
1.67735e-07 2.83441e-07 0.0974312 124320 10 0.0401582
2.11161e-07 2.53752e-07 0.115597 264960 14 1.695e-06
1.56071e-07 2.57808e-07 0.0901827 117600 71 0.0535836
1.89743e-07 2.58558e-07 0.112789 116640 59 0.0724399
1.63533e-07 2.63387e-07 0.133669 121440 10 0.0814727
1.63797e-07 5.63355e-07 0.278093 119520 34 0.0647395
1.54115e-07 2.45827e-07 0.141382 126240 18 0.101262
1.40182e-07 4.79049e-07 0.0943644 80640 8 0.0771949
1.69995e-07 2.45314e-07 0.106635 293280 66 1.856e-06
1.51555e-07 4.31779e-07 0.113072 90240 31 0.0631625
1.94564e-07 2.42025e-07 0.102532 288480 23 1.334e-06
1.69097e-07 4.12166e-07 0.141559 96480 22 0.0780922
2.45984e-07 2.93128e-07 0.162253 276480 14 1.221e-06
1.52976e-07 3.95148e-07 0.11268 97920 22 0.0651776
2.17856e-07 2.64353e-07 0.119455 96960 32 0.0924961
1.37873e-07 3.56182e-07 0.102168 97920 29 0.0716113
2.21075e-07 2.55036e-07 0.0876626 265440 12 1.329e-06
1.82014e-07 3.33941e-07 0.142973 105120 17 0.0701839
2.52167e-07 2.53676e-07 0.131281 268320 25 1.39e-06
1.76574e-07 3.06542e-07 0.103012 104160 27 0.059629
2.92325e-07 2.91418e-07 0.129751 250560 14 1.548e-06
1.54744e-07 2.84103e-07 0.0984207 109920 25 0.0636559
2.96074e-07 2.79469e-07 0.116328 84480 43 0.0628679
1.41096e-07 2.79526e-07 0.0845372 119520 39 0.040099
2.57276e-07 2.53302e-07 0.11703 85440 23 0.0932248
1.41368e-07 2.74647e-07 0.106569 119520 34 0.0570807
2.73717e-07 2.81627e-07 0.142866 248640 12 1.743e-06
1.4511e-07 2.67343e-07 0.0982287 117120 33 0.0451601
2.92468e-07 2.93586e-07 0.164311 89280 37 0.0807666
1.32066e-07 2.96453e-07 0.147354 119040 39 0.0852472
2.91897e-07 2.90268e-07 0.125278 92160 18 0.0693752
1.28542e-07 3.17187e-07 0.129788 113280 31 0.0659518
2.54424e-07 3.14372e-07 0.116838 96480 28 0.065865
1.21965e-07 2.8794e-07 0.0945952 108960 32 0.0605214
2.57137e-07 2.86619e-07 0.114327 97920 23 0.0634329
1.16426e-07 2.70425e-07 0.105606 116640 30 0.0647997
2.62213e-07 2.82354e-07 0.120948 102720 25 0.0597034
1.12327e-07 2.41629e-07 0.099152 117600 47 0.0639147
2.46339e-07 2.66099e-07 0.112845 107040 21 0.0613238
1.23574e-07 2.43493e-07 0.0993414 135840 8 0.0556323
2.29159e-07 2.96235e-07 0.15488 108960 38 0.0859477
1.34431e-07 2.4887e-07 0.11001 131040 14 0.0567801
2.08859e-07 2.73835e-07 0.122581 108000 29 0.0738548
1.2896e-07 2.36427e-07 0.0899263 125760 19 0.0547702
2.04477e-07 2.94695e-07 0.13238 113760 35 0.0660613
1.26722e-07 2.31745e-07 0.0755378 131520 19 0.0363791
1.84721e-07 3.25726e-07 0.14281 108960 33 0.0771079
1.40102e-07 2.66266e-07 0.139818 131520 17 0.0739899
1.81555e-07 3.70102e-07 0.163804 108000 31 0.0811853
1.51268e-07 2.45141e-07 0.114679 128160 17 0.0631704
1.67613e-07 3.29563e-07 0.0593235 111840 41 0.0303863
1.56743e-07 2.65737e-07 0.099764 132480 16 0.0420078
1.51891e-07 2.98998e-07 0.0707564 115680 24 0.0388067
1.46876e-07 2.5053e-07 0.179869 125760 17 0.123523
1.70069e-07 3.00873e-07 0.115065 125760 14 0.0668373
1.58533e-07 2.68699e-07 0.126156 295200 64 3.936e-06
1.65777e-07 2.82502e-07 0.0980535 123840 20 0.0533065
1.69835e-07 2.78242e-07 0.117175 124800 12 0.0650945
1.54808e-07 2.60195e-07 0.122085 121440 15 0.0889754
1.56906e-07 2.55971e-07 0.0902705 120960 49 0.0558354
1.65805e-07 2.64966e-07 0.12681 129600 21 0.0496038
1.74202e-07 2.58012e-07 0.12295 126720 11 0.0568728
1.69469e-07 2.62983e-07 0.140718 121920 15 0.0991122
1.90137e-07 2.50454e-07 0.149472 129600 20 0.0883899
1.55413e-07 2.43588e-07 0.107669 136800 17 0.0737261
2.45851e-07 2.90077e-07 0.163574 278400 29 1.591e-06
1.89059e-07 2.43695e-07 0.112731 290880 64 1.371e-06
2.74464e-07 3.11418e-07 0.128192 263040 16 7.106e-06
1.83975e-07 2.49912e-07 0.107947 273600 12 1.438e-06
2.51483e-07 3.02975e-07 0.128738 101760 41 0.0751746
1.87749e-07 2.60615e-07 0.108237 275040 18 1.394e-06
2.56628e-07 3.18778e-07 0.129436 102240 20 0.0552937
1.84955e-07 2.68833e-07 0.0974708 271680 14 1.346e-06
2.38432e-07 2.9363e-07 0.117299 96960 25 0.0833386
1.94074e-07 2.85233e-07 0.129694 95040 29 0.071711
2.19067e-07 3.44724e-07 0.149194 109440 23 0.0704628
2.38899e-07 2.66548e-07 0.129412 98400 21 0.060132
1.95964e-07 3.17322e-07 0.077104 106560 27 0.0458985
2.06152e-07 2.38092e-07 0.0902856 103200 28 0.0669576
1.82299e-07 2.89368e-07 0.0987421 110400 47 0.0621784
2.31382e-07 2.65677e-07 0.13044 263040 12 1.518e-06
1.90436e-07 2.92262e-07 0.127509 122880 11 0.0668696
2.26338e-07 2.758e-07 0.124087 106080 41 0.0611031
2.1225e-07 2.86758e-07 0.14305 122880 19 0.0874643
1.97489e-07 2.96873e-07 0.112142 111360 41 0.0555519
1.92075e-07 2.59678e-07 0.109651 116640 59 0.074173
1.9666e-07 2.71647e-07 0.121202 106560 22 0.0780703
2.23388e-07 2.77235e-07 0.11983 276480 14 1.317e-06
1.88099e-07 2.4427e-07 0.118427 112320 52 0.0838207
2.10455e-07 2.53843e-07 0.0904937 110400 32 0.0514752
2.02726e-07 2.57445e-07 0.105083 273600 14 2.435e-06
2.22848e-07 2.24527e-07 0.126198 114720 31 0.0737793
1.80282e-07 2.36288e-07 0.126353 108000 34 0.0953807
2.1865e-07 2.24399e-07 0.0905623 258240 18 1.38e-06
1.82709e-07 2.35824e-07 0.0854869 276480 16 1.838e-06
2.34074e-07 2.43733e-07 0.113935 259680 35 1.251e-06
2.26394e-07 2.84203e-07 0.15597 273120 14 2.324e-06
2.29547e-07 2.29582e-07 0.0950941 257760 33 2.737e-06
2.002e-07 2.79746e-07 0.113776 99840 26 0.074877
2.41962e-07 2.58023e-07 0.125711 255360 30 1.995e-06
1.96617e-07 2.64578e-07 0.140008 108000 25 0.0922582
2.26719e-07 2.36905e-07 0.116075 104160 50 0.0766946
1.73104e-07 2.50248e-07 0.142541 115200 29 0.10872
2.14065e-07 2.30414e-07 0.0815261 256320 12 1.389e-06
1.82347e-07 2.48175e-07 0.0998522 286560 46 1.416e-06
2.14745e-07 2.35372e-07 0.0906873 263040 27 1.233e-06
1.9863e-07 2.33254e-07 0.113425 278880 12 1.435e-06
2.16982e-07 2.41411e-07 0.085128 257760 35 1.182e-06
2.34919e-07 2.53937e-07 0.131993 267360 16 3.216e-06
2.23743e-07 2.25206e-07 0.0899119 261600 30 1.201e-06
2.10784e-07 2.27928e-07 0.0685295 98880 24 0.0430145
2.44033e-07 2.58898e-07 0.127257 264960 34 1.207e-05
1.84685e-07 2.33489e-07 0.0883148 110400 20 0.0489867
2.7336e-07 2.73845e-07 0.147585 262080 30 1.506e-06
1.7198e-07 2.1913e-07 0.104292 109920 43 0.0679863
2.54051e-07 2.76547e-07 0.095546 248160 37 1.377e-06
1.68677e-07 2.06417e-07 0.115685 119040 36 0.0715891
2.55297e-07 2.71996e-07 0.0929872 252000 33 1.407e-06
1.85243e-07 2.22994e-07 0.0960611 272160 14 1.483e-06
2.47745e-07 2.50277e-07 0.0879663 252960 30 1.472e-06
1.80118e-07 2.2702e-07 0.0936712 264000 20 1.486e-06
2.50378e-07 2.61368e-07 0.104837 258720 42 1.618e-06
1.77988e-07 2.2374e-07 0.0847376 275040 35 3.919e-06
2.53653e-07 2.52922e-07 0.0886779 258720 28 1.272e-06
1.98356e-07 2.35318e-07 0.0962677 280800 14 1.256e-06
2.51261e-07 2.61058e-07 0.0979345 253920 40 1.488e-06
2.33832e-07 2.60955e-07 0.142502 271680 20 6.763e-06
2.52511e-07 2.51305e-07 0.088452 252480 30 1.637e-06
2.15171e-07 2.43678e-07 0.133034 91200 25 0.0997665
2.50974e-07 2.55185e-07 0.107402 245760 37 1.713e-06
2.51695e-07 2.69913e-07 0.140761 264960 14 1.577e-06
2.64947e-07 2.80152e-07 0.118415 244800 34 1.279e-06
2.45879e-07 2.61512e-07 0.0824337 257280 28 1.343e-06
3.0497e-07 3.23761e-07 0.152036 245280 30 8.631e-06
2.57975e-07 2.51451e-07 0.10498 261120 40 1.404e-06
2.54932e-07 3.08369e-07 0.151133 80640 17 0.103917
2.38926e-07 2.58414e-07 0.0872222 257280 30 1.588e-06
2.26371e-07 2.94492e-07 0.134416 85440 36 0.0894931
2.27379e-07 2.37567e-07 0.0716447 261600 40 1.247e-06
1.98113e-07 2.70271e-07 0.0854359 95520 19 0.0584586
2.14771e-07 2.4507e-07 0.0923247 263040 30 1.288e-06
2.11282e-07 2.66091e-07 0.0890563 269280 12 1.471e-06
2.11028e-07 2.47977e-07 0.085512 264000 37 2.804e-06
2.31989e-07 2.79884e-07 0.109551 266880 16 1.323e-06
2.37715e-07 2.71372e-07 0.123229 267840 30 1.735e-06
2.23021e-07 2.72407e-07 0.0821237 257760 16 1.624e-06
2.39005e-07 2.53543e-07 0.11838 94560 28 0.067162
2.29902e-07 2.64303e-07 0.0957883 259680 37 1.206e-06
2.57046e-07 2.9138e-07 0.134431 251520 12 7.108e-06
2.36974e-07 2.74654e-07 0.113829 254400 33 7.345e-06
2.2418e-07 2.72432e-07 0.107539 95040 35 0.074515
2.29243e-07 2.69157e-07 0.129007 83040 44 0.0851459
1.9591e-07 2.73864e-07 0.13646 110400 19 0.0934213
2.16446e-07 2.56567e-07 0.0805241 255840 12 6.414e-06
2.21369e-07 2.5951e-07 0.164982 121920 14 0.0936328
2.14691e-07 2.64875e-07 0.096807 257760 27 3.809e-06
2.25924e-07 2.65664e-07 0.103801 272160 37 1.2965e-05
1.99518e-07 2.61842e-07 0.113361 96960 46 0.0575746
2.17839e-07 2.56884e-07 0.0827967 265440 16 1.497e-06
1.79173e-07 2.82653e-07 0.140178 101280 16 0.0898381
2.31551e-07 2.65057e-07 0.119744 268800 35 1.401e-06
1.8666e-07 2.5864e-07 0.116347 103680 24 0.0678549
2.31289e-07 2.71298e-07 0.132468 120000 24 0.058752
1.70991e-07 2.36828e-07 0.122917 108000 25 0.0910658
1.98282e-07 2.43283e-07 0.0980567 119040 44 0.0704703
1.7887e-07 2.41681e-07 0.108709 280320 16 1.769e-06
2.11748e-07 2.49079e-07 0.0937479 272160 14 1.22e-06
1.83604e-07 2.50049e-07 0.10093 280800 16 1.609e-06
2.26698e-07 2.4098e-07 0.13873 118560 45 0.0633935
2.05939e-07 2.74076e-07 0.117801 276480 20 4.965e-06
2.00065e-07 2.6297e-07 0.118371 122400 10 0.0620975
1.83662e-07 2.70037e-07 0.0929471 91200 23 0.0541827
2.20063e-07 2.87518e-07 0.173053 129120 16 0.0720994
1.64648e-07 2.91151e-07 0.105136 97440 24 0.0563529
1.98133e-07 2.91735e-07 0.123679 121920 16 0.0705174
1.55576e-07 2.82198e-07 0.117413 94560 22 0.0796377
1.98164e-07 2.99419e-07 0.167556 121920 16 0.0965843
1.64911e-07 2.65713e-07 0.119729 96480 28 0.0717151
1.83975e-07 2.8866e-07 0.110946 125280 18 0.0715633
1.44944e-07 2.47083e-07 0.0765675 104160 20 0.0479048
1.77025e-07 2.8264e-07 0.104439 129600 18 0.0613494
1.63026e-07 2.87904e-07 0.130104 123360 11 0.0637508
1.93109e-07 2.6214e-07 0.126975 129120 18 0.061385
1.45732e-07 2.79972e-07 0.1088 111840 64 0.0651521
1.87382e-07 2.88582e-07 0.133264 130560 15 0.071935
1.45041e-07 2.86746e-07 0.144046 113280 40 0.0743793
1.77428e-07 2.71807e-07 0.0967253 123360 20 0.0513751
1.31345e-07 2.6746e-07 0.0876342 113760 23 0.0520598
1.63572e-07 2.64557e-07 0.118017 137760 13 0.0672814
1.20602e-07 2.4493e-07 0.096474 120960 35 0.0616661
1.49883e-07 2.59538e-07 0.125821 140640 18 0.0773371
1.21721e-07 2.42014e-07 0.102759 127200 10 0.0615268
1.55372e-07 2.56419e-07 0.0917024 295200 64 1.272e-06
1.27851e-07 2.39082e-07 0.108139 138720 18 0.0501281
1.72857e-07 2.6152e-07 0.107059 293280 24 1.32e-06
1.29296e-07 2.16221e-07 0.107563 132960 16 0.0688895
1.93642e-07 2.58797e-07 0.0992459 284160 26 3.06e-06
1.74559e-07 2.66912e-07 0.161015 293760 76 1.461e-06
1.68653e-07 2.40415e-07 0.0946645 119040 33 0.0625179
1.92734e-07 2.68265e-07 0.16847 108960 24 0.0886127
1.89918e-07 2.46417e-07 0.103383 278400 16 1.566e-06
1.68508e-07 2.66078e-07 0.171972 113280 49 0.129218
1.7814e-07 2.43653e-07 0.0956613 129120 13 0.052935
1.67313e-07 2.49304e-07 0.0868976 288000 24 1.495e-06
1.61133e-07 2.24562e-07 0.102941 131520 19 0.0646441
1.97711e-07 2.4657e-07 0.136534 287520 26 1.188e-06
1.68503e-07 2.34568e-07 0.094763 282720 60 1.265e-06
2.02948e-07 2.41739e-07 0.0845134 273120 14 2.69e-06
1.62745e-07 2.29703e-07 0.154553 125760 10 0.117008
2.39486e-07 2.79556e-07 0.12862 267840 16 7.007e-06
1.69061e-07 2.48324e-07 0.118565 289440 60 7.521e-06
2.35395e-07 3.07114e-07 0.128195 86880 31 0.064408
1.53e-07 2.35786e-07 0.0978156 126720 11 0.0664909
2.54322e-07 3.13616e-07 0.165897 87840 24 0.094795
1.61663e-07 2.4107e-07 0.091332 286560 53 1.216e-06
2.28759e-07 3.36972e-07 0.115698 96000 27 0.0547263
1.91488e-07 2.58493e-07 0.131068 283200 24 1.464e-06
2.14898e-07 3.22094e-07 0.116846 91200 20 0.06563
1.73714e-07 2.35037e-07 0.0839587 114720 27 0.0552219
1.92005e-07 3.25898e-07 0.0985623 91680 22 0.0551286
2.03527e-07 2.41374e-07 0.114988 273600 19 2.385e-06
1.71092e-07 3.00627e-07 0.116423 99360 24 0.0849286
2.19909e-07 2.26614e-07 0.0905704 260640 14 1.839e-06
1.54e-07 2.69364e-07 0.101729 108000 27 0.0738824
2.22116e-07 2.29906e-07 0.0951521 255360 37 1.215e-06
1.92465e-07 2.58167e-07 0.116753 125760 14 0.0495608
2.22609e-07 2.45398e-07 0.0947734 249600 34 1.205e-06
1.71082e-07 2.67505e-07 0.138346 119520 63 0.0874686
1.96643e-07 2.86916e-07 0.155599 97920 47 0.0992746
1.62719e-07 2.74126e-07 0.106671 116640 22 0.0458752
1.78116e-07 2.74311e-07 0.132903 105600 17 0.0935448
1.44882e-07 2.7181e-07 0.137418 112800 45 0.0962578
1.55565e-07 2.42612e-07 0.135446 119040 52 0.101428
1.40013e-07 2.56779e-07 0.137126 122880 11 0.101431
1.57396e-07 2.48478e-07 0.0919246 294240 29 1.323e-06
1.81447e-07 2.82601e-07 0.16822 299520 58 1.218e-06
1.89263e-07 2.66118e-07 0.119434 291360 26 7.791e-06
1.74504e-07 2.87144e-07 0.14465 114720 28 0.0895023
1.68782e-07 2.38082e-07 0.0846303 120000 24 0.0579143
1.84015e-07 2.80247e-07 0.107862 284640 24 4.965e-06
2.2038e-07 2.56017e-07 0.144796 282240 19 1.817e-06
1.81452e-07 2.59337e-07 0.110518 108480 31 0.0548799
2.09696e-07 2.26622e-07 0.0976327 111360 48 0.0651797
2.02526e-07 2.82454e-07 0.114386 274560 20 2.187e-06
2.1774e-07 2.53181e-07 0.120787 259680 14 1.807e-06
1.89187e-07 2.8353e-07 0.130418 108000 29 0.072136
1.96619e-07 2.27509e-07 0.0903633 108480 57 0.0631206
1.67931e-07 2.99113e-07 0.139256 112320 45 0.085312
2.04801e-07 2.51883e-07 0.111056 264960 14 1.291e-06
2.3714e-07 3.47542e-07 0.168547 122400 23 0.0578406
1.84765e-07 2.26231e-07 0.0759662 118080 62 0.0468262
2.04936e-07 3.61317e-07 0.123694 105600 23 0.0697109
1.70889e-07 2.31782e-07 0.112616 124320 10 0.0785341
1.84742e-07 3.16487e-07 0.103346 112800 48 0.0684861
1.80896e-07 2.3209e-07 0.0844052 276000 33 3.233e-06
2.03733e-07 2.91667e-07 0.127801 120000 24 0.067765
1.836e-07 2.28116e-07 0.12799 116640 27 0.0732518
1.95778e-07 2.971e-07 0.132324 120960 33 0.0806506
1.96129e-07 2.44586e-07 0.0956446 268800 18 6.162e-06
2.02509e-07 3.02437e-07 0.1188 122880 14 0.0540061
1.90481e-07 2.35906e-07 0.117405 110400 23 0.0728442
1.89908e-07 2.86045e-07 0.103063 121440 18 0.0605592
1.72359e-07 2.38617e-07 0.121357 112800 43 0.0789468
1.70988e-07 2.6139e-07 0.0949082 126240 18 0.0597722
1.81705e-07 2.22951e-07 0.117369 119520 31 0.0700956
1.59206e-07 2.55634e-07 0.129498 129600 20 0.0881179
1.85032e-07 2.23435e-07 0.0730007 271680 16 1.785e-06
1.74232e-07 2.64091e-07 0.116671 289440 60 1.337e-06
1.88227e-07 2.27306e-07 0.0849866 270240 20 1.557e-06
2.25456e-07 2.91519e-07 0.142931 124800 44 0.0685629
2.22682e-07 2.48749e-07 0.128148 264480 12 1.35e-06
2.31578e-07 2.86045e-07 0.120349 109920 8 0.0647817
2.46719e-07 2.68907e-07 0.118484 267360 27 1.416e-06
2.42285e-07 2.75825e-07 0.127375 108480 42 0.0621988
2.44786e-07 2.66033e-07 0.0872958 253440 14 1.451e-06
2.24631e-07 2.586e-07 0.0995445 106560 22 0.0637978
2.35244e-07 2.95931e-07 0.159799 102720 46 0.0925888
2.06738e-07 2.44399e-07 0.107047 108960 40 0.0631186
2.63678e-07 2.86632e-07 0.149579 106080 14 0.0789059
1.95493e-07 2.3274e-07 0.115891 113280 44 0.0651038
2.45344e-07 2.75192e-07 0.123167 114240 46 0.0690783
2.05489e-07 2.27716e-07 0.0837321 267840 12 1.505e-06
2.15066e-07 2.95996e-07 0.12865 111360 30 0.0747022
2.15418e-07 2.3864e-07 0.0941608 258720 16 1.724e-06
1.97932e-07 2.86884e-07 0.117509 110880 39 0.0752711
2.21219e-07 2.64698e-07 0.116198 102720 62 0.0589348
1.74289e-07 3.00324e-07 0.129731 111840 27 0.0795251
1.96433e-07 2.43102e-07 0.0906305 100320 15 0.0618407
2.16016e-07 2.74214e-07 0.144101 116640 34 0.0739766
1.73903e-07 2.44756e-07 0.128615 119520 34 0.0870486
2.05717e-07 2.53162e-07 0.179899 116640 33 0.138998
1.58003e-07 2.65822e-07 0.137956 133440 11 0.0731215
2.61299e-07 2.96227e-07 0.162874 282720 37 1.34e-06
1.63604e-07 2.49935e-07 0.13019 133920 18 0.0804639
2.39536e-07 2.80006e-07 0.146194 115680 22 0.105117
2.01227e-07 2.93131e-07 0.156467 289440 66 4.3868e-05
2.57569e-07 2.81489e-07 0.159676 270720 19 1.375e-06
1.77211e-07 2.97369e-07 0.101411 117600 23 0.0535414
2.41931e-07 2.54094e-07 0.120011 111360 30 0.0807395
1.69604e-07 2.75207e-07 0.0989337 117600 43 0.0577232
2.34849e-07 2.53812e-07 0.0858323 262080 16 2.179e-06
1.60699e-07 2.84513e-07 0.133966 123840 11 0.0758146
2.42007e-07 2.64044e-07 0.096637 267360 35 1.373e-06
1.76309e-07 3.10939e-07 0.176775 119040 58 0.0909182
2.32384e-07 2.62277e-07 0.0985798 259200 14 3.993e-06
1.62915e-07 2.98804e-07 0.104173 116640 22 0.0548221
2.20906e-07 2.74049e-07 0.107417 262560 33 1.329e-06
1.47053e-07 2.75328e-07 0.109573 119520 40 0.0789571
2.25285e-07 2.69354e-07 0.0843318 267840 30 1.53e-06
1.36972e-07 2.60231e-07 0.086665 126720 11 0.0472076
2.10683e-07 2.66e-07 0.152559 112320 37 0.102644
1.41348e-07 2.61975e-07 0.0895751 132000 14 0.0470366
2.32774e-07 2.50115e-07 0.14574 273600 14 1.499e-06
1.9485e-07 2.77723e-07 0.156975 130080 21 0.0768168
2.33137e-07 2.47247e-07 0.104918 260640 18 1.181e-06
1.96912e-07 2.52295e-07 0.106191 118560 61 0.0564889
2.23846e-07 2.4129e-07 0.0991942 263040 40 6.426e-06
2.02725e-07 2.48336e-07 0.116839 119040 31 0.0585381
2.21217e-07 2.46901e-07 0.101537 269280 33 4.734e-06
1.76643e-07 2.68613e-07 0.127748 116160 25 0.076307
2.37338e-07 2.79944e-07 0.131579 264000 14 1.466e-06
1.57536e-07 2.54609e-07 0.0976028 120000 40 0.0605711
2.58619e-07 2.72034e-07 0.145494 259680 30 1.465e-06
1.74187e-07 3.31855e-07 0.155939 123840 11 0.0707134
2.59293e-07 2.81999e-07 0.158156 97440 51 0.0897665
1.90262e-07 2.93485e-07 0.11359 109920 59 0.0623945
2.41126e-07 2.86214e-07 0.163796 101280 17 0.100002
1.889e-07 2.59863e-07 0.110274 111360 30 0.0737011
2.48951e-07 2.63102e-07 0.134333 107040 25 0.0682459
2.16579e-07 2.30312e-07 0.108044 120480 33 0.0450385
2.51213e-07 2.75884e-07 0.111794 257760 20 1.287e-06
2.07035e-07 2.36373e-07 0.0874519 259200 16 2.057e-06
2.39799e-07 2.82856e-07 0.124144 102720 46 0.0625552
2.06317e-07 2.32115e-07 0.0872171 263040 34 1.822e-06
2.0989e-07 2.5156e-07 0.0952252 97920 20 0.0706826
2.12091e-07 2.43258e-07 0.0964816 265440 33 1.312e-06
2.14321e-07 2.6144e-07 0.108352 264960 14 1.461e-06
2.06224e-07 2.41832e-07 0.0970285 264000 61 1.392e-06
2.11322e-07 2.62956e-07 0.0911287 263520 30 1.407e-06
2.49769e-07 2.45407e-07 0.135407 272160 8 1.221e-06
2.20938e-07 2.65426e-07 0.0921894 263040 42 2.841e-06
2.3593e-07 2.50528e-07 0.112223 250080 25 1.722e-06
2.00527e-07 2.76527e-07 0.134691 108960 51 0.0783904
2.13749e-07 2.46831e-07 0.0831581 259200 42 1.394e-06
1.75367e-07 2.48328e-07 0.0815538 113760 31 0.0550117
2.14872e-07 2.54485e-07 0.09086 267360 28 5.621e-06
1.64977e-07 2.37144e-07 0.155767 125280 15 0.121984
2.26728e-07 2.62216e-07 0.0985378 264000 14 3.783e-06
1.94732e-07 2.60606e-07 0.122132 290880 64 5.754e-06
2.20004e-07 2.61861e-07 0.0857498 259200 34 2.977e-06
1.93533e-07 2.62348e-07 0.0913116 272640 12 1.289e-06
2.14023e-07 2.64002e-07 0.0886428 256800 30 1.576e-06
1.93199e-07 2.37422e-07 0.115429 112320 42 0.0699113
2.37047e-07 2.54281e-07 0.129741 87360 76 0.0673344
2.14547e-07 2.44903e-07 0.107485 269760 14 1.45e-06
2.27679e-07 2.48071e-07 0.0752595 247200 17 3.942e-06
2.19281e-07 2.44145e-07 0.101769 257280 16 1.283e-06
2.41958e-07 2.81182e-07 0.124606 256320 24 2.209e-06
2.49271e-07 2.72032e-07 0.131689 259200 34 1.361e-06
2.12229e-07 2.58782e-07 0.144598 95040 49 0.11648
2.68976e-07 2.59776e-07 0.117504 253440 30 1.913e-06
2.01928e-07 2.38122e-07 0.0649778 270720 10 1.45e-06
2.52785e-07 2.7038e-07 0.103008 253440 35 1.549e-06
2.17199e-07 2.53344e-07 0.0994459 271200 21 2.181e-06
2.52963e-07 2.63553e-07 0.101793 252000 30 1.381e-05
2.2418e-07 2.51711e-07 0.0874974 263520 16 3.578e-06
2.45638e-07 2.69487e-07 0.101016 253440 37 6.955e-06
2.4434e-07 2.72308e-07 0.128013 303360 70 1.256e-06
2.6921e-07 2.79551e-07 0.134602 257280 30 1.474e-06
2.29245e-07 2.58548e-07 0.079731 290400 20 1.47e-06
2.50704e-07 2.73106e-07 0.0871863 251520 40 2.011e-06
2.30891e-07 2.55195e-07 0.108313 290880 22 1.327e-06
2.4843e-07 2.75473e-07 0.0919169 258720 33 4.898e-06
2.26065e-07 2.68009e-07 0.101976 284640 24 1.361e-06
2.39734e-07 2.77207e-07 0.115793 255840 35 1.428e-06
2.46371e-07 2.79643e-07 0.11976 279360 12 1.536e-06
2.26699e-07 2.8266e-07 0.118061 259200 35 1.984e-06
2.52934e-07 2.53664e-07 0.111034 266880 16 1.737e-06
2.29854e-07 2.73784e-07 0.089256 265920 30 5.236e-06
2.53301e-07 2.6823e-07 0.120994 256320 16 1.331e-06
2.29581e-07 2.52394e-07 0.103956 259200 40 1.674e-06
2.43066e-07 2.46957e-07 0.0818074 261120 33 7.447e-06
2.36268e-07 2.85256e-07 0.128983 255840 30 3.365e-06
2.47483e-07 2.50855e-07 0.0936234 256320 30 4.354e-06
2.04042e-07 2.59636e-07 0.147117 88800 48 0.119357
2.46414e-07 2.64886e-07 0.111779 264000 35 1.701e-06
2.20143e-07 2.83184e-07 0.129616 273600 12 1.282e-06
2.25913e-07 2.61962e-07 0.0911505 266880 30 1.261e-06
2.08874e-07 2.98967e-07 0.140289 105120 30 0.0766491
2.19307e-07 2.60034e-07 0.0839212 267360 14 5.592e-06
1.81833e-07 2.96148e-07 0.114561 110400 20 0.0709048
2.40634e-07 2.80539e-07 0.117594 270720 16 1.67e-06
1.85757e-07 3.15277e-07 0.150787 114720 41 0.0660295
2.47608e-07 2.87911e-07 0.106434 258240 14 1.65e-06
1.65041e-07 3.01249e-07 0.105357 114240 31 0.0666272
2.47397e-07 2.81579e-07 0.115652 95520 40 0.0535062
1.6066e-07 2.75017e-07 0.0881687 116160 28 0.0493759
2.55865e-07 2.53265e-07 0.17202 97440 21 0.122039
1.47274e-07 2.53761e-07 0.124141 121440 14 0.089755
2.69379e-07 2.51125e-07 0.10775 259680 12 1.887e-06
1.48527e-07 2.5291e-07 0.0979509 293280 76 1.283e-06
2.46203e-07 2.50084e-07 0.0835776 258240 34 1.505e-06
1.49467e-07 2.35575e-07 0.0667878 294720 23 1.272e-06
2.64928e-07 2.83449e-07 0.133445 258240 29 3.057e-06
1.55712e-07 2.358e-07 0.0859159 293280 24 1.615e-06
2.29498e-07 2.63463e-07 0.0743523 105600 42 0.0389706
1.65669e-07 2.32089e-07 0.107074 289920 30 1.399e-06
2.00567e-07 2.70651e-07 0.0919656 109440 31 0.0523902
2.08526e-07 2.73129e-07 0.150805 286560 24 6.662e-06
2.03067e-07 2.65244e-07 0.136391 107040 33 0.0717259
1.80476e-07 2.48462e-07 0.0911558 108960 27 0.0636537
1.78664e-07 2.38377e-07 0.150822 106560 25 0.116894
1.98868e-07 2.56194e-07 0.126047 274560 16 1.368e-06
1.75693e-07 2.45397e-07 0.095026 280800 21 1.779e-06
2.00626e-07 2.34977e-07 0.121055 108480 22 0.0735107
2.05422e-07 2.58256e-07 0.123197 278880 16 1.455e-06
1.89384e-07 2.36768e-07 0.0973659 117120 39 0.0419539
2.03498e-07 2.60468e-07 0.088964 267360 16 1.395e-06
1.78506e-07 2.10491e-07 0.0942048 118080 32 0.0549745
1.89775e-07 2.56405e-07 0.0946007 105600 22 0.0527545
1.84648e-07 2.08391e-07 0.0722018 266400 16 1.382e-06
2.0508e-07 2.38132e-07 0.117765 105120 36 0.0641572
1.95309e-07 2.19912e-07 0.0869552 262080 35 2.038e-06
2.06465e-07 2.47946e-07 0.113598 262560 12 2.026e-06
2.12412e-07 2.4472e-07 0.107614 262560 33 1.171e-06
2.33808e-07 2.62135e-07 0.149558 271680 29 1.2826e-05
2.21609e-07 2.56906e-07 0.105667 254880 30 1.26e-06
2.49171e-07 2.64922e-07 0.114572 265440 16 3.696e-06
2.0067e-07 2.41946e-07 0.106007 90240 42 0.0763299
2.43902e-07 2.70393e-07 0.118869 261120 34 1.787e-06
2.07077e-07 2.17949e-07 0.113092 99840 19 0.0541311
2.35945e-07 2.74381e-07 0.109031 267840 30 1.32e-06
2.14777e-07 2.36033e-07 0.10433 254400 14 1.858e-06
2.39401e-07 2.63409e-07 0.100434 266880 16 1.365e-06
2.14969e-07 2.40274e-07 0.101333 252480 33 1.541e-06
2.6635e-07 2.96561e-07 0.136222 264960 16 6.036e-06
2.12202e-07 2.56358e-07 0.104907 253440 30 1.384e-06
2.55047e-07 2.8555e-07 0.0949259 261600 37 1.632e-06
1.99407e-07 2.82342e-07 0.154821 88320 45 0.0987675
2.64009e-07 2.94359e-07 0.128409 259200 30 4.913e-06
2.01669e-07 3.15215e-07 0.153056 104640 14 0.0776974
2.53662e-07 2.8966e-07 0.0868057 250080 34 1.475e-06
2.15566e-07 2.74891e-07 0.10728 101760 27 0.0557849
2.21917e-07 3.16805e-07 0.134783 84000 42 0.0861748
2.20907e-07 2.73638e-07 0.13394 105600 18 0.0725638
1.92796e-07 3.25743e-07 0.139897 97920 18 0.0948996
1.94588e-07 3.09619e-07 0.159406 109920 46 0.0939544
1.71203e-07 3.17565e-07 0.14122 105120 22 0.0997927
2.03152e-07 2.89618e-07 0.106674 114240 31 0.0482508
1.65241e-07 2.83875e-07 0.134446 108480 29 0.0960952
1.79545e-07 2.65292e-07 0.107945 117120 39 0.074984
1.75114e-07 2.73392e-07 0.0860875 291840 34 1.418e-06
1.71047e-07 2.63947e-07 0.110936 126240 13 0.069554
1.85121e-07 2.81572e-07 0.107995 288960 18 2.334e-06
2.09648e-07 2.92048e-07 0.172396 126240 18 0.0881778
1.86466e-07 2.76116e-07 0.0885206 282240 14 1.115e-06
1.95027e-07 2.69383e-07 0.133852 119520 63 0.082782
2.01524e-07 2.63847e-07 0.101759 279840 21 1.152e-06
2.17376e-07 2.78877e-07 0.106511 278400 14 6.528e-06
2.07018e-07 2.67523e-07 0.0934629 273120 16 4.649e-06
2.20613e-07 2.75142e-07 0.119904 114720 36 0.0543159
2.11966e-07 2.72665e-07 0.0904064 266880 16 1.715e-06
1.92748e-07 2.60743e-07 0.0817053 108000 32 0.0502088
2.20777e-07 2.85073e-07 0.139383 95040 25 0.0728616
1.86723e-07 2.89456e-07 0.154787 109920 37 0.0797674
1.91138e-07 2.70823e-07 0.0839624 96960 25 0.0540093
1.66571e-07 2.76284e-07 0.120198 114720 31 0.0780056
1.88215e-07 2.9522e-07 0.166552 105120 17 0.100061
1.669e-07 3.03432e-07 0.143102 127680 13 0.0762699
1.70603e-07 2.89509e-07 0.0984021 107040 27 0.0583915
1.59328e-07 3.02116e-07 0.147371 129600 20 0.0940005
1.6441e-07 2.67793e-07 0.0918441 105600 29 0.0573441
1.4718e-07 2.93812e-07 0.180808 136320 15 0.132914
1.46382e-07 2.63415e-07 0.0991543 111840 49 0.0611196
1.73814e-07 2.81345e-07 0.10717 305760 76 1.893e-06
1.44927e-07 2.45157e-07 0.126731 120000 28 0.0765316
1.95167e-07 2.69617e-07 0.118015 295680 23 6.784e-06
1.76126e-07 2.69764e-07 0.141365 290880 37 3.402e-06
2.23952e-07 2.65068e-07 0.118289 285120 29 7.307e-06
2.08195e-07 2.88626e-07 0.130692 282720 21 6.095e-06
2.2305e-07 2.66645e-07 0.0882573 268320 14 4.677e-06
1.84433e-07 2.80128e-07 0.111973 99360 26 0.0755932
2.05575e-07 2.77654e-07 0.136644 104160 27 0.0858832
1.63294e-07 2.74388e-07 0.116772 113280 29 0.0734886
2.13391e-07 2.76491e-07 0.137791 108480 27 0.0768976
1.52236e-07 2.52382e-07 0.0944467 120000 33 0.0587062
2.13018e-07 3.02385e-07 0.142805 108960 33 0.0689726
1.83083e-07 2.86461e-07 0.141577 287520 37 1.526e-06
2.25102e-07 2.73385e-07 0.117042 106560 27 0.065586
1.68965e-07 3.0284e-07 0.114882 120960 24 0.0558079
2.05397e-07 2.82504e-07 0.148991 109920 46 0.10633
1.71319e-07 3.08132e-07 0.132437 114720 36 0.0722605
1.97323e-07 2.62888e-07 0.0777598 275040 16 1.64e-06
1.92731e-07 2.87562e-07 0.161116 115200 29 0.0909564
1.91662e-07 2.48126e-07 0.0850163 272640 14 1.675e-06
1.72274e-07 3.02025e-07 0.120172 118080 45 0.0649674
1.78778e-07 2.3342e-07 0.0787425 273600 20 4.404e-06
1.52564e-07 2.73956e-07 0.0842878 111360 30 0.0569683
1.70294e-07 2.32936e-07 0.0916574 281760 14 1.397e-06
1.42931e-07 2.53627e-07 0.106012 120480 33 0.0715231
1.74595e-07 2.19098e-07 0.0805394 280320 20 1.606e-06
1.60602e-07 2.58215e-07 0.106251 291360 37 1.113e-06
1.76081e-07 2.14939e-07 0.0882751 278400 14 4.639e-06
1.67043e-07 2.42346e-07 0.0796613 285120 23 4.972e-06
2.11328e-07 2.58526e-07 0.129851 272640 20 2.019e-06
1.89732e-07 2.46895e-07 0.111355 283200 26 1.166e-06
2.32792e-07 2.73921e-07 0.111802 262560 20 1.821e-06
1.76481e-07 2.29641e-07 0.0719782 274560 16 2.139e-06
2.23484e-07 3.13948e-07 0.168223 87360 46 0.0951015
1.69445e-07 2.32106e-07 0.0800589 273600 12 4.491e-06
2.15368e-07 3.07527e-07 0.173295 90720 21 0.118038
1.91585e-07 2.351e-07 0.101766 275520 20 4.627e-06
1.9324e-07 3.27997e-07 0.13923 102720 21 0.0895564
1.97648e-07 2.57444e-07 0.113255 262080 14 1.0591e-05
1.70717e-07 2.97535e-07 0.098289 106560 22 0.0693896
1.92758e-07 2.44217e-07 0.0987145 94560 47 0.0511212
1.74122e-07 2.75435e-07 0.127847 117120 46 0.0803044
1.80461e-07 2.28028e-07 0.0860073 96000 25 0.0543991
2.21409e-07 3.22515e-07 0.170851 286080 29 1.572e-06
1.61959e-07 2.18632e-07 0.110065 108960 20 0.0782729
2.22845e-07 2.96826e-07 0.083319 275520 14 5.968e-06
1.8816e-07 2.40425e-07 0.113081 276000 18 1.16e-06
2.29084e-07 2.82421e-07 0.115465 270720 16 2.031e-06
2.05853e-07 2.3613e-07 0.101863 269760 14 1.33e-06
2.03113e-07 2.78774e-07 0.15797 99360 24 0.118302
2.22527e-07 2.45896e-07 0.106666 261120 16 1.426e-06
2.26215e-07 2.79274e-07 0.121453 276960 14 1.557e-06
2.60149e-07 2.86564e-07 0.14249 260640 34 1.275e-06
2.16146e-07 2.70305e-07 0.0788958 263520 16 1.435e-06
2.24958e-07 2.77245e-07 0.0870752 103200 46 0.0481964
2.56212e-07 3.11695e-07 0.154437 263520 35 1.765e-06
2.06221e-07 2.78045e-07 0.138684 109440 16 0.078922
2.84315e-07 2.89528e-07 0.14393 96960 46 0.0701798
1.91238e-07 2.48356e-07 0.153437 111840 39 0.119071
2.43871e-07 2.63663e-07 0.0755467 95040 16 0.0497778
2.07535e-07 2.39492e-07 0.0930417 279360 14 1.725e-06
2.24622e-07 2.34836e-07 0.104796 102720 27 0.0712794
2.16825e-07 2.46458e-07 0.0917696 266880 16 2.865e-06
2.16421e-07 2.29975e-07 0.0736847 258240 14 1.445e-06
2.09565e-07 2.42048e-07 0.0847811 263520 16 1.285e-06
2.17229e-07 2.50813e-07 0.10901 260160 28 1.294e-06
1.849e-07 2.32542e-07 0.108298 114720 63 0.0725254
1.93415e-07 2.75632e-07 0.115142 123360 19 0.0586356
1.89411e-07 2.23794e-07 0.0853205 270720 14 2.291e-06
1.78419e-07 2.70647e-07 0.123111 121440 15 0.0803924
2.14692e-07 2.30911e-07 0.112853 267840 16 3.614e-06
1.6307e-07 2.7685e-07 0.126336 126720 21 0.0723221
2.00078e-07 2.3007e-07 0.0823671 261600 16 3.833e-06
1.79641e-07 2.93104e-07 0.144225 127200 16 0.0654995
2.0769e-07 2.44103e-07 0.0973695 269280 30 3.135e-06
1.75082e-07 2.94132e-07 0.149078 118560 70 0.0799553
2.04693e-07 2.71415e-07 0.120993 260640 14 1.576e-06
1.87454e-07 2.61509e-07 0.124223 116160 20 0.0736621
1.86166e-07 2.76579e-07 0.102614 99840 36 0.0579923
1.81344e-07 2.45365e-07 0.0627871 276960 21 1.284e-06
1.7035e-07 2.49565e-07 0.106164 99840 20 0.0738308
1.83738e-07 2.48298e-07 0.0859361 274080 14 3.8e-06
1.56437e-07 2.60103e-07 0.143758 112320 36 0.0955334
2.00067e-07 2.65083e-07 0.137117 275520 18 1.659e-06
1.94431e-07 2.46823e-07 0.118278 287520 30 1.498e-06
1.93925e-07 3.02428e-07 0.139516 105600 22 0.0699603
2.12966e-07 2.69596e-07 0.120976 277920 14 1.158e-06
1.90081e-07 2.79144e-07 0.113729 106560 30 0.0687415
2.20812e-07 2.79628e-07 0.106064 266400 16 1.199e-06
1.67463e-07 2.59417e-07 0.0875698 111840 46 0.0544673
2.31735e-07 2.83244e-07 0.101306 269760 37 2.795e-06
1.81223e-07 2.34922e-07 0.132115 117120 31 0.0774879
2.11853e-07 2.70596e-07 0.112734 111840 27 0.0694585
1.83404e-07 2.4596e-07 0.109258 273600 16 7.339e-06
2.15043e-07 2.70838e-07 0.0932052 269280 18 1.434e-06
1.8843e-07 2.41785e-07 0.0782764 275520 18 7.635e-06
1.91609e-07 2.65822e-07 0.102618 116160 20 0.060909
2.09203e-07 2.42708e-07 0.110429 276000 14 1.752e-06
1.84043e-07 2.51049e-07 0.105493 120480 46 0.0567947
2.09894e-07 2.49217e-07 0.0925179 267840 16 1.453e-06
1.64467e-07 2.6305e-07 0.105407 120960 30 0.0549528
2.00414e-07 2.42218e-07 0.0882166 261600 16 1.553e-06
1.47863e-07 2.61511e-07 0.0889558 115200 27 0.0482631
2.09909e-07 2.39122e-07 0.107031 265440 33 4.497e-06
1.49194e-07 2.76132e-07 0.162778 120000 40 0.0978961
2.17627e-07 2.51601e-07 0.103251 275040 30 1.559e-06
1.60541e-07 2.73315e-07 0.101675 125280 13 0.0451612
2.18597e-07 2.63009e-07 0.0986708 266400 14 4.385e-06
1.54253e-07 2.63888e-07 0.103936 129120 15 0.0649354
2.19388e-07 2.60704e-07 0.0934444 261120 29 1.463e-06
1.54577e-07 2.86674e-07 0.099013 130560 19 0.0391343
2.46004e-07 2.44111e-07 0.125413 261120 34 1.409e-06
1.49727e-07 2.74822e-07 0.0733491 124320 14 0.0338282
2.34532e-07 2.53755e-07 0.0958784 263520 30 2.08e-06
2.07402e-07 2.98277e-07 0.148187 126240 23 0.0644303
2.25892e-07 2.56945e-07 0.0940515 265440 42 1.309e-06
2.26664e-07 3.09937e-07 0.14673 114720 56 0.0550379
2.62378e-07 2.63536e-07 0.148167 264480 30 6.729e-06
1.99973e-07 3.02385e-07 0.0995236 112800 37 0.0557281
2.52245e-07 2.48698e-07 0.073951 251040 35 1.285e-06
2.00387e-07 3.10792e-07 0.116051 121440 10 0.0639359
2.66328e-07 2.6261e-07 0.111446 248640 33 1.393e-06
1.87175e-07 2.87337e-07 0.105584 115200 62 0.0595245
2.39142e-07 2.74352e-07 0.102521 85440 42 0.067302
1.65691e-07 2.69019e-07 0.0960343 120000 34 0.0576269
2.10647e-07 2.59604e-07 0.0972168 88320 24 0.0684179
1.61991e-07 2.60863e-07 0.0963923 126720 14 0.0455492
2.15702e-07 2.54284e-07 0.125121 98880 21 0.0780714
1.53455e-07 2.82393e-07 0.112721 131040 16 0.0637217
1.93068e-07 2.27304e-07 0.113577 103680 21 0.088663
1.44419e-07 2.84273e-07 0.142774 125280 18 0.0948515
1.9999e-07 2.42917e-07 0.116334 271680 14 1.634e-06
1.36488e-07 2.73455e-07 0.0871151 134400 17 0.0412095
1.85672e-07 2.45675e-07 0.097887 265440 21 1.344e-06
1.32126e-07 2.71878e-07 0.093367 133920 18 0.0478606
2.19097e-07 2.58846e-07 0.119353 275520 37 1.198e-06
1.60747e-07 2.82272e-07 0.13743 137280 15 0.0663966
2.33541e-07 2.73616e-07 0.118793 259200 14 1.213e-06
1.65868e-07 3.01553e-07 0.145991 130560 21 0.0843548
2.05197e-07 2.7719e-07 0.114151 101280 44 0.0719594
1.60207e-07 2.82013e-07 0.0989923 127680 17 0.0656595
1.88894e-07 2.58367e-07 0.102662 102720 21 0.0629553
1.53123e-07 2.84201e-07 0.109962 129120 18 0.0556419
1.93984e-07 2.64804e-07 0.133073 114240 26 0.0675369
1.5608e-07 2.77772e-07 0.0874405 122400 17 0.0355291
1.7655e-07 2.43864e-07 0.0999654 116160 31 0.0665977
1.78992e-07 2.49724e-07 0.140202 120960 56 0.0873039
1.9042e-07 2.58213e-07 0.10684 278880 20 1.483e-06
1.98128e-07 2.53237e-07 0.16811 132000 10 0.0916501
2.00786e-07 2.62525e-07 0.167349 119520 37 0.0951581
2.08703e-07 2.57108e-07 0.105121 276960 42 1.971e-06
1.95396e-07 2.62814e-07 0.0921674 275040 14 1.925e-06
2.1721e-07 2.43992e-07 0.118714 124320 10 0.0713148
1.897e-07 2.75584e-07 0.113789 273120 14 2.148e-06
2.01171e-07 2.32629e-07 0.0972369 265920 37 1.3257e-05
1.72879e-07 2.42252e-07 0.110592 115680 29 0.0778143
2.04484e-07 2.14978e-07 0.0776408 278400 34 8.022e-06
1.97144e-07 2.67472e-07 0.128834 278400 20 2.086e-06
2.4556e-07 2.50775e-07 0.136066 276000 16 3.313e-06
1.78299e-07 2.44018e-07 0.111095 108960 36 0.0784959
2.69521e-07 2.47163e-07 0.110862 256320 14 1.183e-06
1.9441e-07 2.5906e-07 0.116353 277920 16 1.492e-06
2.62213e-07 2.53446e-07 0.0894664 259200 37 0.000184609
1.94259e-07 2.55321e-07 0.107531 120960 33 0.0516368
2.51368e-07 2.4323e-07 0.0923246 255360 30 1.354e-06
2.01748e-07 2.52907e-07 0.101559 123360 14 0.0529077
2.77151e-07 2.57313e-07 0.111979 252480 40 1.547e-06
1.78475e-07 2.29644e-07 0.111275 120960 54 0.0708413
2.48565e-07 2.37697e-07 0.1139 97920 45 0.0814282
1.8381e-07 2.3135e-07 0.0799059 276000 14 1.495e-06
2.48784e-07 2.45053e-07 0.0944015 251520 12 2.136e-06
1.95408e-07 2.34793e-07 0.0916481 273120 16 1.628e-06
2.41802e-07 2.29909e-07 0.085389 255840 35 1.131e-06
1.79417e-07 2.70746e-07 0.135772 123360 14 0.0725823
2.48031e-07 2.30936e-07 0.0947476 257760 35 1.457e-06
1.87715e-07 2.98792e-07 0.155101 120480 55 0.0669173
2.67022e-07 2.62505e-07 0.132729 251040 30 1.381e-06
1.66998e-07 2.72835e-07 0.111322 110880 31 0.0779444
2.69487e-07 2.57798e-07 0.0881544 249120 40 4.101e-06
2.09638e-07 2.87925e-07 0.138888 122880 11 0.060333
2.80504e-07 2.75024e-07 0.110987 247200 30 4.259e-06
1.8539e-07 2.9344e-07 0.132082 114240 60 0.0820639
2.62691e-07 2.59942e-07 0.122195 94560 51 0.0776491
1.92647e-07 2.86002e-07 0.130079 113760 26 0.0698314
2.26988e-07 2.48526e-07 0.0722821 100800 16 0.0444961
1.96763e-07 2.70634e-07 0.11452 112320 41 0.0586346
2.12731e-07 2.2932e-07 0.0872376 104640 26 0.0508493
1.87381e-07 2.75051e-07 0.16085 113280 31 0.100406
2.08279e-07 2.32742e-07 0.116995 109920 25 0.062577
1.69717e-07 2.66906e-07 0.0854725 119040 37 0.0407517
2.01274e-07 2.19061e-07 0.107687 116640 33 0.0601083
1.94434e-07 2.88341e-07 0.160378 122880 11 0.0754286
2.18675e-07 2.4581e-07 0.120131 261600 18 1.415e-06
2.00743e-07 2.56282e-07 0.124863 116640 62 0.0723531
1.95933e-07 2.27036e-07 0.0818925 106080 48 0.0507312
1.97086e-07 2.55696e-07 0.0886688 270720 14 1.422e-06
2.12264e-07 2.41613e-07 0.101012 259200 16 3.359e-06
2.25458e-07 2.5586e-07 0.117467 268800 16 1.389e-06
1.88562e-07 2.44248e-07 0.151486 96960 47 0.10864
1.99381e-07 2.56055e-07 0.124483 100320 23 0.0884583
1.86772e-07 2.271e-07 0.109464 111840 17 0.0634668
2.17065e-07 2.62306e-07 0.107551 268800 14 1.624e-06
2.16282e-07 2.52668e-07 0.125315 269280 16 1.0235e-05
2.36503e-07 2.78019e-07 0.133551 104160 27 0.0561733
1.93782e-07 2.59272e-07 0.14829 101760 23 0.102839
2.29678e-07 2.62056e-07 0.16616 105120 20 0.119954
1.70892e-07 2.67147e-07 0.109782 118080 32 0.0660761
2.27657e-07 2.61885e-07 0.0845205 266880 14 1.445e-06
1.51085e-07 2.39285e-07 0.107556 114720 31 0.0823116
2.18607e-07 2.54082e-07 0.12258 116640 30 0.0678193
1.70285e-07 2.41907e-07 0.11321 289440 34 1.517e-06
2.1836e-07 2.31786e-07 0.0829877 264480 19 2.603e-06
1.52981e-07 2.36137e-07 0.102749 118080 42 0.0676195
2.01659e-07 2.23424e-07 0.0783067 264000 35 1.419e-06
1.67185e-07 2.4471e-07 0.0976329 283200 16 1.303e-06
1.96301e-07 2.22104e-07 0.0860796 270240 30 1.385e-06
1.62333e-07 2.33017e-07 0.0734322 280800 16 1.283e-06
2.00844e-07 2.30672e-07 0.0946842 274080 12 5.096e-06
2.23836e-07 2.86815e-07 0.172821 285600 43 1.566e-06
2.07137e-07 2.34906e-07 0.0843393 265920 20 1.533e-06
2.33185e-07 2.99664e-07 0.126472 263040 12 1.309e-06
2.22108e-07 2.34324e-07 0.119106 260640 40 1.468e-06
2.16566e-07 2.75522e-07 0.0622529 269760 27 2.35e-06
2.24784e-07 2.48668e-07 0.0978098 266880 30 1.362e-06
1.98732e-07 2.78978e-07 0.0937715 274080 14 1.326e-06
2.22e-07 2.41943e-07 0.0748253 264480 14 3.697e-06
2.09032e-07 2.72882e-07 0.0846367 277920 19 1.406e-06
2.34178e-07 2.65586e-07 0.117938 270720 33 2.799e-06
2.18711e-07 2.71079e-07 0.0837966 267360 16 1.402e-06
2.31625e-07 2.54339e-07 0.0922162 262560 14 3.16e-06
2.11154e-07 2.5675e-07 0.0974192 90240 30 0.0569277
2.60518e-07 2.84768e-07 0.132373 263040 29 1.371e-06
