1.8834e-07 1.68554e-07 0.19589 96960 110 0.0653375
1.84214e-07 2.08806e-07 0.196322 96960 110 0.0838688
1.9385e-07 2.63581e-07 0.136814 276960 12 1.819e-06
2.48357e-07 3.1461e-07 0.174566 285120 21 1.578e-06
2.22619e-07 2.90634e-07 0.0826053 275040 14 9.6e-07
1.6292e-07 3.24589e-07 0.153333 129120 11 0.0851649
2.23785e-07 2.92074e-07 0.110895 280320 14 1.644e-06
1.35832e-07 3.54318e-07 0.156072 119040 64 0.0787018
2.03818e-07 2.78679e-07 0.0750607 267840 18 1.329e-06
1.24885e-07 3.60893e-07 0.129589 113760 23 0.0717843
1.88913e-07 2.71518e-07 0.077006 272640 16 4.353e-06
1.11566e-07 3.23619e-07 0.166811 115680 32 0.132309
1.96167e-07 2.72166e-07 0.122718 290400 46 2.674e-06
1.17921e-07 3.28771e-07 0.177444 130560 14 0.112059
1.42019e-07 3.37556e-07 0.149194 307200 76 1.585e-06
2.09559e-07 2.9115e-07 0.146466 289440 22 1.311e-06
2.13246e-07 3.0101e-07 0.132223 279360 14 5.474e-06
1.52405e-07 3.7529e-07 0.202425 123840 14 0.0884642
2.18912e-07 3.08996e-07 0.138647 278400 16 1.454e-06
1.44418e-07 4.25908e-07 0.19898 118080 68 0.0815815
2.11898e-07 3.04152e-07 0.0906527 272640 20 1.683e-06
1.38896e-07 3.99553e-07 0.17883 109920 27 0.151369
2.185e-07 2.9696e-07 0.138822 281280 20 1.222e-06
1.36204e-07 3.50908e-07 0.134238 116160 33 0.0963457
2.11108e-07 3.01888e-07 0.126415 293760 47 1.305e-06
1.76165e-07 4.1255e-07 0.172751 129120 13 0.0622144
2.17607e-07 2.75135e-07 0.11339 287040 24 1.112e-06
1.81123e-07 4.24159e-07 0.154535 110400 64 0.0714423
2.02285e-07 2.63794e-07 0.0988616 282240 16 3.79e-06
1.81128e-07 4.12429e-07 0.154123 104160 25 0.0818849
2.04e-07 4.17291e-07 0.168259 110400 20 0.0679716
2.27075e-07 2.74426e-07 0.175332 276960 21 1.377e-06
1.89818e-07 3.68416e-07 0.194916 103680 35 0.154726
2.44361e-07 2.65668e-07 0.112543 261600 14 1.38e-06
2.29595e-07 2.62817e-07 0.0917779 252480 27 4.164e-06
1.81551e-07 4.14162e-07 0.180684 120960 22 0.0816086
1.74396e-07 3.76877e-07 0.109927 114240 35 0.0606779
2.29866e-07 2.79688e-07 0.127064 249600 40 1.354e-06
2.10191e-07 4.20404e-07 0.187239 116160 29 0.065544
2.45131e-07 3.00359e-07 0.182328 255360 33 1.044e-06
2.26017e-07 2.92573e-07 0.107592 253920 34 7.056e-06
1.86522e-07 4.4434e-07 0.188988 102240 32 0.115676
2.40453e-07 3.08888e-07 0.125647 268800 30 1.752e-06
1.83651e-07 4.04275e-07 0.211549 103680 20 0.165044
2.3311e-07 2.88322e-07 0.0869487 274080 14 1.415e-06
1.622e-07 3.63594e-07 0.135788 120960 30 0.0990799
2.62355e-07 3.44682e-07 0.178243 281760 20 2.3941e-05
2.17399e-07 4.10977e-07 0.202958 304320 37 1.364e-06
2.56577e-07 3.43215e-07 0.122576 271200 19 1.068e-06
2.27203e-07 4.11692e-07 0.141181 291360 21 1.305e-06
2.63547e-07 3.59212e-07 0.130524 266400 16 1.658e-06
2.16005e-07 4.11052e-07 0.137717 285600 24 1.312e-06
2.43897e-07 3.32829e-07 0.0822764 259200 34 1.879e-06
1.9486e-07 3.96824e-07 0.118258 86400 26 0.0768448
2.22917e-07 3.33801e-07 0.116705 273600 30 1.528e-06
1.74436e-07 3.52647e-07 0.21162 96960 23 0.183119
2.32865e-07 3.43122e-07 0.160004 293760 29 2.254e-06
2.02386e-07 3.65519e-07 0.152675 304800 24 1.459e-06
2.50525e-07 3.73482e-07 0.176445 285120 30 1.1971e-05
2.18416e-07 4.03416e-07 0.173988 291840 21 1.78e-06
2.44656e-07 3.59682e-07 0.0995572 272160 14 1.316e-06
2.4755e-07 3.55187e-07 0.17276 98880 22 0.115789
2.64794e-07 3.30316e-07 0.147113 280800 20 1.497e-06
2.62425e-07 3.28907e-07 0.127559 277440 14 5.25e-06
2.9402e-07 3.6377e-07 0.192686 266400 16 2.363e-06
2.75852e-07 3.89039e-07 0.198548 267840 20 1.467e-06
2.90751e-07 3.48183e-07 0.139598 256800 37 4.8099e-05
2.84825e-07 3.82793e-07 0.169327 89760 29 0.104349
2.94455e-07 4.56591e-07 0.165941 101760 20 0.0532131
2.87487e-07 3.9149e-07 0.177399 259680 34 1.283e-06
2.85645e-07 4.32173e-07 0.168161 94560 23 0.110194
2.45555e-07 3.99676e-07 0.180826 81120 40 0.128923
2.835e-07 3.82978e-07 0.177683 106560 17 0.124353
2.45761e-07 3.67283e-07 0.179544 92160 18 0.121418
2.54683e-07 3.76893e-07 0.115002 118080 53 0.0418623
2.26115e-07 3.49149e-07 0.100328 276960 14 1.387e-06
2.33813e-07 3.42145e-07 0.112869 276000 16 1.75e-06
2.23898e-07 3.85682e-07 0.178685 120000 26 0.11159
1.99322e-07 3.50202e-07 0.15621 130080 13 0.11427
1.99607e-07 3.1776e-07 0.186255 102720 27 0.15025
2.65405e-07 3.79323e-07 0.19217 297120 76 1.502e-06
1.97296e-07 3.61681e-07 0.193273 288480 26 1.356e-06
2.91091e-07 4.02421e-07 0.187473 130080 11 0.0686983
2.37623e-07 3.7666e-07 0.186885 287520 32 1.191e-06
2.50857e-07 3.92393e-07 0.12902 120960 49 0.0734538
2.09646e-07 4.12527e-07 0.190569 92160 22 0.116901
2.18734e-07 3.91236e-07 0.163531 132000 10 0.0978217
1.91124e-07 3.75047e-07 0.137446 101760 23 0.094395
2.00948e-07 3.87375e-07 0.104963 136800 17 0.0419787
1.72626e-07 3.71895e-07 0.136139 112320 30 0.0678636
2.36273e-07 3.50653e-07 0.152279 132000 15 0.0792543
1.47844e-07 3.52059e-07 0.0994088 112320 38 0.0522626
2.12455e-07 3.27424e-07 0.106007 132000 15 0.0731126
1.51485e-07 3.45361e-07 0.145407 116160 20 0.0778997
2.13393e-07 3.1643e-07 0.146466 136320 17 0.0820467
1.4036e-07 3.58206e-07 0.145465 114240 50 0.0753596
2.20004e-07 3.23165e-07 0.193915 136320 17 0.123684
1.24277e-07 3.19906e-07 0.10414 116640 26 0.0734534
2.312e-07 3.21576e-07 0.12655 287040 64 1.276e-06
1.45546e-07 3.09907e-07 0.11867 134400 11 0.0523389
2.48534e-07 3.19252e-07 0.16861 128640 10 0.0828385
1.49787e-07 3.00984e-07 0.112529 129600 24 0.0470666
2.23708e-07 2.90255e-07 0.108137 130560 15 0.0751102
1.35398e-07 2.78554e-07 0.142298 126720 17 0.109033
2.51546e-07 3.03781e-07 0.136292 277920 42 1.504e-06
1.42775e-07 2.94748e-07 0.12542 302880 70 1.812e-06
2.21384e-07 2.82776e-07 0.101187 122400 10 0.0693125
1.33847e-07 2.81248e-07 0.134313 130560 11 0.0899616
1.97484e-07 2.61962e-07 0.132241 127200 18 0.0889728
1.65472e-07 3.05457e-07 0.144075 302400 44 1.363e-06
2.04632e-07 2.6827e-07 0.107255 282720 60 1.161e-06
1.52511e-07 3.08484e-07 0.139213 125760 9 0.0923263
2.32616e-07 2.90148e-07 0.1202 279360 12 1.424e-06
1.55555e-07 3.14437e-07 0.133684 123840 16 0.0637413
2.19095e-07 2.67677e-07 0.0925251 125760 14 0.0557312
1.69422e-07 3.21842e-07 0.119836 125760 17 0.0660557
2.1556e-07 3.18795e-07 0.145432 128640 19 0.0503652
1.76176e-07 3.20645e-07 0.129173 133920 18 0.0550097
2.29558e-07 2.9298e-07 0.13846 115200 52 0.077523
1.73901e-07 3.19535e-07 0.146026 133920 16 0.0813815
2.00012e-07 2.7005e-07 0.083176 115200 28 0.0497501
1.88972e-07 3.22047e-07 0.131153 137760 16 0.0591967
2.20297e-07 2.65113e-07 0.136831 123360 15 0.0656857
1.70282e-07 3.38789e-07 0.116324 137760 16 0.0515418
2.22176e-07 2.64046e-07 0.112827 120000 64 0.0460227
1.73701e-07 3.36653e-07 0.146583 138720 18 0.06245
1.98061e-07 2.5888e-07 0.113633 116160 25 0.0725031
1.87836e-07 3.31633e-07 0.136873 130560 15 0.0691182
1.76947e-07 2.81428e-07 0.171526 120480 39 0.113039
1.86609e-07 3.24486e-07 0.105019 126240 23 0.0561235
1.67788e-07 2.79309e-07 0.0878475 129120 11 0.0500667
1.84024e-07 3.2361e-07 0.116654 123840 18 0.0696522
1.55778e-07 2.73135e-07 0.121928 133440 18 0.0718904
1.9088e-07 2.99118e-07 0.0979845 123840 19 0.0450006
1.58208e-07 2.67591e-07 0.155518 135360 17 0.107361
1.76992e-07 2.998e-07 0.134607 127680 17 0.0811465
1.75238e-07 2.65484e-07 0.106011 297120 70 4.566e-06
1.66397e-07 2.8988e-07 0.0884295 122880 19 0.0467212
1.56483e-07 2.61505e-07 0.0896251 148800 6 0.0440738
1.63048e-07 2.96589e-07 0.125751 122400 17 0.0765031
1.59541e-07 2.4144e-07 0.0921058 146400 11 0.0523449
1.66149e-07 2.81082e-07 0.0886746 124800 17 0.0434492
1.5356e-07 2.56388e-07 0.103551 288000 44 1.921e-06
1.89275e-07 2.64774e-07 0.12413 132960 18 0.0557196
1.48478e-07 2.50586e-07 0.138506 135360 9 0.088681
1.9898e-07 2.73483e-07 0.115398 129600 18 0.0654647
1.7271e-07 2.55922e-07 0.101279 292320 66 1.581e-06
2.10195e-07 2.69153e-07 0.167985 124320 15 0.0996567
2.09278e-07 2.82566e-07 0.130155 287520 23 1.512e-06
2.24749e-07 2.60857e-07 0.118229 130080 19 0.048768
1.82341e-07 2.56849e-07 0.0925051 117600 42 0.0638032
2.06243e-07 2.68616e-07 0.184965 123840 18 0.121275
1.64558e-07 2.63781e-07 0.1737 129600 12 0.12151
2.00826e-07 2.63587e-07 0.0773236 277920 34 1.353e-06
1.70616e-07 2.69229e-07 0.100985 293280 58 1.939e-06
2.05701e-07 2.7464e-07 0.11357 276480 14 2.063e-06
1.82408e-07 2.72889e-07 0.102255 288000 23 1.4739e-05
2.11452e-07 2.64635e-07 0.0881914 273600 16 1.512e-06
2.34466e-07 2.79491e-07 0.160472 277920 14 1.82e-06
2.09884e-07 2.70541e-07 0.100288 267840 19 1.338e-06
2.13329e-07 2.63782e-07 0.169714 102720 30 0.131558
2.1282e-07 2.48216e-07 0.0831136 266880 16 4.128e-06
2.15066e-07 2.6394e-07 0.0899097 275040 12 4.179e-06
2.16903e-07 2.54868e-07 0.0945248 260160 16 1.129e-06
2.14725e-07 2.743e-07 0.0995735 269280 16 1.527e-06
2.25993e-07 2.68481e-07 0.115922 262080 35 1.541e-06
1.91683e-07 2.78541e-07 0.135375 108960 27 0.0880261
2.27099e-07 2.87162e-07 0.151772 100320 43 0.0879755
1.72273e-07 2.52254e-07 0.107292 116160 31 0.075789
2.00649e-07 2.54376e-07 0.109209 103200 26 0.0855151
1.74631e-07 2.41885e-07 0.0854592 281280 20 4.446e-06
2.09269e-07 2.58378e-07 0.107418 271200 12 4.01e-06
1.68215e-07 2.45607e-07 0.114912 123840 16 0.0710518
2.11355e-07 2.60198e-07 0.0839863 267840 19 1.387e-06
1.54246e-07 2.43777e-07 0.108431 132960 19 0.066227
2.11527e-07 2.89731e-07 0.130002 107040 26 0.0639675
1.94658e-07 2.6481e-07 0.14662 287040 60 4.94e-06
1.96863e-07 2.99022e-07 0.12244 111360 44 0.0707412
2.0342e-07 2.65928e-07 0.0900142 278400 14 1.409e-06
1.88417e-07 2.75364e-07 0.112706 108480 30 0.0747928
1.7836e-07 2.78111e-07 0.117261 128640 12 0.0633369
1.72204e-07 2.83614e-07 0.150839 115200 28 0.113879
1.72371e-07 2.68384e-07 0.111483 128160 21 0.0746565
2.15907e-07 3.07053e-07 0.132117 287520 43 2.898e-06
1.67995e-07 2.61709e-07 0.126065 128160 16 0.0782807
2.20746e-07 3.18139e-07 0.150591 124320 10 0.0815182
1.79491e-07 2.49641e-07 0.0981303 288000 76 1.668e-06
2.11181e-07 3.04608e-07 0.157357 120960 54 0.100088
1.90278e-07 2.52017e-07 0.0890976 279840 12 1.351e-06
2.18675e-07 3.02562e-07 0.143144 127680 11 0.0658331
1.82864e-07 2.59108e-07 0.149128 120480 39 0.0857506
2.21846e-07 3.09685e-07 0.121526 122400 18 0.042994
2.01529e-07 2.71811e-07 0.177879 121440 10 0.10592
1.97865e-07 2.83644e-07 0.111084 115680 53 0.070321
2.03466e-07 2.62658e-07 0.0870671 276480 35 3.002e-06
1.78812e-07 2.67097e-07 0.12831 126720 11 0.0878446
1.9303e-07 2.46871e-07 0.0716141 271680 14 1.362e-06
1.731e-07 2.5422e-07 0.0860722 285120 68 1.7421e-05
1.93801e-07 2.42254e-07 0.082104 270240 21 1.356e-06
1.96473e-07 2.77678e-07 0.148548 282720 24 1.617e-06
2.17154e-07 2.58416e-07 0.110682 269760 12 1.526e-06
1.71418e-07 2.60257e-07 0.0844417 116640 29 0.0513908
2.22642e-07 2.68656e-07 0.106595 264480 16 1.309e-06
1.58773e-07 2.85843e-07 0.139556 127680 14 0.0773319
2.34287e-07 2.75394e-07 0.103911 261120 35 6.981e-06
1.48833e-07 2.87086e-07 0.119719 128160 17 0.0712689
2.55647e-07 2.93475e-07 0.13344 260640 30 3.982e-06
1.41777e-07 3.0152e-07 0.168 134400 19 0.105645
2.53499e-07 2.8818e-07 0.106802 259200 37 1.77e-06
1.38985e-07 3.05532e-07 0.114447 141120 14 0.0538458
2.63944e-07 2.68055e-07 0.109329 265920 30 1.306e-06
1.68184e-07 3.06642e-07 0.151509 132480 19 0.0669679
2.5923e-07 2.62819e-07 0.092879 257760 40 1.212e-06
1.62212e-07 3.34894e-07 0.129974 127680 18 0.0627686
2.41547e-07 2.60139e-07 0.0852166 254880 27 1.722e-06
1.51166e-07 3.11108e-07 0.177834 119040 64 0.132432
2.53521e-07 2.64425e-07 0.120516 264000 37 1.499e-06
1.72874e-07 2.95435e-07 0.109419 301440 26 1.429e-06
2.75883e-07 2.72188e-07 0.127603 266400 30 1.924e-06
1.93148e-07 2.76352e-07 0.110178 295680 23 1.678e-06
2.55129e-07 2.71448e-07 0.0850036 258240 40 2.004e-06
1.83768e-07 2.62111e-07 0.0738085 294240 29 1.496e-06
2.70271e-07 2.77896e-07 0.11087 257760 29 1.46e-06
2.16073e-07 2.74648e-07 0.145923 292800 26 1.991e-06
2.53301e-07 2.7902e-07 0.0918372 254400 35 1.842e-06
2.42392e-07 2.95896e-07 0.137251 283680 29 1.877e-06
2.4599e-07 2.84997e-07 0.104763 256800 30 1.536e-06
2.46851e-07 2.77624e-07 0.0955449 271680 14 1.641e-06
2.30083e-07 2.67896e-07 0.0688256 258240 42 8.427e-06
2.31785e-07 2.78055e-07 0.103842 264480 21 1.371e-06
2.28307e-07 2.8515e-07 0.110892 259200 28 4.366e-06
2.19066e-07 2.69455e-07 0.0939147 307200 79 2.585e-06
2.00156e-07 2.76818e-07 0.113741 95040 44 0.0744284
2.17536e-07 2.66668e-07 0.109113 303360 37 1.364e-06
1.88123e-07 2.61993e-07 0.14687 99360 21 0.104394
2.03591e-07 2.57445e-07 0.0857391 300480 16 1.461e-06
1.93086e-07 2.59843e-07 0.0846689 275040 14 1.422e-06
1.99594e-07 2.57964e-07 0.102182 299520 24 1.0047e-05
1.98385e-07 2.59438e-07 0.129542 107520 31 0.0699534
2.00282e-07 2.5796e-07 0.0951137 296640 21 1.429e-06
2.07992e-07 2.27474e-07 0.116829 111840 39 0.0583348
2.24681e-07 2.63375e-07 0.131964 292800 26 7.365e-06
2.08314e-07 2.39026e-07 0.0943075 262080 14 1.507e-06
2.25884e-07 2.50462e-07 0.0836517 286080 29 1.342e-06
2.0953e-07 2.40994e-07 0.108487 259680 33 6.85e-06
2.11503e-07 2.43696e-07 0.0776286 282240 14 1.885e-06
2.20321e-07 2.60151e-07 0.120667 259200 33 1.242e-06
2.11041e-07 2.46549e-07 0.0936923 279360 20 1.297e-06
2.04209e-07 2.43504e-07 0.134845 100800 37 0.0880261
2.24929e-07 2.61554e-07 0.126905 276480 14 2.594e-06
2.03584e-07 2.49554e-07 0.0892466 265920 14 1.419e-06
2.27242e-07 2.69352e-07 0.106359 265920 16 1.39e-06
2.15256e-07 2.60601e-07 0.125437 272640 33 3e-06
2.28768e-07 2.60531e-07 0.0891726 268320 40 1.235e-06
2.32039e-07 2.80725e-07 0.114192 265920 16 1.375e-06
2.1705e-07 2.62554e-07 0.0880723 263040 14 1.243e-06
1.98682e-07 2.50899e-07 0.078868 109920 60 0.0504047
2.12208e-07 2.60851e-07 0.082356 271200 27 1.354e-06
1.81366e-07 2.30699e-07 0.18773 124320 10 0.15926
2.15922e-07 2.54225e-07 0.0914275 271200 14 1.277e-06
1.96137e-07 2.26711e-07 0.128064 291840 68 2.351e-06
2.20204e-07 2.58639e-07 0.0959742 266880 16 2.702e-06
1.99248e-07 2.59093e-07 0.126254 285600 17 1.27e-06
1.9113e-07 2.67038e-07 0.106029 107520 31 0.060332
1.94045e-07 2.54118e-07 0.0802642 280320 14 1.372e-06
1.6667e-07 2.7952e-07 0.125513 107520 32 0.0772629
1.71778e-07 2.51132e-07 0.118611 137760 10 0.0723426
1.70335e-07 2.59042e-07 0.128417 113280 49 0.0757684
1.7471e-07 2.5329e-07 0.104637 285600 79 1.425e-06
1.50383e-07 2.31867e-07 0.100007 119040 25 0.0725612
1.7888e-07 2.54933e-07 0.0856529 282240 12 2.069e-06
1.77982e-07 2.21541e-07 0.115742 290400 34 1.294e-06
1.66192e-07 2.47091e-07 0.110109 120480 46 0.0525306
1.77109e-07 2.12105e-07 0.0844648 284160 24 1.927e-06
1.69134e-07 2.93469e-07 0.162696 121920 10 0.0840786
2.01778e-07 2.34385e-07 0.117217 284160 29 1.226e-06
1.53915e-07 2.84154e-07 0.107785 126720 19 0.0662203
1.93145e-07 2.12751e-07 0.0564028 278400 14 1.944e-06
1.47462e-07 2.75355e-07 0.157438 128640 18 0.105995
1.94002e-07 2.24939e-07 0.0890506 277440 22 1.611e-06
1.52365e-07 2.66994e-07 0.0871129 297120 66 1.456e-06
1.98941e-07 2.33588e-07 0.0999984 279840 14 1.598e-06
1.76216e-07 2.90293e-07 0.129483 292320 26 2.38e-06
2.00669e-07 2.29188e-07 0.100545 277920 18 1.404e-06
1.59505e-07 2.54601e-07 0.106775 112800 29 0.077852
2.08288e-07 2.38312e-07 0.106154 268320 16 1.312e-06
1.63926e-07 2.35156e-07 0.078511 285600 34 3.059e-06
1.99147e-07 2.34329e-07 0.0944672 263520 14 6.105e-06
1.87497e-07 2.49214e-07 0.118136 287520 26 5.757e-06
1.97606e-07 2.43147e-07 0.0981918 271680 34 1.362e-06
1.76643e-07 2.44839e-07 0.0777012 278400 14 1.407e-06
2.13887e-07 2.58231e-07 0.102004 273600 16 1.6811e-05
1.94928e-07 2.5694e-07 0.116081 275040 18 1.484e-06
2.15706e-07 2.58542e-07 0.0926828 264960 16 4.321e-06
1.92424e-07 2.55557e-07 0.0939253 273120 14 1.681e-06
2.32916e-07 2.64367e-07 0.110453 260160 35 5.623e-06
2.02129e-07 2.76465e-07 0.112009 266400 20 2.539e-06
2.28878e-07 2.5619e-07 0.141601 94560 69 0.0808285
1.74216e-07 3.16866e-07 0.117254 96480 50 0.0582301
2.19737e-07 2.62938e-07 0.102062 107520 15 0.0441282
1.53591e-07 2.84911e-07 0.113046 90720 21 0.0878239
2.00628e-07 2.65287e-07 0.111191 104160 41 0.0625725
1.36257e-07 2.86324e-07 0.121126 105600 18 0.078949
1.73785e-07 2.49395e-07 0.101064 113280 25 0.0655588
1.23487e-07 2.49858e-07 0.145368 116640 48 0.112901
2.00296e-07 2.55775e-07 0.154629 123840 11 0.07909
1.28907e-07 2.37695e-07 0.0858905 306720 30 1.312e-06
1.94862e-07 2.58033e-07 0.111218 126720 17 0.0685459
1.35607e-07 2.19031e-07 0.0751576 307200 26 2.243e-06
2.0025e-07 2.72072e-07 0.137596 125760 17 0.0772557
1.47658e-07 2.25179e-07 0.122586 303360 47 1.372e-06
2.06864e-07 2.83863e-07 0.120025 128160 17 0.0547587
1.59737e-07 2.18507e-07 0.111644 303840 16 1.657e-06
2.048e-07 2.75814e-07 0.129236 121440 16 0.0709984
1.80231e-07 2.29668e-07 0.145368 296640 24 1.25e-06
2.24791e-07 2.89706e-07 0.176688 122880 19 0.0892538
1.68603e-07 2.27208e-07 0.0975338 282240 14 1.384e-06
2.51432e-07 2.9043e-07 0.175208 123840 18 0.102331
1.78267e-07 2.18937e-07 0.0990572 282720 47 1.352e-06
2.50561e-07 2.88228e-07 0.105858 265920 34 1.472e-06
1.8398e-07 2.20435e-07 0.106218 282720 24 1.469e-06
2.33807e-07 3.11152e-07 0.193929 129600 20 0.120187
1.84645e-07 2.21503e-07 0.0819974 281280 16 3.125e-06
2.21931e-07 2.80381e-07 0.0814552 277920 29 1.521e-06
1.87999e-07 2.25883e-07 0.0931375 278880 20 1.449e-06
2.21033e-07 2.58597e-07 0.0949446 275520 14 1.219e-06
1.74257e-07 2.20104e-07 0.0774622 276000 16 2.521e-06
2.20396e-07 2.63815e-07 0.101648 266880 16 1.218e-06
1.7528e-07 2.11278e-07 0.0916025 277440 14 1.25e-06
1.92071e-07 2.47974e-07 0.0926079 111360 42 0.0592973
1.86099e-07 2.23911e-07 0.0925968 270240 16 1.995e-06
1.95149e-07 2.46888e-07 0.0874233 271680 14 1.826e-06
1.97638e-07 2.29528e-07 0.108756 262560 12 6.512e-06
1.81362e-07 2.54848e-07 0.115195 113280 72 0.0542572
1.84393e-07 2.30614e-07 0.125952 105120 40 0.0703936
1.59221e-07 2.68089e-07 0.121072 111360 26 0.0747294
1.5831e-07 2.55395e-07 0.117171 107520 23 0.069012
1.8942e-07 2.46285e-07 0.117933 119520 40 0.0500188
1.46042e-07 2.49398e-07 0.106941 103680 33 0.066126
1.75095e-07 2.40832e-07 0.100381 116160 26 0.0656131
1.78386e-07 2.2821e-07 0.135306 109440 21 0.0728183
1.58989e-07 2.3533e-07 0.128589 118080 46 0.0889584
1.90361e-07 2.31936e-07 0.0891891 269760 18 1.24e-06
1.6892e-07 2.37872e-07 0.0911398 283680 18 1.1213e-05
1.68575e-07 2.10137e-07 0.101127 103200 31 0.0719476
1.73968e-07 2.32114e-07 0.0817909 281280 14 1.151e-06
1.78606e-07 2.19147e-07 0.0877745 276000 12 2.758e-06
1.84738e-07 2.19441e-07 0.104209 280800 20 1.653e-06
1.82306e-07 2.35674e-07 0.0984525 265920 16 1.227e-06
1.98333e-07 2.14571e-07 0.0874584 270720 16 1.125e-06
1.78164e-07 2.41954e-07 0.0879224 267360 37 1.305e-06
2.07928e-07 2.20741e-07 0.0871407 262560 14 2.217e-06
1.83106e-07 2.48581e-07 0.0942098 270240 14 1.319e-06
2.34896e-07 2.21608e-07 0.114793 258240 29 1.156e-06
1.82696e-07 2.65204e-07 0.144583 98400 26 0.0809762
2.4688e-07 2.36324e-07 0.123027 248640 34 1.331e-06
1.58072e-07 2.99347e-07 0.114696 96480 24 0.0634087
2.19041e-07 2.38467e-07 0.106247 101280 44 0.0657205
1.44206e-07 2.7983e-07 0.113497 102720 21 0.0799117
2.3903e-07 2.33943e-07 0.140517 106080 14 0.0785891
1.58978e-07 2.71811e-07 0.164698 114720 30 0.0946386
2.08204e-07 2.50311e-07 0.108349 108480 50 0.0594656
1.37866e-07 2.384e-07 0.150258 117600 46 0.122899
1.81544e-07 2.47475e-07 0.0987581 111840 30 0.061475
1.66916e-07 2.33134e-07 0.137596 302880 24 6.726e-06
1.64853e-07 2.26599e-07 0.0914222 119520 39 0.0637074
1.76369e-07 2.35481e-07 0.0912962 293760 17 4.89e-06
1.76089e-07 2.31124e-07 0.0861586 276000 14 1.755e-06
2.06765e-07 2.62462e-07 0.13245 288960 29 4.309e-06
1.60413e-07 2.41308e-07 0.143971 121440 12 0.0837422
1.96081e-07 2.54507e-07 0.0922591 278880 14 1.464e-06
1.63908e-07 2.32299e-07 0.0744742 280320 35 1.201e-06
2.08454e-07 2.62935e-07 0.0998115 278880 18 1.678e-06
1.48665e-07 2.71269e-07 0.124227 111840 27 0.0650788
2.36814e-07 2.77313e-07 0.127101 267840 16 1.724e-06
1.63561e-07 2.53361e-07 0.12803 106560 25 0.0801523
2.13559e-07 2.64082e-07 0.0754478 256800 16 1.747e-06
1.59797e-07 2.56402e-07 0.0992361 113760 40 0.0443062
2.04016e-07 2.52862e-07 0.0896849 260640 35 1.372e-06
1.44835e-07 2.38673e-07 0.124701 112320 38 0.0924337
2.2953e-07 2.64573e-07 0.128729 270240 30 5.96e-06
1.76609e-07 2.53961e-07 0.115625 288480 29 8.035e-06
2.13658e-07 2.40138e-07 0.147784 104160 20 0.112978
1.58253e-07 2.39455e-07 0.111178 112800 32 0.0785108
2.08987e-07 2.49232e-07 0.0927355 270720 14 2.007e-06
2.04881e-07 2.77318e-07 0.136243 282720 34 1.987e-06
2.39967e-07 2.43832e-07 0.121729 266400 16 1.464e-06
1.8292e-07 2.87567e-07 0.114636 116640 24 0.0619347
2.28684e-07 2.31475e-07 0.122119 109920 61 0.0650601
1.72816e-07 2.82459e-07 0.0998319 116160 37 0.0514139
2.1785e-07 2.25801e-07 0.0665618 254880 14 1.686e-06
1.58885e-07 2.79883e-07 0.0993608 124320 13 0.0495518
2.09911e-07 2.37025e-07 0.0923796 254400 35 1.987e-06
1.49308e-07 2.88788e-07 0.134797 128640 19 0.0824276
1.82337e-07 2.17686e-07 0.0776603 104640 42 0.0479825
1.54015e-07 2.75943e-07 0.105216 131520 17 0.0614329
1.5892e-07 2.04648e-07 0.16573 118080 27 0.13714
1.45831e-07 2.49477e-07 0.112813 131520 19 0.0775376
1.73703e-07 2.22415e-07 0.111581 289440 34 1.981e-06
1.61296e-07 2.44401e-07 0.0906694 293280 60 1.294e-06
1.91024e-07 2.14884e-07 0.107576 293760 24 1.209e-06
1.97985e-07 2.93194e-07 0.147861 129600 12 0.0527284
2.06174e-07 2.30977e-07 0.09734 281280 14 1.298e-06
1.81388e-07 2.82842e-07 0.100092 117120 57 0.0541768
2.12717e-07 2.54484e-07 0.103896 267360 20 1.766e-06
1.87064e-07 2.6278e-07 0.123475 117600 36 0.0715224
2.01042e-07 2.34063e-07 0.057107 263520 14 1.21e-06
1.98456e-07 2.4609e-07 0.141655 122880 11 0.0888988
1.94411e-07 2.26904e-07 0.065278 270240 35 2.179e-06
2.02015e-07 2.50291e-07 0.0892341 271200 30 1.176e-06
2.13936e-07 2.42687e-07 0.0992523 266400 12 1.386e-06
1.87909e-07 2.48486e-07 0.0811802 268320 14 1.319e-06
2.42873e-07 2.71564e-07 0.119852 261600 28 1.336e-06
1.95758e-07 2.49032e-07 0.0954075 307200 34 2.0793e-05
2.20449e-07 2.93984e-07 0.129141 94560 48 0.0713465
1.99874e-07 2.41665e-07 0.0826233 297600 40 1.0375e-05
1.92785e-07 2.90843e-07 0.104658 99360 20 0.0660294
2.00926e-07 2.46933e-07 0.0958838 291360 23 3.816e-06
1.68826e-07 2.70907e-07 0.16957 111360 26 0.137568
1.90619e-07 2.42507e-07 0.0785679 289920 24 1.304e-06
1.81163e-07 2.8032e-07 0.104974 290880 37 1.547e-06
1.91346e-07 2.43401e-07 0.094484 289920 29 6.322e-06
1.7307e-07 3.06287e-07 0.117312 122400 10 0.0578072
1.91284e-07 2.44367e-07 0.0900056 282720 24 1.978e-06
1.53148e-07 2.79113e-07 0.101521 119520 55 0.0666107
1.93969e-07 2.3753e-07 0.0764881 283680 32 2.75e-06
1.42544e-07 2.71344e-07 0.159041 137280 8 0.110848
2.03016e-07 2.35831e-07 0.0971361 277920 14 1.784e-06
1.41763e-07 2.58521e-07 0.0774747 303360 66 1.425e-06
1.95212e-07 2.18549e-07 0.0635495 268320 16 4.671e-06
1.64502e-07 2.68471e-07 0.124957 302400 16 1.632e-06
1.86462e-07 2.17382e-07 0.0735722 268320 14 3.122e-06
1.49768e-07 2.62987e-07 0.137907 139200 7 0.0981993
1.88949e-07 2.07267e-07 0.0810031 270720 14 1.813e-06
1.65471e-07 2.64491e-07 0.113513 298560 60 1.466e-06
1.84e-07 2.29239e-07 0.119348 268800 16 1.394e-06
1.77224e-07 2.58516e-07 0.0960227 295680 22 1.816e-06
1.81819e-07 2.3143e-07 0.0773979 274560 14 1.209e-06
1.81653e-07 2.52023e-07 0.0814441 291360 29 1.986e-06
1.85736e-07 2.28543e-07 0.0752569 278880 16 2.665e-06
1.86038e-07 2.45375e-07 0.0792418 289920 24 1.471e-06
1.77947e-07 2.30618e-07 0.0764348 271200 16 3.597e-06
1.97872e-07 2.38177e-07 0.0910645 285120 30 1.852e-06
2.05414e-07 2.31795e-07 0.122455 270240 18 1.418e-06
1.91838e-07 2.34201e-07 0.0760955 280800 14 2.0855e-05
1.98786e-07 2.29583e-07 0.0740508 252000 12 4.551e-06
1.98506e-07 2.48996e-07 0.102178 278880 20 1.783e-06
1.92909e-07 2.27883e-07 0.0796493 256800 29 3.177e-06
1.98654e-07 2.51975e-07 0.0979403 279840 16 4.554e-06
1.97826e-07 2.24098e-07 0.0794462 262080 40 4.264e-06
1.93098e-07 2.49784e-07 0.0859197 274080 18 1.521e-06
1.94937e-07 2.07648e-07 0.0636358 256320 33 1.8756e-05
1.99668e-07 2.55119e-07 0.11045 278880 16 7.769e-06
2.11247e-07 2.23849e-07 0.103359 256320 30 1.282e-06
2.30979e-07 2.62115e-07 0.125663 279840 16 1.493e-06
2.16028e-07 2.27725e-07 0.0880271 259680 35 6.637e-06
2.1871e-07 2.31709e-07 0.0616487 276000 19 1.957e-06
2.11412e-07 2.15078e-07 0.0770825 255360 33 1.689e-06
2.28342e-07 2.1388e-07 0.0915112 272160 14 4.445e-06
2.422e-07 2.66323e-07 0.14794 262080 35 1.789e-06
2.30217e-07 2.22106e-07 0.0994314 262080 20 1.285e-06
2.10741e-07 2.58588e-07 0.133505 92640 44 0.100779
2.11336e-07 2.18061e-07 0.0806344 264000 40 7.899e-06
2.08946e-07 2.56361e-07 0.0905023 263040 12 1.768e-06
2.18434e-07 2.41245e-07 0.109024 266400 30 1.22e-06
2.07773e-07 2.4693e-07 0.0745541 266880 27 1.382e-06
2.02937e-07 2.31411e-07 0.0652681 258240 40 1.236e-06
2.25033e-07 2.41101e-07 0.0978365 261120 14 2.951e-06
2.47823e-07 2.59668e-07 0.164771 265920 29 1.741e-06
2.39115e-07 2.61335e-07 0.11737 258240 34 1.198e-06
2.29084e-07 2.66468e-07 0.090315 251040 40 1.331e-06
2.10531e-07 2.95998e-07 0.199017 109440 49 0.124885
2.07927e-07 2.5179e-07 0.109236 96960 45 0.0710174
1.97959e-07 2.9328e-07 0.145578 124800 13 0.104379
1.78284e-07 2.6756e-07 0.129158 114240 16 0.075183
1.897e-07 2.87177e-07 0.0911196 286080 64 1.331e-06
1.58617e-07 2.69682e-07 0.127271 112800 42 0.083463
1.81576e-07 2.68459e-07 0.0770558 285600 22 2.759e-06
1.40771e-07 2.64039e-07 0.116444 116160 18 0.0819746
2.03681e-07 2.72067e-07 0.12608 290880 26 1.372e-06
1.58478e-07 2.6021e-07 0.106697 292800 48 4.182e-06
2.12649e-07 2.68271e-07 0.0926058 278400 12 1.219e-06
1.73578e-07 2.49716e-07 0.0892605 289440 24 1.636e-06
2.05026e-07 2.4725e-07 0.0691747 281280 19 1.7e-06
1.78867e-07 2.46818e-07 0.0791826 284640 29 1.51e-06
2.25403e-07 2.42609e-07 0.118105 277440 21 1.5421e-05
1.80192e-07 2.59476e-07 0.149094 124800 12 0.0989114
2.30491e-07 2.4456e-07 0.0907721 264960 14 1.777e-06
1.98125e-07 2.50951e-07 0.100579 281760 25 1.638e-06
2.15065e-07 2.61662e-07 0.103977 264960 35 7.762e-06
1.85838e-07 2.40942e-07 0.0865119 276480 16 1.267e-06
2.25699e-07 2.64026e-07 0.112182 271200 30 1.826e-06
1.89527e-07 2.48261e-07 0.0928014 281280 14 2.584e-06
1.94462e-07 2.40032e-07 0.120767 111360 32 0.0960696
1.94422e-07 2.59452e-07 0.105065 275520 21 1.303e-06
1.92406e-07 2.2913e-07 0.0705033 277440 16 2.119e-06
1.73123e-07 2.40348e-07 0.117072 114240 26 0.08486
1.99462e-07 2.37329e-07 0.0926631 273120 16 1.442e-06
1.90211e-07 2.60441e-07 0.113828 279840 18 2.123e-06
1.85001e-07 2.46728e-07 0.104889 129600 14 0.0578196
1.88516e-07 2.47732e-07 0.115398 111360 35 0.0646922
1.69814e-07 2.74817e-07 0.151118 128160 17 0.0833778
1.6913e-07 2.30092e-07 0.162665 114720 30 0.130478
1.58923e-07 2.62284e-07 0.0814829 130080 19 0.0445915
1.83083e-07 2.36066e-07 0.123273 288000 37 6.274e-06
1.73939e-07 2.53159e-07 0.15094 132480 14 0.0949428
1.94212e-07 2.54787e-07 0.115955 279840 14 1.19e-06
1.67922e-07 2.56596e-07 0.0936484 283680 79 1.372e-06
2.26762e-07 2.83581e-07 0.139091 272640 16 1.506e-06
1.91832e-07 2.52423e-07 0.128851 131520 12 0.0524076
1.98939e-07 2.74696e-07 0.109467 101280 32 0.0687442
1.7269e-07 2.3908e-07 0.0959529 124800 16 0.0671323
1.77454e-07 2.54945e-07 0.0800517 108960 23 0.0484139
1.52413e-07 2.77931e-07 0.125064 130080 19 0.0684549
1.55755e-07 2.24958e-07 0.1144 120480 36 0.0900177
1.66178e-07 2.96362e-07 0.118613 126240 18 0.0419621
1.68165e-07 2.09736e-07 0.0810827 288960 30 2.752e-06
1.75782e-07 3.09837e-07 0.171943 122880 19 0.104322
1.62557e-07 2.03098e-07 0.0667061 277440 14 1.755e-06
1.57126e-07 2.9398e-07 0.129844 125760 16 0.0874426
1.73251e-07 2.11402e-07 0.083797 277920 20 1.238e-06
1.52654e-07 2.87941e-07 0.113602 139680 17 0.0713135
1.76319e-07 2.22385e-07 0.0876588 268800 16 1.194e-06
1.66384e-07 2.84907e-07 0.125594 135840 18 0.0639591
1.5438e-07 2.30724e-07 0.119921 115680 24 0.0787403
1.76186e-07 2.98509e-07 0.125009 134880 15 0.04134
1.65815e-07 2.6955e-07 0.143106 123840 16 0.0641886
1.62951e-07 3.11267e-07 0.144331 129120 22 0.0791018
1.66456e-07 2.97193e-07 0.122978 112800 63 0.0579344
1.58703e-07 2.94752e-07 0.108662 129120 15 0.0566976
1.47235e-07 2.97676e-07 0.120774 107040 21 0.0790853
1.49229e-07 2.89714e-07 0.132955 133920 19 0.0745562
1.39022e-07 2.59164e-07 0.127643 116160 38 0.0987644
1.37076e-07 2.66428e-07 0.0935923 135360 17 0.0536021
1.75066e-07 2.74593e-07 0.131761 296640 34 1.593e-06
1.26119e-07 2.69215e-07 0.110906 142080 17 0.0665341
1.77528e-07 2.94425e-07 0.162116 122880 11 0.0993243
1.30561e-07 2.8801e-07 0.162199 143040 19 0.0930324
1.77563e-07 3.07061e-07 0.137951 130560 15 0.0586393
1.22391e-07 2.73179e-07 0.162045 142560 13 0.122209
1.83876e-07 3.00734e-07 0.126457 126720 21 0.0551529
1.44308e-07 2.86195e-07 0.132414 307200 79 2.202e-06
1.87959e-07 2.91204e-07 0.141938 130560 15 0.0736567
1.60884e-07 2.88142e-07 0.109397 302400 37 1.865e-06
2.00718e-07 2.70849e-07 0.124272 126240 21 0.0403372
1.68644e-07 2.70507e-07 0.0739864 292320 17 1.609e-06
1.81704e-07 2.64751e-07 0.114007 124800 16 0.0723613
1.60161e-07 2.88633e-07 0.131836 118560 32 0.0671604
1.70365e-07 2.87601e-07 0.135108 123840 19 0.0685403
1.49459e-07 2.85762e-07 0.140642 120960 32 0.0894224
1.52221e-07 2.60187e-07 0.128656 120000 57 0.0977526
1.3983e-07 2.85051e-07 0.110954 130080 11 0.0625103
1.66243e-07 2.53945e-07 0.111043 293280 34 5.909e-06
1.35758e-07 2.7433e-07 0.101705 128160 17 0.0602193
1.65757e-07 2.38252e-07 0.151813 136320 8 0.111364
1.24537e-07 2.70425e-07 0.126178 133440 18 0.080416
1.93434e-07 2.41495e-07 0.114265 292800 60 4.827e-06
1.45517e-07 2.72206e-07 0.109159 304800 60 4.291e-06
2.19571e-07 2.60538e-07 0.112914 277440 12 2.6e-06
1.34663e-07 2.67862e-07 0.0991198 132000 10 0.0527666
2.53861e-07 2.78846e-07 0.122134 265920 20 4.142e-06
1.51053e-07 2.56566e-07 0.134347 130080 16 0.0768478
2.20505e-07 2.67577e-07 0.122486 115680 58 0.0790185
1.57339e-07 2.44836e-07 0.102741 290880 70 1.508e-06
2.36877e-07 2.60972e-07 0.122853 122400 10 0.0588715
1.67349e-07 2.58567e-07 0.121957 286560 21 1.403e-06
2.21335e-07 2.48752e-07 0.129071 119040 69 0.0800374
1.69757e-07 2.54608e-07 0.0842452 284160 30 2.731e-06
2.21462e-07 2.42869e-07 0.0938103 267840 14 1.141e-06
1.82559e-07 2.68765e-07 0.103863 279840 14 6.648e-06
2.29183e-07 2.46725e-07 0.0901164 268800 19 2.7e-06
1.62443e-07 3.00664e-07 0.133332 107520 34 0.0731935
2.01151e-07 2.27643e-07 0.103869 115680 24 0.074102
1.46413e-07 2.96592e-07 0.123393 107040 32 0.0796186
2.13138e-07 2.29196e-07 0.0935874 269280 19 1.274e-06
1.3831e-07 2.60745e-07 0.137379 111360 44 0.102358
2.35975e-07 2.30142e-07 0.11723 265440 14 1.978e-06
1.47248e-07 2.45122e-07 0.0910764 296640 29 1.29e-06
2.35443e-07 2.39845e-07 0.101417 258720 33 1.262e-06
1.43698e-07 2.34906e-07 0.0657504 290400 26 1.365e-06
2.29005e-07 2.4491e-07 0.0924949 265920 34 1.265e-06
1.43394e-07 2.42231e-07 0.0913999 293280 26 1.305e-06
2.44837e-07 2.68567e-07 0.125903 265920 34 1.304e-06
1.56992e-07 2.43011e-07 0.10404 291360 29 1.172e-06
2.46624e-07 2.69363e-07 0.106393 262560 34 2.272e-06
1.89539e-07 2.2818e-07 0.13031 283680 24 1.414e-06
2.39327e-07 2.63002e-07 0.0895155 258240 30 1.23e-06
1.86314e-07 2.30749e-07 0.076771 264480 16 1.633e-06
2.38642e-07 2.57852e-07 0.0905284 258720 35 1.631e-06
1.80192e-07 2.31809e-07 0.0803497 276000 35 1.242e-06
2.27538e-07 2.62199e-07 0.0933883 257280 30 1.716e-06
1.85254e-07 2.39626e-07 0.0894682 274560 14 1.781e-06
2.60843e-07 2.48606e-07 0.138205 264480 40 1.689e-06
1.89063e-07 2.29681e-07 0.0780858 274080 12 6.686e-06
2.59188e-07 2.52689e-07 0.0870192 250080 30 1.395e-06
1.89033e-07 2.29955e-07 0.101002 266880 20 1.368e-06
2.61537e-07 2.6472e-07 0.0946332 247200 42 1.149e-06
2.1862e-07 2.31174e-07 0.11852 260640 14 1.202e-06
2.5968e-07 2.66304e-07 0.126992 92640 44 0.0720159
2.03317e-07 2.25182e-07 0.0658917 249120 34 1.312e-06
2.33885e-07 2.63874e-07 0.124333 94560 22 0.0826852
2.00246e-07 2.34199e-07 0.0818823 254880 30 1.436e-06
2.02084e-07 2.48327e-07 0.100885 103680 21 0.0704545
1.72604e-07 2.35108e-07 0.172406 94080 46 0.137975
1.919e-07 2.45176e-07 0.080765 268800 14 1.496e-06
1.89687e-07 2.51633e-07 0.104591 278880 12 1.232e-06
2.23164e-07 2.33404e-07 0.14119 109440 29 0.0752922
2.08016e-07 2.95432e-07 0.141657 274560 16 1.296e-06
2.24178e-07 2.27636e-07 0.0751734 258720 18 8.184e-06
1.86967e-07 3.01258e-07 0.103613 99840 20 0.052482
2.26285e-07 2.32541e-07 0.0982052 256320 37 6.931e-06
1.62535e-07 2.97021e-07 0.10738 100320 20 0.0677519
1.97766e-07 2.26465e-07 0.111214 105120 43 0.0776369
1.5622e-07 2.80679e-07 0.115013 114720 30 0.0607507
2.38284e-07 2.70459e-07 0.140757 262080 12 4.421e-06
1.35845e-07 2.74308e-07 0.157181 120000 34 0.115401
2.08534e-07 2.40549e-07 0.119609 98400 45 0.0934441
1.46466e-07 2.62246e-07 0.0904324 300960 34 1.665e-06
2.14921e-07 2.43361e-07 0.102503 261120 12 4.826e-06
1.76509e-07 2.72992e-07 0.131235 300000 24 1.278e-06
2.08484e-07 2.47415e-07 0.131438 101280 37 0.0751403
1.65177e-07 2.55896e-07 0.0829301 291840 24 1.956e-06
1.89085e-07 2.51905e-07 0.136546 104640 18 0.0929481
1.58231e-07 2.48963e-07 0.085688 296640 21 1.622e-06
1.74731e-07 2.41952e-07 0.070233 273120 14 1.1699e-05
1.75736e-07 2.36397e-07 0.117144 296160 29 2.385e-06
1.61944e-07 2.41714e-07 0.120754 114240 36 0.0729785
1.83708e-07 2.47995e-07 0.105735 288480 29 1.205e-06
1.52464e-07 2.50771e-07 0.0968712 127200 10 0.0436794
2.11801e-07 2.51197e-07 0.119989 279840 14 1.463e-06
1.40006e-07 2.37794e-07 0.0980397 132480 16 0.0620744
2.02635e-07 2.38776e-07 0.0683326 262080 18 1.814e-06
1.47105e-07 2.31633e-07 0.128122 138240 17 0.0767252
1.91539e-07 2.56216e-07 0.105651 268320 35 1.316e-06
1.77882e-07 2.53789e-07 0.120696 289920 64 1.278e-06
1.81992e-07 2.38802e-07 0.0799572 271200 14 1.189e-06
2.04309e-07 2.69316e-07 0.109657 282240 12 1.301e-06
2.01931e-07 2.61034e-07 0.118027 275040 20 2.001e-06
2.32908e-07 2.90917e-07 0.131855 268800 20 2.104e-06
2.30519e-07 2.85375e-07 0.14363 264960 14 1.8012e-05
2.36636e-07 2.7187e-07 0.139011 93600 24 0.0800204
1.97627e-07 2.77784e-07 0.149487 88320 39 0.115584
2.06665e-07 2.63598e-07 0.144193 96480 24 0.0981085
2.04424e-07 2.87765e-07 0.104253 273120 10 1.852e-06
2.14884e-07 2.54115e-07 0.097822 267840 14 9.333e-06
1.798e-07 2.79718e-07 0.113483 103200 25 0.0719282
1.87659e-07 2.31336e-07 0.131377 105600 28 0.0925099
1.75994e-07 2.63062e-07 0.097961 279360 12 1.401e-06
1.85558e-07 2.32215e-07 0.0779027 276480 20 2.853e-06
1.84341e-07 2.74151e-07 0.179336 113280 44 0.102942
1.7644e-07 2.38847e-07 0.13684 128160 10 0.0933374
1.93866e-07 2.70872e-07 0.0882428 279840 12 1.488e-06
1.84036e-07 2.36262e-07 0.080367 279360 34 5.565e-06
2.23712e-07 2.78623e-07 0.123507 275520 14 1.426e-06
1.9866e-07 2.33202e-07 0.150814 122880 11 0.0925747
2.16328e-07 2.66477e-07 0.0788177 265440 12 1.579e-06
1.956e-07 2.21276e-07 0.0703313 269760 33 1.67e-06
2.37263e-07 2.62576e-07 0.122888 282240 16 3.895e-06
1.93993e-07 2.36623e-07 0.0948296 263520 14 1.229e-06
2.31064e-07 2.59859e-07 0.087487 275040 20 1.28e-06
1.7759e-07 2.18012e-07 0.102493 111840 63 0.0644062
2.28518e-07 2.58483e-07 0.0812835 267840 12 2.094e-06
1.86049e-07 2.28428e-07 0.0937913 271200 14 1.46e-06
2.34223e-07 2.67223e-07 0.0941573 266880 16 1.845e-06
1.71587e-07 2.04602e-07 0.114774 119040 41 0.0834618
2.3526e-07 2.54542e-07 0.0813203 264960 16 1.319e-06
1.7201e-07 2.16191e-07 0.0833281 277440 14 1.529e-06
2.36202e-07 2.49094e-07 0.0955038 266400 33 1.606e-06
1.8504e-07 2.30358e-07 0.107676 275040 20 1.958e-06
2.25748e-07 2.4497e-07 0.0991668 261600 30 1.542e-06
1.93617e-07 2.36526e-07 0.100612 268320 14 9.032e-06
2.35318e-07 2.64219e-07 0.109563 258240 34 1.838e-06
1.87992e-07 2.37973e-07 0.116037 116160 25 0.0612311
2.14446e-07 2.53892e-07 0.12015 98400 43 0.0862326
1.69634e-07 2.28361e-07 0.10989 117600 50 0.06562
2.01298e-07 2.55242e-07 0.0993939 263040 12 1.869e-06
1.89292e-07 2.92826e-07 0.184741 123360 11 0.0884765
1.96074e-07 2.5081e-07 0.0808277 277920 8 1.669e-06
1.74652e-07 2.69988e-07 0.151464 120480 53 0.0934627
1.88291e-07 2.45174e-07 0.0754838 279360 20 1.495e-06
1.74085e-07 2.52488e-07 0.138646 134400 8 0.0645121
1.83084e-07 2.41498e-07 0.079638 281280 14 4.055e-06
1.9437e-07 2.66935e-07 0.125012 285120 68 2.197e-06
1.82847e-07 2.38461e-07 0.0788499 278880 20 1.936e-06
2.24071e-07 2.69555e-07 0.118263 281760 12 1.158e-06
1.97722e-07 2.3819e-07 0.107271 274560 16 3.044e-06
2.03776e-07 2.66138e-07 0.0832134 273600 21 1.323e-06
1.70629e-07 2.2912e-07 0.0896228 120000 24 0.0556119
2.03509e-07 2.66946e-07 0.10014 276480 14 1.391e-06
1.55629e-07 2.30204e-07 0.117063 129120 13 0.0730528
1.95655e-07 2.6791e-07 0.0911497 276960 16 1.211e-06
1.61169e-07 2.25496e-07 0.0995947 285120 66 6.728e-06
2.09983e-07 2.71952e-07 0.109014 276000 14 1.744e-06
1.9617e-07 2.23408e-07 0.122795 287520 18 5.211e-06
2.09888e-07 2.72115e-07 0.0872749 271200 18 1.326e-06
2.28388e-07 2.43604e-07 0.122296 268320 14 4.948e-06
2.50831e-07 3.20195e-07 0.158106 271200 16 1.833e-06
2.36107e-07 2.52366e-07 0.11228 254400 14 2.23e-06
2.32903e-07 2.90124e-07 0.176048 105120 30 0.132457
2.49844e-07 2.65267e-07 0.116095 253920 30 2.085e-06
2.48494e-07 3.09342e-07 0.117185 272160 14 1.328e-06
2.18262e-07 2.51858e-07 0.166901 98400 49 0.134901
2.10831e-07 2.80442e-07 0.110341 117120 42 0.0778184
2.11476e-07 2.41105e-07 0.0705192 270240 12 6.984e-06
2.13265e-07 2.82757e-07 0.0993417 276480 14 1.306e-06
2.15452e-07 2.35598e-07 0.0838374 270240 16 1.567e-06
2.28763e-07 2.90784e-07 0.133984 125760 12 0.0662269
2.03749e-07 2.45911e-07 0.0888428 264000 12 1.895e-06
2.00638e-07 2.74567e-07 0.125868 120480 54 0.0815397
2.16087e-07 2.64366e-07 0.110862 268800 27 9.703e-06
1.90878e-07 2.82158e-07 0.117639 128640 10 0.0661566
2.12595e-07 2.51919e-07 0.0814429 271200 14 1.719e-06
2.00914e-07 2.85234e-07 0.158787 125280 18 0.084321
2.15119e-07 2.60382e-07 0.0956377 268320 19 3.841e-06
1.96987e-07 2.63573e-07 0.12783 120000 57 0.0671169
2.1759e-07 2.44461e-07 0.127949 261120 14 1.288e-06
2.22368e-07 2.85365e-07 0.138253 275520 16 1.901e-06
2.14956e-07 2.32333e-07 0.0749221 255840 28 6.236e-06
1.91745e-07 2.71488e-07 0.0858686 114240 26 0.0510497
2.09734e-07 2.45466e-07 0.100435 257760 37 2.654e-06
2.01704e-07 2.79403e-07 0.145562 127200 13 0.0614554
1.98665e-07 2.38326e-07 0.0756086 269280 27 1.338e-06
2.08671e-07 2.93329e-07 0.115266 124800 19 0.0572111
1.91352e-07 2.34211e-07 0.0782969 268800 14 4.322e-06
1.92519e-07 2.69014e-07 0.11748 118560 67 0.0725385
2.03366e-07 2.43541e-07 0.107112 271680 16 1.5e-06
1.79542e-07 2.83075e-07 0.160899 123840 11 0.108802
1.99823e-07 2.40055e-07 0.080428 267840 20 6.859e-06
1.64427e-07 2.60038e-07 0.100999 128160 16 0.0624291
2.04061e-07 2.45612e-07 0.113199 264000 16 1.645e-06
1.79655e-07 2.69849e-07 0.126354 290400 70 4.279e-06
1.95709e-07 2.41389e-07 0.0989318 277920 33 1.43e-06
1.94987e-07 2.85671e-07 0.115052 286560 22 1.469e-06
2.04978e-07 2.46422e-07 0.0868925 276480 14 1.406e-06
2.03126e-07 2.77143e-07 0.0955544 280800 14 1.897e-06
2.00638e-07 2.30826e-07 0.0707821 267360 16 1.389e-06
1.80002e-07 2.7508e-07 0.12839 130080 14 0.0842938
1.78866e-07 2.47964e-07 0.122397 128640 12 0.0675561
1.66897e-07 2.63941e-07 0.0776959 285120 70 1.354e-06
1.96768e-07 2.46657e-07 0.129343 124800 17 0.0565787
1.82305e-07 2.5991e-07 0.127727 289920 24 2.313e-06
1.74248e-07 2.66189e-07 0.127961 122400 18 0.0764076
1.69389e-07 2.71235e-07 0.135603 122880 11 0.0797461
1.57144e-07 3.12524e-07 0.133803 123840 18 0.0623413
1.61729e-07 2.68876e-07 0.113177 124320 14 0.0708942
1.39467e-07 2.83038e-07 0.110699 115680 6 0.0706847
1.84824e-07 2.53482e-07 0.136063 124800 21 0.0724227
1.56541e-07 2.93459e-07 0.122907 137760 12 0.0677784
1.97936e-07 2.59e-07 0.0944715 278880 30 1.417e-06
1.42086e-07 3.09464e-07 0.123182 128640 25 0.0601477
2.06562e-07 2.47341e-07 0.0989359 274080 16 1.337e-06
1.26987e-07 3.02401e-07 0.120913 120480 53 0.0762336
2.322e-07 2.90788e-07 0.134389 262560 16 2.189e-06
1.45235e-07 2.87297e-07 0.134051 123840 11 0.0773942
2.02203e-07 2.62286e-07 0.140751 96960 45 0.103111
1.36952e-07 2.68658e-07 0.10881 128640 19 0.0675123
1.84657e-07 2.59379e-07 0.118247 115200 16 0.0734293
1.26951e-07 2.63143e-07 0.118731 131040 14 0.0700007
1.76058e-07 2.58249e-07 0.0812899 275520 19 1.499e-06
1.30933e-07 2.5533e-07 0.0837923 300480 76 1.503e-06
1.5535e-07 2.48345e-07 0.110766 118080 32 0.0741407
1.47749e-07 2.72613e-07 0.123977 140640 2 0.05519
1.69775e-07 2.55733e-07 0.128699 130560 11 0.0620361
1.58302e-07 2.73873e-07 0.174572 131520 15 0.106028
1.73166e-07 2.75259e-07 0.156124 128640 19 0.0994307
1.81636e-07 2.98659e-07 0.133853 292800 58 1.41e-06
1.69038e-07 3.07469e-07 0.13315 134400 17 0.0534155
1.57773e-07 2.96527e-07 0.085609 117120 18 0.0420957
1.52875e-07 2.87584e-07 0.120642 134400 19 0.0792785
1.65719e-07 2.78409e-07 0.141476 116640 30 0.0852243
1.41999e-07 3.01446e-07 0.124078 135840 16 0.0595542
1.51084e-07 6.17289e-07 0.310083 124320 10 0.0646152
1.47925e-07 3.05104e-07 0.127894 134400 19 0.0743234
1.66265e-07 5.31005e-07 0.155007 84480 44 0.107604
1.3845e-07 3.1914e-07 0.146039 130560 15 0.0822835
1.75102e-07 4.9162e-07 0.119237 97440 19 0.0591019
1.71581e-07 3.07233e-07 0.132056 136320 19 0.0622108
1.71596e-07 4.43724e-07 0.126303 96960 23 0.0703325
1.6598e-07 2.89458e-07 0.110822 129120 16 0.0737266
1.53232e-07 4.01435e-07 0.12588 103200 24 0.0908795
1.59006e-07 2.98501e-07 0.122288 132000 15 0.0726985
1.58116e-07 3.5659e-07 0.134375 108480 26 0.0911294
1.68018e-07 3.07471e-07 0.142471 128640 19 0.0789223
1.40152e-07 3.19091e-07 0.0751679 120960 34 0.039968
1.6352e-07 2.80109e-07 0.103187 121920 15 0.0633703
1.32661e-07 3.51922e-07 0.156593 131520 12 0.0836898
1.52957e-07 2.69156e-07 0.0829733 128640 19 0.0432499
1.30698e-07 3.09789e-07 0.0734668 126720 19 0.042279
1.42008e-07 2.76097e-07 0.156296 132000 13 0.10662
1.74704e-07 3.30669e-07 0.157753 131520 17 0.0683025
1.79996e-07 3.00703e-07 0.163132 299040 79 1.444e-06
2.05874e-07 3.25922e-07 0.161373 123840 19 0.0847494
1.81879e-07 2.75558e-07 0.151246 114240 18 0.103255
1.86316e-07 3.02311e-07 0.107014 120960 51 0.0667952
2.00517e-07 2.74667e-07 0.1062 282720 40 2.161e-06
2.06284e-07 2.97417e-07 0.138213 120480 30 0.0674697
2.04236e-07 2.70845e-07 0.0873543 277440 12 1.258e-06
1.79715e-07 2.80872e-07 0.135745 117120 39 0.0981548
2.12609e-07 2.65025e-07 0.0832213 273120 20 2.679e-06
1.63549e-07 2.85241e-07 0.131875 129600 12 0.0819678
2.05663e-07 2.60717e-07 0.0881671 273600 16 8.634e-06
1.6599e-07 2.64799e-07 0.080328 292320 60 1.884e-06
2.05113e-07 2.4492e-07 0.0901758 271680 16 1.474e-06
2.08227e-07 2.95883e-07 0.145667 290400 23 4.839e-06
2.29923e-07 2.63317e-07 0.113132 266400 20 2.065e-06
1.99656e-07 3.1518e-07 0.13349 128160 10 0.0629927
2.19514e-07 2.80653e-07 0.131866 94560 50 0.0731777
1.79324e-07 2.90584e-07 0.102224 129600 20 0.0635095
1.95657e-07 2.85981e-07 0.090166 93120 21 0.0489959
1.95231e-07 2.81062e-07 0.180748 129600 18 0.10767
1.77059e-07 2.92974e-07 0.117475 94560 22 0.0694265
1.87361e-07 2.52463e-07 0.0697338 282240 34 1.496e-06
2.0294e-07 2.79486e-07 0.122635 97920 29 0.0629868
1.76502e-07 2.39604e-07 0.075383 278400 16 1.766e-06
1.84828e-07 2.55453e-07 0.156069 101280 21 0.125319
1.73372e-07 2.42766e-07 0.0972826 280800 19 3.817e-06
1.92799e-07 2.50004e-07 0.0791288 278880 14 8.166e-06
1.97609e-07 2.77326e-07 0.131327 281280 16 2.546e-06
1.73165e-07 2.23707e-07 0.119803 113280 49 0.0788384
1.73363e-07 2.76271e-07 0.118749 107040 39 0.0768003
1.86386e-07 2.31591e-07 0.0922583 279360 12 1.358e-06
1.72283e-07 2.7303e-07 0.143647 108960 33 0.0863688
1.86352e-07 2.16263e-07 0.0786052 270720 16 1.288e-06
1.68723e-07 2.58791e-07 0.123171 120480 36 0.0720074
1.78005e-07 2.13766e-07 0.0823395 269760 14 1.892e-06
1.61532e-07 2.44412e-07 0.0752604 282240 14 3.218e-06
1.67443e-07 2.10949e-07 0.0915933 121440 10 0.0532805
1.80875e-07 2.40912e-07 0.106269 282720 47 1.517e-06
1.52603e-07 2.43106e-07 0.127207 125760 17 0.0697166
2.00379e-07 2.80954e-07 0.153606 125280 12 0.0754153
1.39998e-07 2.46072e-07 0.136143 125280 18 0.0903105
1.76873e-07 3.11578e-07 0.155263 116160 56 0.0866525
1.33024e-07 2.3499e-07 0.12062 132960 16 0.0779109
1.62067e-07 3.23022e-07 0.124482 122400 10 0.0732858
1.45445e-07 2.39287e-07 0.114329 297600 76 1.347e-06
1.75937e-07 3.4548e-07 0.149403 126720 19 0.0763254
1.46612e-07 2.29019e-07 0.0825821 288000 23 1.163e-06
1.55007e-07 3.38598e-07 0.120368 120000 57 0.0777663
1.41514e-07 2.38259e-07 0.124054 133440 10 0.0784523
1.42681e-07 3.41734e-07 0.116563 120960 32 0.0585882
1.3204e-07 2.48383e-07 0.119309 135360 19 0.0649505
1.77784e-07 3.46692e-07 0.184875 122880 11 0.113721
1.26603e-07 2.46402e-07 0.125719 134400 17 0.0812815
1.62505e-07 3.2289e-07 0.103995 126240 20 0.0631813
1.74711e-07 2.63069e-07 0.144742 299520 68 2.971e-06
1.49456e-07 2.97425e-07 0.120064 128640 18 0.0854393
1.80636e-07 2.65323e-07 0.0907584 283200 17 2.235e-06
1.34411e-07 2.70952e-07 0.0975971 137760 15 0.0677422
1.78641e-07 2.51256e-07 0.0805068 286080 32 2.327e-06
1.75902e-07 2.73481e-07 0.147862 303840 68 4.531e-06
1.91016e-07 2.5242e-07 0.105817 282240 14 3.998e-06
1.92497e-07 2.84249e-07 0.128407 289920 18 1.958e-06
2.13605e-07 2.69547e-07 0.124058 277920 21 1.254e-06
1.93422e-07 2.97991e-07 0.121506 282720 29 1.601e-06
2.1553e-07 2.50906e-07 0.086858 273600 16 1.505e-06
2.14699e-07 3.07187e-07 0.110113 279360 14 2.662e-06
2.20522e-07 2.56119e-07 0.088692 270720 16 1.224e-06
2.10022e-07 3.17124e-07 0.126689 96000 33 0.0675516
2.16561e-07 2.58068e-07 0.0957638 261600 14 1.846e-06
1.90554e-07 3.05619e-07 0.129859 98880 19 0.0908219
2.25796e-07 2.73866e-07 0.115267 261600 28 1.294e-06
1.98757e-07 2.88166e-07 0.123382 105600 18 0.0717815
2.29573e-07 2.80795e-07 0.0974246 268320 34 1.508e-06
1.75199e-07 2.95202e-07 0.107118 108000 41 0.0601088
2.06243e-07 2.69881e-07 0.129294 109440 23 0.0882225
1.69308e-07 2.74738e-07 0.127707 114720 31 0.0770887
1.86824e-07 2.55677e-07 0.0768856 273120 19 1.301e-06
1.49055e-07 2.63718e-07 0.11566 120960 33 0.078261
1.77168e-07 2.40423e-07 0.0685006 279840 16 1.524e-06
1.60613e-07 2.60741e-07 0.0902479 292800 37 1.782e-06
2.01866e-07 2.49739e-07 0.112639 277920 18 2.406e-06
1.68539e-07 2.45717e-07 0.0998336 290880 26 9.96e-06
2.25972e-07 2.56911e-07 0.113496 273120 16 1.688e-06
1.83351e-07 2.67354e-07 0.112626 282720 24 3.544e-06
2.49321e-07 2.64159e-07 0.119272 260160 16 1.113e-06
1.72174e-07 2.55466e-07 0.0681139 280800 16 8.011e-06
2.67143e-07 2.84125e-07 0.131241 258240 35 1.481e-06
1.76945e-07 2.45005e-07 0.08102 282240 20 1.68e-06
2.84923e-07 3.32985e-07 0.147406 251520 29 1.44e-06
1.9053e-07 2.40292e-07 0.0919395 276000 20 1.193e-06
2.63327e-07 3.31497e-07 0.127228 82080 47 0.0707853
2.13677e-07 2.49378e-07 0.0992225 267840 14 1.271e-06
2.24995e-07 3.27407e-07 0.107191 92160 18 0.0658574
1.87974e-07 2.90426e-07 0.161667 96960 32 0.107107
1.95993e-07 2.97928e-07 0.101276 102720 24 0.0703982
1.65329e-07 2.64573e-07 0.128099 105120 13 0.102939
1.73251e-07 2.64514e-07 0.101277 119520 31 0.0732489
1.92409e-07 2.64055e-07 0.123136 288480 34 1.3676e-05
1.8476e-07 2.72157e-07 0.0975512 283680 34 1.98e-06
2.01378e-07 2.64774e-07 0.092168 274560 14 1.301e-06
1.87549e-07 2.72777e-07 0.0999179 279360 14 1.181e-06
1.99428e-07 2.55653e-07 0.0794843 267840 16 2.065e-06
1.91752e-07 2.67682e-07 0.0829263 278880 16 3.659e-06
2.17541e-07 2.59188e-07 0.186958 100320 29 0.121561
1.92432e-07 2.60777e-07 0.0904983 281280 16 1.172e-06
2.03176e-07 2.49168e-07 0.093118 266880 14 2.344e-06
2.22598e-07 2.85138e-07 0.131929 277920 21 1.274e-06
2.08621e-07 2.52247e-07 0.10927 273120 19 1.377e-06
1.9323e-07 2.73355e-07 0.0897709 112800 38 0.0507297
2.1394e-07 2.68517e-07 0.113891 272640 16 1.329e-06
1.88373e-07 2.70026e-07 0.106955 115200 23 0.0515524
1.94769e-07 2.62978e-07 0.0824223 269760 20 1.184e-06
1.85185e-07 2.91045e-07 0.118804 114240 37 0.0477762
1.99132e-07 2.5159e-07 0.0953078 276480 14 1.356e-06
1.71569e-07 2.72696e-07 0.103857 106080 25 0.0650887
2.01564e-07 2.54772e-07 0.0851528 267360 16 2.104e-06
1.79859e-07 2.65451e-07 0.107535 107520 38 0.0459049
1.98834e-07 2.61773e-07 0.137696 96480 31 0.0805835
1.65377e-07 2.46489e-07 0.0966958 109440 25 0.0552136
1.96098e-07 2.66264e-07 0.102009 102720 21 0.0510059
1.46214e-07 2.75456e-07 0.17592 115200 30 0.118022
1.70991e-07 2.81593e-07 0.120442 104640 19 0.0750782
1.33907e-07 2.70979e-07 0.133069 125280 15 0.088093
1.533e-07 2.61217e-07 0.0763932 113280 43 0.0441045
1.54557e-07 2.80077e-07 0.127166 300480 68 7.053e-06
1.3786e-07 2.65529e-07 0.10931 114240 20 0.066209
1.84059e-07 3.03514e-07 0.1383 297120 18 1.374e-06
1.47439e-07 2.37409e-07 0.114603 112320 49 0.0680797
1.9882e-07 3.05628e-07 0.121808 285120 26 1.261e-06
1.3887e-07 2.29788e-07 0.13434 125760 10 0.0909129
2.07911e-07 2.93839e-07 0.0872022 281280 14 1.144e-06
1.35555e-07 2.1869e-07 0.0667972 293280 64 1.746e-06
2.09892e-07 2.94395e-07 0.0944339 270720 20 2.009e-06
1.56121e-07 2.1223e-07 0.0904544 291840 23 1.651e-06
1.82348e-07 3.46098e-07 0.213812 101760 23 0.146143
1.78707e-07 2.25915e-07 0.0956562 278880 12 2.14e-06
1.93949e-07 3.10979e-07 0.120752 112320 30 0.0534787
1.83973e-07 2.44923e-07 0.154886 111840 39 0.0904232
1.67301e-07 2.82313e-07 0.0922215 117120 39 0.0608626
1.63255e-07 2.4788e-07 0.100441 118080 32 0.0590731
1.95844e-07 3.07862e-07 0.141037 288480 29 5.209e-06
1.95883e-07 2.52202e-07 0.133293 126720 12 0.0744123
1.728e-07 2.90403e-07 0.115183 110880 30 0.0779054
1.87449e-07 2.34562e-07 0.153786 127200 18 0.117091
1.63182e-07 2.77379e-07 0.107907 124320 11 0.0617788
1.92992e-07 2.21509e-07 0.0757942 284640 60 5.225e-06
1.77941e-07 2.75009e-07 0.176458 124320 15 0.12577
1.94823e-07 2.33902e-07 0.0959887 278400 12 1.799e-06
1.71017e-07 2.68258e-07 0.0922941 290880 68 2.184e-06
2.37118e-07 2.73402e-07 0.132814 276000 18 1.337e-06
1.72298e-07 2.48606e-07 0.0918865 292800 21 1.32e-06
2.07301e-07 2.50955e-07 0.0854345 108480 30 0.0570034
1.87677e-07 2.48876e-07 0.116723 285120 32 1.0371e-05
2.06935e-07 2.49745e-07 0.136035 120960 34 0.0732158
1.99949e-07 2.35225e-07 0.130614 129600 12 0.05437
1.8582e-07 2.3117e-07 0.0925811 124320 10 0.0591423
2.1857e-07 2.40108e-07 0.163702 127680 16 0.0869408
1.92363e-07 2.38043e-07 0.0863574 273120 34 1.404e-06
2.17319e-07 2.36424e-07 0.0838196 264480 35 2.784e-06
1.82602e-07 2.37417e-07 0.100219 117120 33 0.0511166
2.24534e-07 2.49491e-07 0.113071 266400 30 1.595e-06
1.68784e-07 2.60191e-07 0.142176 120000 33 0.0694782
2.2462e-07 2.54984e-07 0.109143 261120 40 1.407e-06
1.70204e-07 2.74274e-07 0.111406 126240 14 0.059311
2.12845e-07 2.54245e-07 0.0974743 260640 30 2.536e-06
1.56641e-07 2.51572e-07 0.112869 118560 64 0.0808527
2.04601e-07 2.62778e-07 0.0938033 269280 37 1.509e-06
1.59066e-07 2.52777e-07 0.142341 127200 10 0.0992207
2.13032e-07 2.64447e-07 0.0882743 271680 14 1.156e-06
1.56166e-07 2.42492e-07 0.0843149 288000 60 1.649e-06
1.84302e-07 2.53721e-07 0.0875944 110880 47 0.0500735
1.70878e-07 2.45261e-07 0.0910987 288000 24 4.494e-06
1.77113e-07 2.70161e-07 0.134697 113760 26 0.0712751
1.99396e-07 2.65554e-07 0.118906 275520 14 1.618e-06
1.70159e-07 2.39689e-07 0.132883 112320 41 0.0915391
1.76946e-07 3.06704e-07 0.116574 100320 23 0.055696
1.87489e-07 2.41324e-07 0.0917075 282240 14 1.668e-06
1.6735e-07 2.84657e-07 0.135865 109920 27 0.100245
1.9073e-07 2.41933e-07 0.0856637 281280 20 1.449e-06
1.91297e-07 3.02832e-07 0.159073 121440 13 0.0851868
1.8725e-07 2.33013e-07 0.0785856 276000 20 1.668e-06
2.04629e-07 2.76878e-07 0.147505 118080 68 0.0803145
1.96203e-07 2.43654e-07 0.100495 270720 14 1.368e-06
2.08494e-07 2.71832e-07 0.0837112 276000 14 1.574e-06
1.71494e-07 2.73023e-07 0.143795 114240 31 0.079384
2.06181e-07 2.64458e-07 0.129082 118560 44 0.0731982
1.63223e-07 2.92109e-07 0.123814 112320 41 0.0620244
2.08517e-07 2.56402e-07 0.0945659 271680 14 2.032e-06
1.65121e-07 2.86964e-07 0.130949 111840 27 0.0680098
1.99645e-07 2.47603e-07 0.0722767 267360 21 1.542e-06
1.53295e-07 2.62508e-07 0.109482 120000 34 0.0737326
1.8374e-07 2.39262e-07 0.0788419 266880 14 1.134e-06
1.41195e-07 2.72902e-07 0.100921 126240 16 0.0560431
1.89299e-07 2.26812e-07 0.0794007 272640 16 1.283e-06
1.78205e-07 3.22681e-07 0.154828 122400 18 0.060192
2.12319e-07 2.54548e-07 0.116408 267840 20 1.416e-06
1.6393e-07 2.95549e-07 0.119791 112800 58 0.082932
2.26248e-07 2.38036e-07 0.0922944 262560 16 1.734e-06
1.48165e-07 2.79412e-07 0.120507 121440 10 0.0822284
2.22509e-07 2.4062e-07 0.0929458 258720 30 6.159e-06
1.47164e-07 2.81673e-07 0.119988 126720 18 0.0656706
2.17165e-07 2.22906e-07 0.081112 257280 40 1.2762e-05
1.65278e-07 3.29052e-07 0.121603 126720 19 0.046415
2.14352e-07 2.03996e-07 0.0681306 263520 30 2.164e-06
1.63233e-07 3.20985e-07 0.126395 124320 14 0.0770388
2.12691e-07 2.12451e-07 0.0827912 261600 42 2.796e-06
1.5378e-07 3.06735e-07 0.117458 122400 21 0.0715923
2.18809e-07 2.10262e-07 0.0916625 273120 28 1.309e-06
1.50609e-07 2.9739e-07 0.124397 123360 17 0.0766814
2.34245e-07 2.08731e-07 0.134198 275040 14 1.696e-06
1.37309e-07 2.80913e-07 0.0912904 136800 17 0.0475393
2.18163e-07 2.14982e-07 0.0798988 266400 14 1.583e-06
1.31133e-07 2.61709e-07 0.121195 139200 16 0.0791386
2.16831e-07 2.15648e-07 0.0876271 272640 35 1.259e-06
1.38199e-07 2.53875e-07 0.0872564 302400 68 3.984e-06
2.18907e-07 2.15545e-07 0.0843866 267840 16 4.486e-06
1.52611e-07 2.48782e-07 0.0811517 299520 17 1.985e-06
2.25367e-07 2.07321e-07 0.0832351 261120 16 1.854e-06
1.63846e-07 2.5306e-07 0.100081 288960 24 1.257e-06
2.18121e-07 2.15478e-07 0.0876086 256800 35 3.617e-06
1.81212e-07 2.64849e-07 0.1162 284160 26 1.471e-06
2.43084e-07 2.4463e-07 0.117329 262560 34 2.906e-06
1.72392e-07 2.5179e-07 0.13091 116160 22 0.0829681
2.30631e-07 2.28221e-07 0.074736 253440 30 2.003e-06
1.82095e-07 2.71792e-07 0.122286 122400 16 0.0681438
2.38337e-07 2.20272e-07 0.0842245 253920 35 1.168e-06
1.60872e-07 2.62082e-07 0.124093 112320 66 0.0858396
2.36489e-07 2.29208e-07 0.0909236 250560 30 8.53e-06
1.70344e-07 2.71047e-07 0.144748 128640 10 0.0862374
2.40566e-07 2.48938e-07 0.106369 257280 42 1.419e-06
1.68759e-07 2.67056e-07 0.0840095 286560 64 4.297e-06
2.32457e-07 2.49625e-07 0.0813686 260160 30 1.185e-06
1.86672e-07 2.57803e-07 0.107085 285120 24 2.019e-06
2.10501e-07 2.42711e-07 0.07347 258720 35 1.223e-06
1.96656e-07 2.55606e-07 0.0872445 273600 14 5.217e-06
2.03326e-07 2.20936e-07 0.0741043 265440 30 1.214e-06
2.127e-07 2.53509e-07 0.110309 271680 16 1.242e-06
2.29222e-07 2.4217e-07 0.121204 266880 37 1.623e-06
2.01952e-07 2.53436e-07 0.13643 108960 36 0.0880218
2.46427e-07 2.6538e-07 0.118752 255840 14 1.522e-06
2.22999e-07 2.73675e-07 0.116301 268320 16 1.556e-06
2.22362e-07 2.48968e-07 0.118228 110880 67 0.0755014
1.955e-07 2.69089e-07 0.116156 112800 35 0.0726073
2.22202e-07 2.5329e-07 0.0944994 263520 14 7.519e-06
1.9879e-07 2.37841e-07 0.13885 114720 30 0.0892216
2.24894e-07 2.94531e-07 0.122242 121920 16 0.0497898
2.04503e-07 2.47454e-07 0.112867 272160 16 1.282e-06
1.98308e-07 3.0524e-07 0.0921924 109440 53 0.0402068
1.78738e-07 2.44121e-07 0.138946 109440 38 0.102553
1.80308e-07 2.78202e-07 0.147204 111840 35 0.108738
2.11873e-07 2.51583e-07 0.123864 278880 16 7.612e-06
2.29924e-07 3.0192e-07 0.147271 131520 12 0.0596533
2.0713e-07 2.5409e-07 0.146638 109920 33 0.0887239
2.10626e-07 2.79578e-07 0.113677 128640 19 0.0723945
2.1304e-07 2.41966e-07 0.0827128 266880 16 1.5e-06
1.85516e-07 2.63e-07 0.0910936 132480 14 0.0516784
2.06291e-07 2.33577e-07 0.0810246 264480 16 4.22e-06
1.64293e-07 2.5579e-07 0.118817 135360 19 0.0791933
2.11861e-07 2.39946e-07 0.0899621 266880 34 1.463e-06
1.76153e-07 2.60799e-07 0.115481 289920 60 7.018e-06
2.00281e-07 2.42413e-07 0.123145 111840 30 0.0657401
1.91269e-07 2.74758e-07 0.143316 136320 8 0.0690415
2.0216e-07 2.30787e-07 0.121789 114720 31 0.0678952
1.84406e-07 2.76649e-07 0.105029 132000 15 0.0433281
2.06291e-07 2.39514e-07 0.0945893 264480 18 1.257e-06
1.74962e-07 2.57802e-07 0.10033 130080 19 0.060589
1.95891e-07 2.41665e-07 0.086634 267360 37 2.863e-06
1.72066e-07 2.80156e-07 0.15797 136800 15 0.0976055
2.1016e-07 2.49616e-07 0.0981333 276960 14 1.192e-06
1.78316e-07 2.69585e-07 0.11621 138720 18 0.0595374
2.07961e-07 2.45228e-07 0.08983 264960 16 5.633e-06
1.62364e-07 2.53663e-07 0.122074 140640 14 0.0850265
2.00485e-07 2.56168e-07 0.0974824 273600 35 1.726e-06
1.70781e-07 2.55876e-07 0.102078 293280 79 3.82e-06
1.9613e-07 2.55889e-07 0.085571 274080 14 1.382e-06
1.66707e-07 2.35701e-07 0.0849146 287040 23 3.442e-06
1.92799e-07 2.47265e-07 0.0695381 275520 18 1.0346e-05
1.68731e-07 2.24469e-07 0.0781056 283200 30 1.662e-06
2.07338e-07 2.70949e-07 0.122111 274560 14 1.541e-06
1.85994e-07 2.24605e-07 0.0946316 277920 14 1.22e-06
2.08758e-07 2.47079e-07 0.0711629 268800 16 1.314e-06
1.87437e-07 2.24008e-07 0.0929987 271200 16 1.462e-06
2.09998e-07 2.54591e-07 0.0916769 264960 14 7.166e-06
1.67042e-07 2.39323e-07 0.144435 126240 16 0.0922971
2.09994e-07 2.57023e-07 0.0843721 271200 34 8.934e-06
1.54771e-07 2.27465e-07 0.0642602 281760 34 3.408e-06
1.81511e-07 2.57705e-07 0.111422 117120 31 0.0685898
1.41235e-07 2.10124e-07 0.106047 128640 12 0.0777472
1.58494e-07 2.49254e-07 0.105933 119040 39 0.0689547
1.7275e-07 2.42794e-07 0.146057 290880 79 1.596e-06
1.83438e-07 2.60933e-07 0.114563 287520 29 1.611e-06
1.83409e-07 2.40223e-07 0.0821081 276000 12 2.12e-06
1.69181e-07 2.49969e-07 0.121402 119040 31 0.0772334
1.58725e-07 2.25829e-07 0.128059 118560 43 0.0955917
1.83406e-07 2.39571e-07 0.11124 283680 34 7.818e-06
1.99804e-07 2.52557e-07 0.154961 286080 29 1.57e-06
2.28557e-07 2.76507e-07 0.145801 282720 26 7.711e-06
1.86799e-07 2.51032e-07 0.0887606 269760 14 1.261e-06
2.07916e-07 2.55798e-07 0.106013 120960 32 0.069712
2.08354e-07 2.61098e-07 0.128965 273120 16 1.352e-06
2.1085e-07 2.5465e-07 0.0912839 271200 16 1.459e-06
1.8236e-07 2.3817e-07 0.102201 98400 31 0.0730591
1.92135e-07 2.63626e-07 0.0855716 123360 15 0.0377195
1.88233e-07 2.40667e-07 0.0822383 269760 12 1.264e-06
1.76023e-07 2.77658e-07 0.106944 123840 19 0.0501568
1.9487e-07 2.53286e-07 0.144324 104640 13 0.079016
2.04616e-07 2.70207e-07 0.135055 117600 68 0.0585975
1.807e-07 2.78826e-07 0.116121 107040 26 0.0523042
1.8193e-07 2.50116e-07 0.114287 113760 17 0.0726274
1.57889e-07 2.93367e-07 0.192855 102240 31 0.143381
1.74591e-07 2.40487e-07 0.102405 121920 14 0.0669724
1.74848e-07 3.39519e-07 0.174663 124800 12 0.0923466
2.01259e-07 2.82354e-07 0.140805 127200 20 0.0604716
1.73796e-07 3.33574e-07 0.121402 118080 56 0.0482789
2.02581e-07 2.72634e-07 0.135554 120960 51 0.0816795
1.63199e-07 3.25119e-07 0.139325 113760 25 0.0802548
2.03316e-07 3.02944e-07 0.149039 123360 11 0.0568807
1.43062e-07 2.97542e-07 0.0976659 109920 37 0.0690653
1.79647e-07 2.94724e-07 0.146487 117120 63 0.0975063
1.37829e-07 2.6447e-07 0.106248 120480 32 0.0705526
1.72429e-07 2.96578e-07 0.105307 125280 12 0.0549729
1.44778e-07 2.49831e-07 0.0762921 297600 34 2.055e-06
1.58892e-07 2.96758e-07 0.155386 124800 16 0.106927
1.46452e-07 2.32887e-07 0.0626126 291840 24 1.39e-06
