1.44993e+07		4737.22		3724.35
5.30498e+06		71192		7626.52
1.45479e+07		8520.53		6598.53
3.2473e+07		4991.39		5685.01
1.35774e+07		8904.24		8165.46
1.30714e+07		4639.73		7706.08
-7.2179e+08		3929.99		7458.19
1.52505e+07		4691.77		5868.88
1.29312e+07		4668.87		8906.78
1.45488e+07		8516.14		8439.13
-3.1757e+08		3883.71		9232.06
1.64839e+07		6149.39		5658.78
1.48275e+07		8443.85		7683.92
1.12462e+07		5227.24		8054.16
1.7691e+07		6203.34		6654.67
-9.05514e+07		3691.32		10426.3
1.5212e+07		8329.12		8222.88
9.80825e+06		5954.78		8075.9
1.87644e+07		6414.92		7568.82
-8.9433e+07		3688.77		11112.9
9.49791e+06		6187.49		7915.54
1.47584e+07		7958.76		8769.51
-1.21306e+08		3736.44		10538.6
1.26645e+07		-18778.8		8255.12
1.24104e+07		-35239.4		9407.82
1.45975e+07		7998.92		8796.38
9.61206e+06		6210.04		8486.87
-1.68801e+08		3798.09		10719.1
1.45972e+07		8000.32		8792.34
9.86475e+06		6018.56		8098.43
-1.40166e+08		3767.98		10797.9
1.18112e+07		-28195.8		10110.9
1.04892e+07		5915.64		7562.63
1.39941e+07		8326.17		8399.18
-1.2116e+08		3741.05		11249.4
1.199e+07		-25743		11080.1
1.40836e+07		8292.76		8351.61
9.73644e+06		6570.96		7743.7
1.18579e+07		-22992.4		10890.3
-8.76963e+07		3669.67		11657.5
1.42708e+07		8219.97		8682.9
1.18887e+07		-21232.9		10896.4
1.01461e+07		6233.77		7803.3
-1.05306e+08		3715.53		11739.1
9.93722e+06		6406.97		8095.1
1.39646e+07		7501.52		8971.64
-1.08159e+08		3720.21		11611
1.17228e+07		-20031		10150.8
9.72501e+06		6277.42		8692.75
-1.8846e+08		3827.81		11204.2
1.40342e+07		7437.69		9040.16
1.18842e+07		-21964.9		10648.6
9.91668e+06		6200.41		9146.26
1.95041e+07		2830.12		8947.66
-1.42652e+08		3785.99		11587
1.1961e+07		-22049.1		10308.3
9.94868e+06		6166.68		9224.91
1.13957e+07		-19574.9		10491.9
1.90676e+07		55295.4		11628.7
1.40006e+07		7331.61		8502.15
1.01168e+07		6390.09		9429.14
1.14887e+07		-18934.4		11272.3
1.35313e+07		7791.4		8440.59
-1.50056e+08		3875.34		11788
1.03332e+07		6147.53		9394.78
1.36951e+07		7783.95		8602.54
1.18864e+07		-20429.2		11186.6
-1.50056e+08		3875.34		11589.4
1.06545e+07		5903.33		9503.69
1.19383e+07		-19817.7		11282.5
1.36288e+07		7841.36		8690.28
1.45664e+07		-31003.6		11157.1
1.07441e+07		5834.6		9183.94
1.23118e+07		-20622.2		10853.9
1.40653e+07		-24518.2		11439.1
1.35985e+07		7736.38		8947.2
1.36907e+07		7935.42		9294.51
1.07922e+07		5901.81		9096.94
1.2451e+07		-20859.6		10915.7
1.35611e+07		-19059.8		11498.2
1.27814e+07		7780.32		9479.29
1.05716e+07		6023.03		8879.39
1.18428e+07		-19045.8		11000.4
1.51966e+07		-102011		12227
1.22906e+07		8323.47		9558.98
1.19131e+07		-18681.1		11206.8
1.02951e+07		6311.95		8648.89
1.56516e+07		-171148		12142.4
1.25602e+07		8112.94		9962.94
1.2382e+07		-20485.8		11360
1.58233e+07		-186775		12267.7
1.0233e+07		6708.71		9359.99
1.36022e+07		8062.91		9809.02
1.11086e+07		-14370.6		10755.9
1.54749e+07		-475225		12228.8
1.02228e+07		6943.73		9776.77
1.22027e+07		8438.76		9481.39
1.19164e+07		-17352.5		12386.7
1.08691e+07		-13352.4		10510.9
1.02112e+07		7231.33		9477.1
1.22204e+07		8231.8		9297.35
1.08873e+07		-13379.4		10616.8
1.00856e+07		7256.6		9312.23
1.11746e+07		-14168.6		12910.6
1.22852e+07		8281.28		8948.32
1.09276e+07		-13379.5		10894.1
1.11655e+07		-13986.9		13550.7
1.02317e+07		7100.03		9258.76
1.12738e+07		-14168.5		13327.9
1.23881e+07		8317.67		9159.44
1.11029e+07		-14105.8		10446.2
1.01476e+07		7733.02		9602.24
1.1315e+07		-14196.6		12822
1.22667e+07		8202.09		9018.93
1.06402e+07		-12200.7		10429.8
8.52818e+06		-10414.7		9844.34
1.22724e+07		8270.15		8968.18
1.1712e+07		-15639.3		11993.6
8.67891e+06		-11571.7		9734.88
1.05845e+07		-12273.5		9490.18
1.19018e+07		-16349.5		11831.8
8.57874e+06		-9261.45		10046.5
1.23966e+07		8129.34		9356.78
1.10428e+07		-14475.6		9935.79
1.19018e+07		-16349.5		10949.5
1.22098e+07		8350.12		9191.25
1.12357e+07		-15475.6		9855.6
8.4682e+06		-7762.26		10703.2
8.41381e+06		-8776.22		10010.4
1.20614e+07		7572.57		9561.27
1.32609e+07		-27764.5		11471.5
1.12533e+07		-15535.4		9182.11
8.48398e+06		-8845.67		9756.63
1.12711e+07		-15370.5		9255.82
1.21249e+07		7786.87		9121.91
1.2295e+07		-18971.9		11357.6
8.55028e+06		-8675.66		9744.8
1.12411e+07		-15853.7		9586.69
1.22317e+07		-18559		11585.5
1.19961e+07		8666.32		9710.15
8.46235e+06		-8078.07		9860.65
1.05587e+07		-10768.9		11452.7
1.11652e+07		-15839.4		9672.17
1.20188e+07		8915.9		9780.67
8.54812e+06		-8205		9136.13
1.11669e+07		-15264.6		10500.7
1.22034e+07		8540.25		8957.14
1.0557e+07		-11387.3		11862
8.67493e+06		-9223.91		8509.86
1.22539e+07		8495.74		8604.78
1.11843e+07		-14995.8		10772.5
1.05435e+07		-11125.1		11878.3
1.12669e+07		-15231.1		11352.4
8.49579e+06		-8677.7		7807.86
1.21608e+07		8893.16		9246.79
1.00336e+07		-9770.88		11440.2
1.12622e+07		-15225.8		11470.9
8.53876e+06		-8906.23		8515.28
1.21549e+07		8925.99		9350.42
1.00363e+07		-9601.64		11229.8
8.64335e+06		-9459.37		8171.65
1.12582e+07		-15196.1		12107.3
1.00456e+07		-9477.57		11089.6
1.20212e+07		8668.19		9404.21
1.12572e+07		-15034.8		12671.6
8.68052e+06		-9189.64		7845.75
9.52423e+06		-8144.04		10176.8
1.20273e+07		9011.93		9748.01
8.46363e+06		-8235.81		7725.53
1.16141e+07		-16147.4		13081.9
9.56526e+06		-8213.72		10017.3
1.20327e+07		9069.22		10196
8.47977e+06		-8817.89		7626.57
1.16627e+07		-16323		13185.8
9.4463e+06		-7859.32		9891.22
1.19741e+07		9791.01		10584.3
8.47891e+06		-8276.35		7403.86
1.12532e+07		-15123.1		13340.5
9.83193e+06		-9086.85		9885.29
1.1872e+07		11128.6		11386
8.4556e+06		-7668.53		8250.43
1.1411e+07		-15554		13342.3
1.01841e+07		-10364.4		9564.93
1.18844e+07		11154		10848.3
8.47011e+06		-8002.32		8009.04
1.16431e+07		-16232.6		13868.9
9.89625e+06		-9528.61		9988.35
1.16499e+07		13519.6		11157.2
8.47298e+06		-7609.2		7705.28
1.12944e+07		-15279.7		13895.7
1.16193e+07		14607.9		11173
1.0017e+07		-10000.6		9773.94
8.5207e+06		-7969.2		8535.32
1.11709e+07		-16528.7		13851.3
1.01675e+07		-10591.3		10014
1.15929e+07		14693.8		11155.7
8.64085e+06		-8552.71		8061.34
1.12111e+07		-16744.4		13909
1.00516e+07		-10876.1		10687.9
1.10754e+07		-1.87493e+06		11288.1
8.64123e+06		-7819.12		7556.27
1.10495e+07		-15474.3		13891.1
9.88389e+06		-10697.9		10108.9
1.08903e+07		-188402		12929.2
8.58807e+06		-7806.59		7755.1
1.10349e+07		-15176.7		13195.9
1.11057e+07		25310		13367.7
1.00304e+07		-12635.9		10067.9
8.71989e+06		-8438.34		8039.38
1.11219e+07		-15700.1		13296.5
9.73166e+06		-12161.8		9931.52
1.08723e+07		36899.4		13758.9
8.7247e+06		-9060.31		8313.33
1.11256e+07		-16020.9		13808.6
1.0705e+07		62001.6		13470.1
9.81228e+06		-12065.3		9673.84
1.10651e+07		-18116.2		13727.2
8.88569e+06		-9530.24		8723.75
1.00013e+07		-13493.1		9559.45
1.05144e+07		183516		13234.2
1.08202e+07		-16205.1		13245.8
8.98654e+06		-9679.21		8651.19
9.97962e+06		-12606.4		9488.81
1.05268e+07		1.6136e+06		13775.1
9.07393e+06		-10438.7		8874.59
1.07968e+07		-14787.6		13063.6
1.05106e+07		-73473.5		14204.2
9.86768e+06		-13349.3		9259.07
9.06405e+06		-9983.7		9392.75
1.08311e+07		-15174.8		13678.4
9.79757e+06		-14950.6		9497.07
1.07193e+07		80122.5		14315.7
9.08539e+06		-10330.1		8811.69
1.07988e+07		-14588.2		12685.9
9.70057e+06		-16538.8		9895.12
1.08383e+07		72801.5		14496.2
1.0803e+07		-14522.5		13020.1
9.60572e+06		-13424		8801.69
9.67228e+06		-19873.8		10261.8
1.07113e+07		231396		14737.6
9.61456e+06		-13338.4		8710.58
1.07456e+07		-15217		13338.5
9.67407e+06		-22160.7		9558.32
1.07113e+07		231396		15116.1
1.08973e+07		-17242.1		8935.78
1.08527e+07		-17859.3		13643.8
9.63054e+06		-16886.9		10179.4
1.0539e+07		-15220.4		15350.5
1.10409e+07		-18685.8		9162.3
1.08329e+07		-16389.8		13709.7
9.7074e+06		-17603.6		10538.4
1.04813e+07		-14536		15414.3
1.11726e+07		-18325.9		8469.7
1.07946e+07		-15432.2		13691.2
9.74575e+06		-17632.6		10265.4
1.01497e+07		-11322.8		15228.2
1.08512e+07		-15028.6		13956.5
1.11858e+07		-18606.1		8367.76
9.90543e+06		-20411		10749.9
1.01421e+07		-11222.8		15596.5
1.12341e+07		-16069.2		9834.9
1.09299e+07		-16088.3		14459.5
9.92638e+06		-20955		10446.2
1.07231e+07		-15063		14327.9
1.12146e+07		-16143.4		10013
1.08472e+07		-16641.9		14868.5
9.93819e+06		-20931.9		9775.88
1.06347e+07		-14653.8		14622.4
1.0948e+07		-24365.7		14855.1
1.12514e+07		-18619.5		9956.52
1.08017e+07		-15628.1		15011.6
9.90796e+06		-21518.9		9751.33
1.13367e+07		-20385.8		9976.13
1.11334e+07		-33729		14700.6
9.90746e+06		-21210.4		10269.2
1.0816e+07		-15653.5		15248.7
1.14024e+07		-18643.1		10081.3
1.11218e+07		-35816		14874.5
1.08217e+07		-15970.8		15586.4
9.86696e+06		-22093.8		10412.8
1.11058e+07		-30648.9		14894.8
1.14212e+07		-18162.2		9987.22
9.94084e+06		-24773.8		10739.4
1.08136e+07		-15628.2		15851.7
1.1271e+07		-16701.3		9813.32
1.11179e+07		-36403		14897.3
1.0021e+07		-28278.6		11206.8
1.11548e+07		-18217.8		16049.7
1.09572e+07		-29803.6		15113.3
1.13186e+07		-17947.7		10257.5
1.00579e+07		-41010		11486.2
1.07763e+07		-15036.3		16152.3
1.11308e+07		-32705.8		14277.8
1.1333e+07		-18305.5		10114.1
1.00544e+07		-36463.7		11917.9
1.05073e+07		-13571.3		16321.9
1.11028e+07		-29662.2		14584.4
1.1333e+07		-18305.5		9266.93
1.00207e+07		-41766.9		11982.6
1.05518e+07		-13594.2		16571.4
1.1107e+07		-15604.3		9180.71
1.11895e+07		-35004		14490.3
1.05047e+07		-13234.7		16585.1
1.00758e+07		-53199.6		12553.5
1.11799e+07		-56287.5		14224
1.11889e+07		-17029.7		9715.53
1.04616e+07		-12335		15975.1
1.02358e+07		-231281		12800.5
1.11793e+07		-56157.1		13633.9
1.11608e+07		-16422.9		9975.39
1.02828e+07		-11811.4		15416.6
1.01701e+07		-116234		12587.6
1.11507e+07		-16076.2		9755.26
1.1619e+07		-198274		12342.8
1.02259e+07		-11103.8		15193.5
1.00982e+07		-71338.2		12281.8
1.15622e+07		-93692.5		12630.5
1.1125e+07		-16004.6		9376.35
1.00462e+07		-47674.7		12564.8
1.01366e+07		-10568.3		14796.8
1.15589e+07		-96057.3		12383.5
1.11102e+07		-15863.9		9750.61
1.01559e+07		-10756.8		14108.8
1.00448e+07		-80239.4		12427.6
1.11848e+07		-48354.8		12335.9
1.10234e+07		-16114.4		10005.2
1.03016e+07		-12547.4		14235.7
1.00124e+07		-67967.2		12901.6
1.12243e+07		-17820.4		9750.25
1.12045e+07		-52353.1		12621
1.00305e+07		-90288.3		13027.6
1.02966e+07		-12302.9		14261.8
1.13405e+07		-19905.7		9832.42
1.11651e+07		-41740.7		13049.5
1.02762e+07		-11700.1		14148.2
9.81441e+06		-57054.9		11927.2
1.13206e+07		-46849.9		12954.7
1.13598e+07		-20103.7		9563.37
1.04573e+07		-11857		13767.4
9.67779e+06		-24046.5		12039.7
1.13656e+07		-40156.6		13301.9
1.13301e+07		-19607.8		9383.37
1.06058e+07		-12966.5		13490.1
9.63677e+06		-20410.6		12424.6
1.12955e+07		-18786.8		8987.41
1.14911e+07		-44446.7		13277.4
9.63594e+06		-19921.7		12165.9
1.03754e+07		-12771.6		13013.7
1.15716e+07		-274589		12916.4
1.14333e+07		-18634.5		9386.97
9.88104e+06		-30058.2		12418.6
1.04315e+07		-15838.9		13460.9
1.18422e+07		138265		12734.6
1.14239e+07		-19275.2		9629.7
9.58011e+06		-20358.2		11750.6
1.04089e+07		-15277.5		13641.7
1.12246e+07		-17109.7		9782.03
1.17958e+07		-127335		13185.8
9.48586e+06		-19177.6		11560.2
1.05276e+07		-14753.8		13567.7
1.13826e+07		-17561.8		10478.9
1.18093e+07		-114491		13411
1.0633e+07		-15144.6		13657.4
9.6017e+06		-26323.5		11562.1
1.1164e+07		-18417.7		11066.9
1.18536e+07		336015		13917.9
9.80489e+06		-36083.8		11504.9
1.07023e+07		-15967.5		13735.1
1.17482e+07		-320148		14018.1
1.12226e+07		-26492		11569
9.68204e+06		-37165		11572.1
1.08771e+07		-20309.5		14217.8
1.14404e+07		-90511		13642
1.12971e+07		-22427		11773.5
9.86334e+06		-58849		11279.6
1.1074e+07		-110214		14279.7
1.12613e+07		-22062.7		11548.3
1.14314e+07		-60591.3		13427.6
9.7096e+06		-33995		11731.2
1.12712e+07		156558		14587.7
1.12229e+07		-31199.6		10988.3
1.1259e+07		-50707		13508.2
9.47058e+06		-24055.8		11793.4
1.08964e+07		-36996.5		14309.3
1.13491e+07		-54786.9		13792.1
1.14967e+07		-103020		11386.4
9.67344e+06		-29192.4		11237.9
1.11073e+07		-77540.9		14571.3
1.16379e+07		-94766.1		13543.9
1.14526e+07		-99875.2		11472.6
1.10459e+07		-47413.9		14684.6
9.47814e+06		-21374.4		11072.6
1.17571e+07		-65409		12889.7
1.143e+07		-67516.9		11791.1
1.09232e+07		-28528.8		13526.9
9.40511e+06		-18764.1		10726.4
1.1412e+07		-39008.1		12490.2
1.14251e+07		-56730.5		11937.4
1.09179e+07		-31527.2		13711.2
9.55962e+06		-21708.6		10568.3
1.15427e+07		-48894.5		12394
1.1403e+07		-57166.3		11896.9
9.5241e+06		-20455.8		10589.6
1.09543e+07		-37987.6		14141.2
1.15476e+07		-51240.6		11516
1.15142e+07		-173857		10876.4
9.40963e+06		-19789.5		10807.8
1.07944e+07		-20123.6		14483.9
1.13628e+07		-46515.2		11219.7
1.14002e+07		-86452.8		11341.1
9.59274e+06		-26892.3		11230.1
1.07334e+07		-18436.7		14960.8
1.13772e+07		-45979.2		11672.4
1.15061e+07		-69920.3		11250.6
9.6665e+06		-28293.4		11586
1.08593e+07		-19810.8		15200
1.15677e+07		-120816		11882.8
1.11971e+07		-33138.5		11744.6
9.51246e+06		-21434.9		11462.8
1.07617e+07		-18288.1		13948.3
1.14444e+07		-38440.9		11397.2
1.15743e+07		-567105		11958.7
9.46707e+06		-19761.5		11594.6
1.07475e+07		-20269.4		14428.9
1.15206e+07		-39844.9		11641.3
1.15743e+07		-567105		12289.7
9.59208e+06		-20016.7		11513.7
1.07362e+07		-20854.3		14575
1.16596e+07		-35690.3		11690.3
1.14591e+07		-161477		12344.9
1.09034e+07		-21826.3		14021
9.72508e+06		-27034.6		11330.9
1.17063e+07		-47819.9		11195.2
1.13204e+07		-263875		12751.4
1.10868e+07		-24297.4		13686
9.8634e+06		-27309.9		11309.9
1.1645e+07		-80637.5		11366.1
1.1206e+07		-80621.5		13085.3
1.10609e+07		-24590.5		13199.5
9.96168e+06		-23088.7		11483
1.16327e+07		-77109.3		11632.9
1.10026e+07		-92845.6		13224.2
1.09569e+07		-24211.8		12262.6
9.9886e+06		-21348.3		11688.1
1.17146e+07		-80024.1		12172
1.09859e+07		-93845.9		13667.8
1.09114e+07		-25522.9		11917.5
9.92139e+06		-20002.1		11907.1
1.17146e+07		-80024.1		11892.8
1.07926e+07		-51992.8		13534.7
1.09093e+07		-25563.7		11113.5
9.86043e+06		-19261.7		11240.1
1.19989e+07		-121445		12232.6
1.08966e+07		-34685		14032.3
1.08729e+07		-28251.1		11354.7
9.83182e+06		-20362.4		11795.3
1.20752e+07		-116164		11441.7
1.09809e+07		-24592.2		14360.3
9.66573e+06		-17670.7		12283.6
1.09673e+07		-81649.9		11937.9
1.11353e+07		-160527		14074.4
1.21048e+07		-134071		12114.5
1.08477e+07		-94602.7		11945.3
9.79265e+06		-18588.5		12092
1.11633e+07		-200379		13619.6
1.21572e+07		-97755		11130.4
1.10456e+07		-467676		11589.1
9.71873e+06		-17554.7		12180.3
1.21827e+07		-64892.2		11136.2
1.09204e+07		-36068.5		13678.2
1.10544e+07		-871947		11255.2
9.76719e+06		-16927		12232.3
1.11972e+07		-64358.1		13177.5
1.22308e+07		-114518		11066.7
1.09621e+07		-182525		10875
9.7293e+06		-17178.3		12162
1.12004e+07		-81564.5		12347.9
1.22308e+07		-114518		11111.7
1.07963e+07		-122823		10861.9
9.77707e+06		-16788.9		11936.6
1.2242e+07		169837		11118.5
1.12652e+07		-142125		12617.6
1.08501e+07		-159167		10667.2
9.67188e+06		-18473.6		11962.6
1.2217e+07		65714.8		11595.6
1.12652e+07		-142125		11743.9
1.10069e+07		352195		10013.6
9.56881e+06		-16895.7		12077.2
1.22375e+07		38524.8		11982
1.11557e+07		-20278.6		12299.7
1.0828e+07		-580565		10345.5
9.65097e+06		-15637.1		12588.3
1.11557e+07		-20278.6		11856.4
1.25363e+07		18495.7		12432.7
9.55181e+06		-14574.4		12827.9
1.09462e+07		416732		10288.8
1.2909e+07		13389		12012.8
1.1505e+07		165182		11890.7
1.09779e+07		210308		10348.8
9.62393e+06		-14664.6		13039.9
1.29386e+07		13961.8		12340.3
1.18744e+07		49142.3		12424.4
1.10617e+07		2.40604e+06		10904.6
9.57734e+06		-12950.7		13232.6
1.25154e+07		25684.3		12074.6
1.19849e+07		40303.4		12546.1
1.10834e+07		727571		10914
9.47842e+06		-12705.6		12853.5
1.21663e+07		56445		12638.4
1.19849e+07		40303.4		12484.8
1.12045e+07		330654		10602.8
9.45812e+06		-13325.4		12846.8
1.2147e+07		59802.5		12546.2
1.2263e+07		60388.7		12140.4
1.13316e+07		186178		10493
9.46018e+06		-13734.2		13053.1
1.23025e+07		19091.6		12982.6
1.22111e+07		1.79822e+06		11623.2
1.14412e+07		110674		10455.4
9.45602e+06		-13711		12490.8
1.21847e+07		20902.7		12423.6
1.22668e+07		103294		11174.1
9.83973e+06		-17847.6		12250.5
1.13119e+07		1.2839e+07		10662.8
1.28061e+07		16897.7		12123.4
1.23963e+07		47054.4		11397.6
1.01104e+07		-24462		11785.2
1.13819e+07		-97765.5		11233.6
1.20597e+07		-260749		10579
1.28725e+07		15886.5		12039.2
9.99714e+06		-17676.8		11461.3
1.14473e+07		161701		11123.2
1.28056e+07		17422.7		11917.2
1.19614e+07		-91353.6		11252
1.14591e+07		157167		11166.8
1.02918e+07		-19806.9		10945.4
1.29059e+07		15825.3		11747.3
1.20303e+07		152843		11326.6
1.0288e+07		-20141.8		11331.6
1.12121e+07		326295		11137.4
1.21371e+07		-149711		11480.5
1.30394e+07		13789.9		12059.3
1.11056e+07		1.40361e+06		10928.5
1.03207e+07		-21821.1		11030.4
1.21371e+07		-149711		10729.8
1.30139e+07		13792.3		11825.2
1.10883e+07		-224840		10808.9
1.039e+07		-21364.8		10532.5
1.29343e+07		16905		12507.2
1.22788e+07		53369.1		10081.1
1.09991e+07		-75973.6		10824.1
1.01886e+07		-21723.9		10776.5
1.20118e+07		44330		10354.3
1.27571e+07		18692.2		13101.9
1.10507e+07		-132476		10728.7
1.04303e+07		-23816.8		11239.7
1.27016e+07		19933.8		13000.7
1.22101e+07		-338935		10479.3
1.12351e+07		409573		10783.6
1.07134e+07		-36502.5		10506.9
1.26236e+07		20091.5		12679
1.21908e+07		267665		10802.3
1.06167e+07		-22413.9		11094.9
1.11449e+07		-143981		10949.3
1.25827e+07		41260		10869.8
1.27659e+07		19254.7		12832.7
1.1258e+07		-326239		11002.4
1.04104e+07		-17084.4		11591.5
1.26279e+07		16228		12638.3
1.23123e+07		-138425		10857.1
1.09182e+07		-37886.9		10840.4
1.05421e+07		-17454.4		11805.4
1.29209e+07		14117.1		12494.5
1.23308e+07		-138709		9952.83
1.10146e+07		-34999.9		11405.9
1.03568e+07		-14639.3		11456.6
1.33751e+07		11139.6		12407.1
1.24168e+07		-90689.9		10483.5
1.0849e+07		-30891		11434.6
1.02712e+07		-14413		11523.4
1.35832e+07		10694		12273.8
1.21574e+07		-44075.1		10767.9
1.09458e+07		-48722.1		11421.4
1.04948e+07		-15344.4		11279
1.39845e+07		9697.54		12170.2
1.2141e+07		-37248.9		11016.4
1.09337e+07		-46041.1		11728.4
1.06129e+07		-16017		11907.1
1.31593e+07		11391.7		12072.9
1.21024e+07		-38193.3		11540.4
1.04831e+07		-18962.9		12093.4
1.11336e+07		-801057		12305.3
1.22584e+07		-126078		11713.7
1.28002e+07		14151.3		12368.9
1.06468e+07		-21692.5		11086.2
1.11593e+07		-3.1896e+06		11721.4
1.22138e+07		-153301		11309.9
1.32277e+07		12468.7		12560.2
1.04266e+07		-18487		11098.3
1.11667e+07		-1.91272e+06		11846.2
1.30538e+07		13311.9		12297.9
1.20045e+07		-71093.6		11145
1.09828e+07		-25548.8		10386.7
1.11245e+07		-223169		11951.8
1.21319e+07		-99818.8		11127.1
1.27356e+07		16051.3		12790
1.127e+07		-19810.5		10299.6
1.11264e+07		-253955		11634.7
1.30843e+07		15420.7		12667.6
1.21404e+07		-116270		10874.1
1.14459e+07		-19925		10690.2
1.11275e+07		-277424		12349.9
1.28686e+07		15764		12021.4
1.22034e+07		-140728		10866.3
1.13654e+07		-21140.3		10528.3
1.11085e+07		-233870		13081.5
1.3074e+07		15420.7		12332.6
1.22034e+07		-145498		11085.1
1.13654e+07		-21140.3		9925.8
1.10728e+07		-352742		13472.3
1.22124e+07		-114432		11216.4
1.29439e+07		15583.5		11709.3
1.14813e+07		-19700.7		10364.5
1.10973e+07		-215002		13954.1
1.22085e+07		-100125		10819.6
1.28738e+07		15684.3		11567
1.09965e+07		-29163.2		10456.2
1.12095e+07		127957		14240.5
1.3024e+07		14490.4		11632.8
1.22022e+07		-104851		10271.7
1.08378e+07		-24107.5		9851.03
1.11433e+07		91679.7		14495.2
1.29536e+07		14182.5		10875.5
1.21553e+07		-72746		10337.3
1.10586e+07		193466		14693.1
1.08128e+07		-24474.8		10372.9
1.30883e+07		14860.6		10160.1
1.21264e+07		-80703.5		10492.7
1.09076e+07		-25358.8		9578.49
1.10289e+07		275885		13940.3
1.33187e+07		14117.7		10250.4
1.21065e+07		-65044.1		10490.2
1.12363e+07		270730		13565.4
1.08774e+07		-21966.2		10462
1.34063e+07		13410.9		10661.3
1.1988e+07		-56517.4		11077.6
1.07912e+07		-22043.3		10755.3
1.11602e+07		-867010		13298.2
1.3111e+07		14317		10704.9
1.19651e+07		-48409		11232.1
1.11655e+07		-1.03525e+06		13168.4
1.07442e+07		-20797.7		10854.5
1.19261e+07		-42171.2		11003.1
1.32053e+07		13263.3		10228.7
1.11078e+07		-133463		13598.7
1.07314e+07		-21015.8		10498.1
1.31147e+07		13362.8		10335.2
1.19078e+07		-34691		10944.7
1.10572e+07		-47217.9		12715.6
1.07533e+07		-21180.4		10556.2
1.19524e+07		-25082.9		11472.4
1.29173e+07		13566.2		10210.6
1.09328e+07		-20965.3		10765.2
1.10219e+07		-28645.7		12988.5
1.21113e+07		-26455.3		11799.3
1.30046e+07		12771.2		10475.5
1.10411e+07		-22765.7		10493.8
1.0867e+07		-23684.9		13212.9
1.2353e+07		-38121		11422.1
1.28198e+07		14170.2		10822.3
1.10757e+07		-23853.8		10466.5
1.09777e+07		-37720.1		12616.8
1.21601e+07		-30205.7		11548.2
1.26483e+07		17394.7		11439.7
1.13016e+07		-23743.1		10390.6
1.10403e+07		-34032.1		12954.6
1.24997e+07		-48863.6		11343.1
1.25181e+07		22568.6		10939.4
1.11184e+07		-24904.2		10221
1.11068e+07		-26842		13515
1.27983e+07		19620.1		10312.8
1.24997e+07		-48863.6		11826
1.09157e+07		-25003.5		13099.6
1.11939e+07		-20589.1		9740.57
1.28616e+07		21458.9		10357.6
1.21334e+07		-42825.1		11347
1.07105e+07		-21404.3		12906
1.11939e+07		-20589.1		9920.68
1.30705e+07		20019.3		9637.79
1.21995e+07		-40896		11126.4
1.12087e+07		-25003.8		10529.8
1.09301e+07		-22680		12312.9
1.31285e+07		22429.8		9111.37
1.24436e+07		-39569.8		11542.8
1.09288e+07		-23325.5		12210.7
1.12224e+07		-45737.1		10552.9
1.30995e+07		22837.7		9917.29
1.24187e+07		-35446.5		12122.2
1.09893e+07		-24410.8		11289.7
1.13234e+07		-46002.2		10954.4
1.31458e+07		21192.3		10060.4
1.24187e+07		-35446.5		12262.1
1.13272e+07		-80720.8		11534.3
1.09747e+07		-25503.2		11587.3
1.20207e+07		-23685.8		12213.7
1.31795e+07		22115.5		10395.5
1.14325e+07		-58413.9		11563.4
1.09694e+07		-29650.4		10835.6
1.16499e+07		-22328.7		11880.6
1.33908e+07		17604.5		10819.1
1.14593e+07		-84485.4		11364.7
1.09003e+07		-29449.9		10617.4
1.14049e+07		-19461.4		11383
1.33719e+07		17720.7		10766.3
1.16302e+07		-231408		10949.5
1.09189e+07		-29019.6		10464.5
1.11582e+07		-15831.2		11263.2
1.32354e+07		24645.7		11080.9
1.16987e+07		564656		10873.4
1.08184e+07		-25233.8		10870
1.12072e+07		-15836.7		11027
1.30569e+07		33402.7		11813
1.15639e+07		-556087		10695.9
1.08156e+07		-24708.2		11260.9
1.12197e+07		-16152.8		11259.8
1.27657e+07		42118.2		11492.3
1.14069e+07		-255534		10570.6
1.08405e+07		-27160.5		11881.5
1.23758e+07		69361.8		11230.4
1.1179e+07		-15899.6		11376.7
1.08605e+07		-23100.7		10886.9
1.15875e+07		176669		10892.7
1.2352e+07		79460.5		10750.2
1.10811e+07		-15007.7		11334.8
1.17194e+07		113389		10769.9
1.08813e+07		-24569.4		10890.1
1.23202e+07		89682.6		10749.3
1.10348e+07		-14689.8		11381.4
1.0918e+07		-24484.3		11467
1.16233e+07		2.12264e+06		11542.3
1.20658e+07		-181452		10810.8
1.11097e+07		-14304.3		11630.4
1.17357e+07		265005		11395
1.09315e+07		-22836.5		11821.4
1.20475e+07		-160076		10771.9
1.10636e+07		-13805.7		11802.3
1.15365e+07		258209		11224.6
1.09587e+07		-21694.6		10937.6
1.21506e+07		-277084		10690.5
1.11211e+07		-14010.8		11930
1.15135e+07		-307295		11250.3
1.0997e+07		-20949.9		11288.3
1.20785e+07		-1.29369e+06		11044.8
1.11989e+07		-14483.3		11134.6
1.16557e+07		172123		11081.5
1.09646e+07		-19635.2		11637.6
1.12207e+07		-14781.2		11738.4
1.20599e+07		-155124		11399.3
1.08612e+07		-17791.6		11427.4
1.16213e+07		-161095		11097.1
1.21017e+07		-679321		11602.6
1.11756e+07		-14537.2		11302.3
1.09964e+07		-17939.3		11610.8
1.17817e+07		-148762		10568.8
1.21321e+07		-337800		11511.6
1.08885e+07		-12751.2		11430.8
1.08335e+07		-16677		11789.9
1.18392e+07		-503415		10892.3
1.09339e+07		-12781.5		11696.8
1.2018e+07		-81687.1		10660.3
1.18392e+07		-503415		10818.6
1.09919e+07		-17463.8		12138.1
1.10148e+07		-12915		11214
1.22549e+07		6.92757e+06		11081.4
1.19431e+07		119840		10826.9
1.09215e+07		-15989.4		11770.5
1.22048e+07		-660956		11068.4
1.11119e+07		-13560.2		11034
1.18149e+07		43805		10854.4
1.12243e+07		-16870.1		12285.5
1.22127e+07		-407814		11599.5
1.1205e+07		-14180.6		11415
1.1782e+07		28406.8		10212.9
1.12243e+07		-16870.1		12546.6
1.20486e+07		-92286.7		12241.7
1.10813e+07		-15390.1		11878.2
1.17994e+07		29034.8		10711.1
1.22683e+07		-17833.6		11625.1
1.07722e+07		-14196.8		11386.9
1.21344e+07		-80497.2		12613
1.16835e+07		52834		11229.2
1.13079e+07		-13857.2		12350.9
1.21714e+07		-92738.2		12805.9
1.08015e+07		-12605.7		11154.2
1.16942e+07		-15045.7		12743.4
1.1584e+07		110718		11742.3
1.07078e+07		-12407		11314.8
1.20366e+07		-80463.1		12295.8
1.1545e+07		171734		11350.4
1.12361e+07		-13682.6		13104.3
1.20284e+07		-89034.9		11796.3
1.11693e+07		-13495.3		11725.9
1.14913e+07		882943		10882.2
1.13955e+07		-14443.5		12815.7
1.21062e+07		-281096		11848.1
1.07496e+07		-12124.4		12004.3
1.15512e+07		247041		10606
1.15348e+07		-14591.1		12263.1
1.21538e+07		-2.01839e+06		11660.1
1.09818e+07		-12308		12231.2
1.15976e+07		115460		10387.3
1.15348e+07		-14591.1		12541.6
1.22175e+07		-352286		12134.8
1.10418e+07		-13394		12737.1
1.16427e+07		-14994.9		12787.6
1.16733e+07		771162		10233.3
1.21796e+07		-120326		11724.3
1.1074e+07		-12953.5		12629
1.25479e+07		-20131		12625.7
1.16733e+07		771162		10853.5
1.21365e+07		-169358		11916.9
1.10755e+07		-12942.6		13037.1
1.1703e+07		-86859.8		10423
1.25646e+07		-20160.4		12076.1
1.10024e+07		-13433.5		13418.2
1.2115e+07		-112839		12546.9
1.25586e+07		-20379.9		12317.9
1.17712e+07		-44508.6		10879.7
1.05711e+07		-12569.7		12510.7
1.20084e+07		-71637.5		12528.6
1.26403e+07		-20994.6		11530.6
1.17912e+07		-46211		10038
1.0826e+07		-14063.6		12260.9
1.20118e+07		-41888.1		12633.9
1.2526e+07		-20293.9		11251.7
1.1788e+07		-42895.4		10110.7
1.20082e+07		-40435.2		12742.9
1.08373e+07		-13930.1		12406.4
1.23636e+07		-19331.1		10621.6
1.17559e+07		-40183.5		10577.8
1.05731e+07		-12770.5		11875.6
1.18743e+07		-35038.4		13038
1.22425e+07		-18664.6		10434.9
1.1851e+07		-55147.4		9677.57
1.17761e+07		-27091.8		13660.2
1.05788e+07		-12956.7		11878.4
1.21495e+07		-18427.2		10673
1.18666e+07		-61081.7		9662.16
1.04092e+07		-12499.4		11560.7
1.20317e+07		-31923.1		13789.9
1.24857e+07		-21261.2		10562.6
1.18872e+07		-68825.5		10099
1.19835e+07		-29274.6		13404.5
1.04599e+07		-13429.2		11236.1
1.25061e+07		-21260.3		10652
1.18906e+07		-51612.6		10353.3
1.04801e+07		-13738.9		11430.6
1.20802e+07		-31809.5		12338
1.25623e+07		-21768.2		10732.8
1.18573e+07		-48095.9		10425
1.22591e+07		-33922.7		12563.7
1.05171e+07		-14034.2		10443.7
1.25423e+07		-20423.8		10526.4
1.17617e+07		-39804.5		10750.8
1.21714e+07		-26510.8		12078.9
1.05406e+07		-14523.7		10239.9
1.26126e+07		-22064		10657.7
1.16826e+07		-32226.6		11357.9
1.22978e+07		-29458.4		11719.9
1.03351e+07		-12849.9		10287.8
1.26796e+07		-22766.7		10715.8
1.16754e+07		-28927.2		11529
1.23131e+07		-32339.2		11788.2
1.04333e+07		-12561.9		10567.9
1.27977e+07		-25664.8		10835.4
1.15111e+07		-23873.3		11646.5
1.23457e+07		-34330.5		11785.5
1.02558e+07		-11737		10252.9
1.27388e+07		-26708.2		10863.9
1.16537e+07		-23142		11898.6
1.21059e+07		-33255.6		11403.8
1.02668e+07		-11838		10311.9
1.16663e+07		-25785.9		12415.1
1.2738e+07		-26693.8		10748.3
1.22246e+07		-40882		11356.8
1.04036e+07		-12018.1		10201.8
1.28203e+07		-27953.9		10796.5
1.17079e+07		-28289.1		12485.6
1.21664e+07		-37997.6		11544
1.03747e+07		-11955.8		10665.5
1.27958e+07		-27996.3		11279
1.16771e+07		-23910.1		12831.2
1.22322e+07		-38780.9		11563.1
1.03439e+07		-11702.8		11074.8
1.2768e+07		-30120.7		11873.7
1.16755e+07		-21484		13328
1.23697e+07		-39580		11654.6
1.03258e+07		-11372.8		11139
1.27536e+07		-30197.5		12265.2
1.16642e+07		-21432.5		13132.4
1.24e+07		-39629		11679.2
1.03344e+07		-11537.2		11343
1.27575e+07		-30433.7		12584.7
1.16657e+07		-21418.9		13575.9
1.23556e+07		-42573.3		11658.7
1.03124e+07		-11314.9		11625.1
1.26945e+07		-31346.7		12894.5
1.16103e+07		-21867.6		13718.6
1.04596e+07		-11640.6		11797.2
1.23108e+07		-47601.5		10915.1
1.267e+07		-28952.9		12316.3
1.16404e+07		-17805.7		13402.9
1.04981e+07		-11534.6		11698.5
1.22919e+07		-44352.4		10194.7
1.26021e+07		-30008.4		11895
1.15746e+07		-16066.5		13934.6
1.23397e+07		-45899.7		10437.3
1.04981e+07		-11534.6		12167.4
1.1515e+07		-18609.4		14163.3
1.25982e+07		-33652.2		12440.1
1.24596e+07		-103101		11090.6
1.04981e+07		-11534.6		12361.4
1.27357e+07		-43941.1		11893.1
1.15948e+07		-19671.2		14284.9
1.25515e+07		-112064		11403.7
1.11246e+07		-13129.9		12722.7
1.27519e+07		-37742.1		12271.5
1.1637e+07		-19136		14149.1
1.269e+07		-189127		11928.6
1.11246e+07		-13129.9		13170.4
1.27349e+07		-37705.3		12003.5
1.1636e+07		-17004.6		13241.5
1.11246e+07		-13129.9		13475.8
1.27076e+07		-186122		11856.4
1.26343e+07		-40922.9		11577.6
1.16057e+07		-15709.4		12629.7
1.26225e+07		-107959		12364.2
1.12412e+07		-14044.7		13212.3
1.13247e+07		-15800.4		12039.4
1.27264e+07		-43209.2		11992.3
1.27536e+07		-217646		12830.1
1.07269e+07		-13220.5		13366
1.12996e+07		-14584.1		11284.3
1.28189e+07		-49221.2		12548.3
1.11348e+07		-16108.4		12989.5
1.28741e+07		-257383		12758.3
1.28235e+07		-137315		12609.6
1.1501e+07		-14477.4		11476.6
1.11348e+07		-16108.4		12910.3
1.27198e+07		-94044.8		12792.9
1.27677e+07		-330627		12170.1
1.16606e+07		-15026.2		10922.5
1.11348e+07		-16108.4		12560.8
1.27596e+07		-71706.2		12768.5
1.16152e+07		-13639.6		11095.5
1.28566e+07		346618		11451.3
1.27292e+07		-98546.9		12710.4
1.11348e+07		-16108.4		12210.3
1.2835e+07		535991		11337.5
1.14698e+07		-13544.1		10801.5
1.26494e+07		-70987.9		11925.7
1.30341e+07		-31846.3		11704.9
1.29992e+07		96188.2		11518.9
1.1415e+07		-12720.1		10894.1
1.2526e+07		-63149		11953.5
1.30378e+07		-32386.2		11974.7
1.13333e+07		-13403.1		11016.2
1.28776e+07		117121		10779.1
1.30378e+07		-32386.2		11548.9
1.26367e+07		-79049.8		11559.5
1.2946e+07		97164.9		10731.8
1.13333e+07		-13403.1		11417.2
1.24428e+07		-37998.3		11800.8
1.12675e+07		-18028.7		11868.6
1.30866e+07		60872		10374.2
1.16141e+07		-14658.2		11919.6
1.2434e+07		-37458.5		11471.5
1.12675e+07		-18028.7		12412.5
1.19453e+07		-16920.1		12577.3
1.3072e+07		58402.6		10379.2
1.25113e+07		-41652		11434.4
1.14306e+07		-17952.2		12043.7
1.19757e+07		-16894.8		12124
1.29806e+07		82854.4		10608.8
1.2619e+07		-52445.6		11660.1
1.20763e+07		-21920.4		12485
1.27826e+07		100649		10736.7
1.20769e+07		-17687.3		11884.6
1.31183e+07		-31180.3		11647.6
1.26336e+07		-56407.3		11962.8
1.28805e+07		73670.4		10827.9
1.20857e+07		-19011.4		11146.2
1.25932e+07		-52346.9		11966
1.31264e+07		-31762.7		11685
1.20857e+07		-19011.4		10927.4
1.28992e+07		62228.7		11510.9
1.21254e+07		-24148.6		11656.3
1.26548e+07		-47373.1		11897.2
1.23117e+07		-18250.8		11434
1.29405e+07		66159.6		12212.4
1.16684e+07		-19688.9		11092.1
1.27e+07		-44607.2		12203.9
1.32492e+07		31456.9		12976
1.23117e+07		-18250.8		11803.6
1.19253e+07		-22582.7		11091.6
1.27771e+07		-52807.5		12302.3
1.23117e+07		-18250.8		11958.8
1.34197e+07		22773.2		13292.5
1.26101e+07		-41359.5		11810.4
1.14797e+07		-19940.2		11103.2
1.33328e+07		27248.8		13781.4
1.18106e+07		-25094.4		12035.5
1.26702e+07		-47793.3		11217.1
1.13987e+07		-17116.9		11382.1
1.20046e+07		-14977.7		11705.4
1.32382e+07		26688.7		12597.1
1.12783e+07		-16974.3		11690
1.27219e+07		-47862.3		11451.6
1.16238e+07		-19445.4		11729.6
1.31302e+07		29310.8		13127.1
1.27749e+07		-42465.5		11479.2
1.09722e+07		-16191.9		10735.8
1.18875e+07		-14812		12171.5
1.30877e+07		29929		13758
1.2697e+07		-34010.1		11999.4
1.09759e+07		-12807.6		10615.1
1.16657e+07		-19610.2		11713.5
1.30817e+07		28870.6		14125
1.13013e+07		-14707		10928.3
1.26614e+07		-35505.9		11927.1
1.16722e+07		-18600.4		12095
1.30496e+07		29435.8		14588
1.2556e+07		-33977.7		11852.1
1.11713e+07		-13477.4		11118.1
1.30176e+07		30437.8		14997
1.16398e+07		-19282.5		11188.8
1.26271e+07		-35724.6		11692.8
1.09891e+07		-13139.3		11065.4
1.15866e+07		-21244.5		11458.2
1.3109e+07		31285.8		14959.8
1.26232e+07		-35686.2		11725.2
1.13942e+07		-16822.4		11573.9
1.1527e+07		-21043.7		11858.9
1.31163e+07		32132.2		15157.3
1.17186e+07		-19767.5		11006.1
1.26987e+07		-42953.1		12001.9
1.12976e+07		-21635.5		11782.7
1.3282e+07		34407.2		15254.3
1.20995e+07		-24150.2		10708.2
1.26742e+07		-41895.9		12467.7
1.13908e+07		-21884.2		12187.1
1.31773e+07		33995.8		15670.7
1.18585e+07		-19966.5		11209.5
1.27253e+07		-47519.3		13195.9
1.14859e+07		-24962.3		11528.7
1.30146e+07		34769.1		16030.5
1.2083e+07		-25608.3		11125.5
1.2672e+07		-40916.2		13227.1
1.15234e+07		-27349.3		11994
1.2948e+07		41314		16047.5
1.26945e+07		-48005.6		13101.6
1.22132e+07		-41035.6		11211.4
1.15155e+07		-31908.2		11106.4
1.28545e+07		49770.3		16343.3
1.26281e+07		-52346.9		12814.6
1.21814e+07		-34632.4		10850.5
1.14602e+07		-45041.1		11368.1
1.27733e+07		60998.3		16571.4
1.212e+07		-35846.8		10319.9
1.26175e+07		-51436.3		12718.9
1.13029e+07		-60116.1		11558.1
1.26923e+07		81087.9		16750.3
1.18717e+07		-33422.8		10758.5
1.26253e+07		-51239		12034.7
1.08357e+07		-74459.1		11728.4
1.25314e+07		147996		16874.7
1.18639e+07		-34955.1		11021.3
1.26197e+07		-51497.9		12690.5
1.28123e+07		33445.9		16449.1
1.09095e+07		-90078.5		12240.7
1.18772e+07		-37571.9		11367.6
1.27067e+07		-50462.2		13095.6
1.29802e+07		26749.1		16154.4
1.09788e+07		-165243		12975.8
1.18675e+07		-36974.9		11805.5
1.25677e+07		-42125.2		13619.4
1.2999e+07		26376		15320.6
1.08893e+07		-88614.9		12880.2
1.19498e+07		-45384.2		12099.7
1.24704e+07		-38166.5		13672.1
1.04285e+07		-34710.1		12444.6
1.28432e+07		33640.7		15302.1
1.19792e+07		-59393.5		12539
1.23252e+07		-32489.7		14246.4
1.04819e+07		-44553.7		12159.6
1.27498e+07		43393.1		15094.4
1.18397e+07		-72325.5		11807.5
1.21908e+07		-26475		14665.3
1.0098e+07		-28253.2		12068.9
1.27423e+07		42022		14831.7
1.20348e+07		-23808		14402
1.18362e+07		-98376.3		11631.4
1.00112e+07		-28397.6		11510.7
1.28076e+07		44445.9		14321.7
1.18686e+07		-180561		11327.5
1.19544e+07		-22604.5		14655.4
1.00832e+07		-28844.2		11905.3
1.28076e+07		44445.9		14711
1.19367e+07		-761837		11363.1
1.19854e+07		-25613.1		13748.2
1.29254e+07		29954.6		14847.8
1.00861e+07		-32260.2		11977.3
1.1774e+07		-21824.4		13014.7
1.19696e+07		1.67139e+06		11230.4
1.02761e+07		-46544.1		11700
1.30524e+07		32625.3		13878.1
1.15076e+07		-18724.4		12521.6
1.18504e+07		-990810		10545.6
1.03279e+07		-40767.9		11398.1
1.32131e+07		25891.7		14449
1.1864e+07		-807667		11128.4
1.1561e+07		-18412.3		13025.1
1.32619e+07		18254.6		14477.7
1.02736e+07		-35458.4		11854.8
1.20027e+07		314186		10642.8
1.14138e+07		-17259.6		12154.9
1.31482e+07		18881.7		13423.4
1.03979e+07		-54190.3		11734.8
1.20354e+07		297756		11197.1
1.14455e+07		-18325.1		12076.7
1.29516e+07		20216.5		13367
1.04119e+07		-73824.4		11442.3
1.16144e+07		-20034.4		11998.3
1.1984e+07		1.42427e+07		11148.8
1.33064e+07		17700.9		13066.2
1.03823e+07		-68032.2		10987.4
1.17053e+07		-20991.4		11726.8
1.18309e+07		-98934.5		11756.4
1.06694e+07		-181852		10663.6
1.33852e+07		16756.7		13408.7
1.19466e+07		-143271		11372.3
1.15952e+07		-18451.6		12031.8
1.07645e+07		-644682		10498.9
1.32181e+07		19387.1		13697.7
1.16782e+07		-19525.1		11572.9
1.17509e+07		-64555.3		10410.5
1.09336e+07		116518		10567.6
1.34163e+07		16630		14103.6
1.16081e+07		-19394.2		11361.5
1.16387e+07		-49884.5		10908.4
1.33278e+07		16635.3		13451.6
1.09893e+07		115424		10277.8
1.15507e+07		-19873		11886.2
1.14101e+07		-36878.1		11310.1
1.32565e+07		17020.9		13236.5
1.09948e+07		112042		10586.7
1.15896e+07		-18959.5		12283.2
1.14169e+07		-37264.4		11388.2
1.31545e+07		17530.1		13075
1.10865e+07		99102.9		10491.8
1.16254e+07		-19135.6		12656.2
1.14247e+07		-40288.7		11120.1
1.29411e+07		19722.2		12685.1
1.11842e+07		45904.4		10432
1.1728e+07		-19807		12633.1
1.14613e+07		-49285		11280.2
1.1264e+07		31074.9		10668.5
1.31679e+07		17637.9		12448.5
1.17453e+07		-19825.9		12106.3
1.19009e+07		-102078		11843.3
1.3268e+07		16803.3		12363.3
1.12602e+07		31202.5		10500.6
1.18695e+07		-20823.1		12192.5
1.18688e+07		-57050.9		12226.8
1.33227e+07		16663.8		12228.3
1.10438e+07		94671.4		10896
1.18346e+07		-19845.2		12590.1
1.20508e+07		-123358		12761.8
1.34717e+07		15528.1		12131.1
1.1206e+07		54780.9		10238.2
1.20855e+07		-200721		12720.5
1.16943e+07		-18365.7		11559.9
1.38835e+07		12466.8		11685.5
1.09976e+07		101992		10555.6
1.16992e+07		-18352.3		11911.4
1.18328e+07		-47973.6		12770
1.08123e+07		-284529		10929.4
1.45119e+07		10567.4		11762.8
1.17086e+07		-18849		12269.9
1.16755e+07		-35459.3		13228.8
1.07721e+07		-155743		10488.5
1.37939e+07		12927		11556
1.17722e+07		-48078.9		13413.9
1.1727e+07		-19365		11993.9
1.38566e+07		12820.1		12014.1
1.08131e+07		-99633.6		10216.6
1.17076e+07		-45088.8		13033.9
1.17412e+07		-19929.7		11663.3
1.39587e+07		12532.4		12306.1
1.1594e+07		-744895		10458.2
1.20143e+07		-97813.7		12358.2
1.17539e+07		-20341.7		11836.2
1.20818e+07		259858		10720.2
1.36116e+07		14987.3		12803.8
1.17952e+07		-20594.2		11792.7
1.18034e+07		-51911.6		12678.6
1.37775e+07		13963.1		12394.3
1.10181e+07		-1.12456e+06		9843.17
1.10753e+07		-21177.8		12468.6
1.17783e+07		-22161.3		11879.5
1.43591e+07		10440		12201.8
1.19468e+07		-74392.8		10372.3
1.20516e+07		-24988.7		12057.3
1.19862e+07		-82097		12502.1
1.16403e+07		-53887.5		10401.7
1.44117e+07		10666.3		12205.5
1.20832e+07		-26439.1		12490.3
1.19496e+07		-65755.7		12976.7
1.43105e+07		11141.3		12018.2
1.16467e+07		-53776.9		10188.8
1.27763e+07		63119.7		13007.5
1.20917e+07		-26456.8		12758.4
1.01822e+07		-29502.4		10119.5
1.41327e+07		12277.7		11939.4
1.2319e+07		-32817.6		12386.9
1.30175e+07		44827.4		13120.1
1.03527e+07		-21712.3		10083
1.38907e+07		14263.9		12241.3
1.1511e+07		-86829.2		12975.7
1.24043e+07		-34065.8		12557.7
1.38407e+07		14180.8		12247.7
1.04548e+07		-27044		10293.5
1.30774e+07		29582.3		13184.1
1.25663e+07		-40938.9		12322.5
1.34565e+07		15761.6		11695.2
1.0377e+07		-31328.5		9734.33
1.3263e+07		20853.4		13426.7
1.25282e+07		-38331		11836
1.34663e+07		15495.5		11626.8
1.0327e+07		-29381.8		10133.9
1.12073e+07		-40338.7		12959.7
1.25027e+07		-37849.4		11547.9
1.35614e+07		14750.2		11445.2
1.02918e+07		-28266.8		10076.7
1.27472e+07		-47929.2		11361.2
1.03206e+07		-14638.8		13154
1.03533e+07		-26316.4		10233.1
1.32568e+07		15736.8		11428.9
1.04862e+07		-16623.6		13059.5
1.25568e+07		-40346.3		11834.4
1.3126e+07		16623		11387.7
1.03775e+07		-24522.4		10389.3
1.07088e+07		-19983.5		12669.9
1.26336e+07		-37432.6		12160.9
1.05323e+07		-23510		10646.9
1.33012e+07		15614.1		11208.8
1.0157e+07		-12915.3		12726.4
1.26948e+07		-39194.4		12394.9
1.34508e+07		14521.4		11742.4
1.13778e+07		-35366.5		11154
1.08437e+07		-21620.7		12768.1
1.26568e+07		-34725.9		12274
1.33089e+07		14039.9		12097.9
1.07398e+07		-22523.9		11985.4
1.2657e+07		-34739.4		12310.1
1.07678e+07		-19307.3		13223.8
1.32428e+07		14238.5		11144.2
1.16733e+07		-32401		11979.5
1.26049e+07		-33035.2		12019.3
1.14387e+07		-36826.2		12560.5
1.31988e+07		14189.3		10166.6
1.14317e+07		-24964.5		12399.5
1.25204e+07		-31372.5		12058.2
1.0957e+07		-19441.1		13742.7
1.19276e+07		-27996.8		12535.1
1.31043e+07		14565.5		9282.46
1.09161e+07		-19137.7		13553.8
1.25196e+07		-31024.7		12172.9
1.28665e+07		20716.3		9806.91
1.18474e+07		-29787.6		12787.9
1.04985e+07		-15052		13211.8
1.25033e+07		-30109.2		12090.4
1.244e+07		29393.7		9608.3
1.18157e+07		-28696.6		12913.2
1.04402e+07		-14208.5		13285.9
1.24413e+07		-30176.8		11649
1.11708e+07		-22956.3		11814.1
1.23764e+07		35867.3		9707.43
1.23785e+07		-28693.5		11992.6
1.01186e+07		-12047.2		12500.7
1.22689e+07		32698.2		9805.17
1.14078e+07		-24624		11241.1
1.24075e+07		-30047.1		11622.1
1.01058e+07		-11787.9		13061.8
1.15013e+07		-25431		10899.7
1.22459e+07		35298.9		9326.01
1.03179e+07		-13017.9		12641.6
1.24075e+07		-30047.1		12060.7
1.23605e+07		30180.9		9090.58
1.15579e+07		-24267.3		11208.6
1.26413e+07		-35666.9		11475.8
1.03554e+07		-13674.8		13210
1.2129e+07		37710.1		9202.82
1.17301e+07		-22058.1		11637.9
1.03843e+07		-13795		12574.9
1.26721e+07		-35403		11836.2
1.22662e+07		30582.2		9277.08
1.17217e+07		-23139.8		11686.9
1.26399e+07		-30970.7		12205.9
1.04026e+07		-14094.7		13140
1.19302e+07		77428.1		8826.04
1.17109e+07		-18779.2		11889.2
1.27452e+07		-32898.8		12072.2
1.04501e+07		-14610.9		13225.2
1.1936e+07		76151.2		9255.61
1.16212e+07		-17581.8		12134.2
1.0556e+07		-14981.6		13120.9
1.28148e+07		-48538.9		12061.8
1.19475e+07		75524.3		9324.51
1.16346e+07		-17593.7		11765.8
1.28326e+07		-56531.3		11881.6
1.04797e+07		-14224.8		12817.7
1.18864e+07		-92010.4		9586.48
1.15942e+07		-15928.2		12137.9
1.04903e+07		-14240.9		12751.8
1.29121e+07		-81256.3		12152
1.21098e+07		-157433		9689.62
1.15463e+07		-15737.8		11594.3
1.31659e+07		164519		11538.3
1.04076e+07		-13703.8		12854.3
1.21592e+07		-229637		10010.9
1.15613e+07		-15598		11598.4
1.31618e+07		182394		11774.4
1.04112e+07		-13739.4		13053.4
1.16007e+07		-15660.9		12992
1.18592e+07		-172427		10169.5
1.3267e+07		93899.2		11117.9
1.04383e+07		-14047.6		12246.2
1.19939e+07		1.53169e+06		10676.4
1.13987e+07		-14225.2		13486.7
1.04226e+07		-13884.6		11981
1.32597e+07		99453.9		11416.9
1.0991e+07		-13007.9		13236.4
1.20019e+07		478245		11277.9
1.05546e+07		-14509.6		12067.1
1.30541e+07		515030		11734.2
1.18867e+07		-60411.9		11119.6
1.11324e+07		-14112.5		13231.6
1.0414e+07		-13607.4		11563.5
1.32362e+07		205599		12070.7
1.22488e+07		-114854		10675
1.11502e+07		-14793.7		12535.4
1.03554e+07		-13328.3		11378.5
1.31731e+07		-115880		12613.5
1.23805e+07		-141466		10920.8
1.11254e+07		-14686.1		12720.1
1.03598e+07		-13396.6		11044.1
1.31991e+07		-100658		12876.4
1.2631e+07		-192583		10972
1.09201e+07		-14075.6		12464
1.32903e+07		147384		13016.4
1.03963e+07		-14119.3		11560
1.24717e+07		-179129		11176.2
1.10576e+07		-13961.6		12412.1
1.33448e+07		327376		12634
1.04131e+07		-14125.5		11324.5
1.22585e+07		-100916		11167.1
1.12582e+07		-14578.3		13403.8
1.34118e+07		173011		12733.8
1.04182e+07		-14417.8		11581.3
1.10798e+07		-13675.2		13004.8
1.21082e+07		-54010.4		11547.4
1.31389e+07		168568		12296.6
1.04098e+07		-14037.6		11693
1.0874e+07		-11997.2		12756.6
1.20871e+07		-67685.2		12161.9
1.3289e+07		165221		12274.3
1.04053e+07		-14377		11872.1
1.21471e+07		106361		11732.7
1.09684e+07		-13646.2		12941.2
1.3321e+07		101778		12098.4
1.03857e+07		-13943.6		12184.5
1.08713e+07		-13546.3		12610.6
1.17392e+07		-377551		11370.2
1.33752e+07		96894.3		11701.7
1.03672e+07		-14185.5		12360.2
1.14378e+07		-82563.8		11116.3
1.08183e+07		-13329		12903.1
1.32144e+07		125757		10624.3
1.03482e+07		-14591.8		11976.9
1.15637e+07		-129553		10831
1.07646e+07		-13305.4		12558.8
1.02903e+07		-14575		11780.6
1.31832e+07		139965		9777.53
1.15194e+07		-279134		11137.3
1.08018e+07		-13327.1		12177.2
1.30897e+07		144923		9608.99
1.04748e+07		-15337		11935.1
1.08018e+07		-13327.1		12056.8
1.14654e+07		-189501		11827.9
1.29889e+07		438594		10245.6
1.06946e+07		-15947.1		11370.8
1.15772e+07		766136		11521.5
1.0844e+07		-13662.7		12061.3
1.29954e+07		419403		10247
1.07321e+07		-18670.2		11627.2
1.14892e+07		-342107		11495.1
1.09286e+07		-14592.6		12493.8
1.09798e+07		-20441.9		10871.2
1.30553e+07		-388102		10539.7
1.14767e+07		-419532		11356.1
1.0949e+07		-14728.3		12226.5
1.09317e+07		-21333.3		10981.9
1.29706e+07		-107301		11064.7
1.14316e+07		767626		11716.9
1.09914e+07		-15025.5		12770.6
1.10239e+07		-23931.9		10936.6
1.2983e+07		-102506		11431.9
1.1582e+07		107237		11648.8
1.09914e+07		-15025.5		12209.5
1.1056e+07		-19836.7		11333
1.30286e+07		-181166		11984.5
1.17553e+07		47590.5		11635.7
1.12075e+07		-15370.3		12516.9
1.1056e+07		-19466.2		11240.2
1.29939e+07		-120676		12229.3
1.163e+07		-17525.2		12673.8
1.17133e+07		35929.1		11167
1.30114e+07		-147924		12069.1
1.11058e+07		-19135.4		11227
1.16382e+07		32682.8		11567.8
1.16567e+07		-16107.9		12195.4
1.28988e+07		-97335.7		12503.2
1.11359e+07		-19609.2		10919.8
1.1692e+07		39539.5		12097.5
1.16605e+07		-15726.6		11753.5
1.12354e+07		-18645.9		10756.6
1.28598e+07		-109808		12796.9
1.16467e+07		46149.4		12343
1.17038e+07		-16443.1		11129.8
1.13826e+07		-19158.6		11206.8
1.28646e+07		-108358		13424.6
1.14651e+07		60751.3		12087.9
1.15954e+07		-17232.1		10431.5
1.14295e+07		-19765.8		11493.5
1.28547e+07		-66115.7		12643.3
1.1705e+07		52516		12019.1
1.16218e+07		-17192.8		10806
1.14372e+07		-20017.2		11342.4
1.28857e+07		-81586.1		13092.2
1.17642e+07		55447.4		12127
1.15972e+07		-17002.8		11540.8
1.26811e+07		-79320.9		13034.3
1.1359e+07		-19467.9		11172.5
1.17482e+07		59983.8		12011.2
1.15988e+07		-17163.4		10652.5
1.24695e+07		-192805		12786.2
1.14771e+07		-24406		10707.5
1.16763e+07		72406.4		12779.6
1.15531e+07		-17702.6		10854.4
1.27026e+07		-265634		12573.8
1.15012e+07		-23870.1		10656.9
1.16735e+07		193368		12609.8
1.14189e+07		-18381.7		10181
1.32365e+07		-76504.8		12424.2
1.14949e+07		-23044.3		10532.7
1.15677e+07		507160		12506.9
1.14146e+07		-17923.2		9982.5
1.15185e+07		-23548.9		10733.8
1.34438e+07		-41467.3		12997.6
1.14146e+07		-17923.2		10107.5
1.15543e+07		770696		12611.8
1.35765e+07		-96813.9		13398.2
1.16066e+07		-27983.1		11070.3
1.12923e+07		-16955.7		10199.7
1.15687e+07		808138		12367.3
1.16514e+07		-28149.9		11196
1.32401e+07		-214138		12583
1.13204e+07		-16976.9		10787.5
1.15976e+07		302095		13025.3
1.18577e+07		-29670.5		11139.5
1.32326e+07		-323428		12998.7
1.13042e+07		-17346.8		11364.2
1.18227e+07		84700.8		13565.8
1.18538e+07		-31233.2		11449.9
1.32326e+07		-323428		12915
1.19405e+07		47559.9		12643.7
1.16007e+07		-19063.6		10895.1
1.20093e+07		-31972.2		12010.7
1.35182e+07		-110964		12414.8
1.13894e+07		-18831.3		11064.7
1.20284e+07		42522.8		13052.4
1.34526e+07		-106878		12766.7
1.20207e+07		-32962.8		12467.9
1.13399e+07		-17925.6		11624
1.21929e+07		27104.6		13765.8
1.20211e+07		-30450.6		12782.2
1.31506e+07		-222994		12467.9
1.13399e+07		-17925.6		11818.4
1.17379e+07		233210		14269.5
1.31506e+07		-222994		11652.5
1.20099e+07		-29196		13132.9
9.98374e+06		-13164.5		11661.6
1.19089e+07		107713		14327.9
1.2166e+07		-33107.2		13469.9
1.31181e+07		-142788		11799.3
1.04883e+07		-14410.8		12117.6
1.1782e+07		464578		14817.3
1.22767e+07		-38473.8		12930.8
1.31935e+07		-127390		10934.2
1.03284e+07		-14073		12429.4
1.20505e+07		114573		15140.8
1.2797e+07		-99737.4		10433.5
1.22091e+07		-31709.9		12475.5
1.19081e+07		-702825		15360.7
1.04929e+07		-17495.8		12240.4
1.22083e+07		-33951.8		12128.8
1.28979e+07		-38140.5		10618.4
1.05336e+07		-18278.8		11669.2
1.18323e+07		-252098		14434.5
1.21861e+07		-36886.1		11393.8
1.3103e+07		-34424.6		10871
1.06365e+07		-19447.8		10944.2
1.173e+07		-128527		13869.4
1.21124e+07		-34530.6		10923.6
1.31539e+07		-30381.9		11622.1
1.16919e+07		-126882		13996.8
1.06415e+07		-19520.6		11683
1.21359e+07		-40287.7		10448.7
1.30806e+07		-28788.7		11393.1
1.08481e+07		-22493.7		10736.3
1.17016e+07		-78304.5		13885.5
1.21717e+07		-65872.7		10986.2
1.30397e+07		-28030.9		12197.1
1.05169e+07		-19900.6		10521.6
1.20718e+07		-156267		13793.3
1.21528e+07		-127975		10300.6
1.29696e+07		-26810		12817.6
1.0293e+07		-18233		9987.5
1.209e+07		-221526		14038.5
1.20269e+07		-238693		10285.3
1.30066e+07		-28266.3		13467.6
1.03289e+07		-18363.4		10404
1.21638e+07		-1.56832e+06		13436.6
1.19088e+07		-228232		10398.6
1.30238e+07		-30041.1		13877.3
1.02647e+07		-17465.3		10041.8
1.21435e+07		-194994		12962.6
1.2072e+07		279727		10996.8
1.28623e+07		-28574.5		14284.7
1.0302e+07		-17684		9324.47
1.17972e+07		-81146		12558.5
1.22044e+07		670264		10457.7
1.30139e+07		-31671.6		15561.2
1.0399e+07		-19023.5		9395.09
1.16782e+07		-54356.9		12394.1
1.23237e+07		-953312		11050.3
1.30203e+07		-31230.1		15795.4
1.0349e+07		-18883.4		8757.95
1.14717e+07		-48441.2		12472.1
1.23164e+07		-1.05528e+06		11610
1.30508e+07		-31649.1		16139.8
1.13786e+07		-35474.2		13014.7
1.02341e+07		-18300.8		8734.6
1.23019e+07		-906637		11957.9
1.30124e+07		-31678.7		16316.9
1.02075e+07		-18548.3		8896.12
1.17283e+07		-50976.5		13454
1.29284e+07		-30717.4		16623.2
1.2358e+07		42401.7		12250.5
1.19159e+07		-72487.7		13983.6
1.0147e+07		-18089.9		9561.81
1.23761e+07		36191		11936.6
1.29988e+07		-31408.8		16702.1
1.00879e+07		-17677.7		10117.9
1.19099e+07		-69376.3		14316.1
1.22538e+07		25375.1		12565.1
1.2823e+07		-28514.7		16766.9
1.01483e+07		-17550.3		10680.5
1.18934e+07		-42399.8		14737.3
1.24366e+07		31482.7		12200.4
1.26436e+07		-25551		16201.3
1.01853e+07		-17879.1		11167
1.19581e+07		-38126.6		13961.9
1.24497e+07		-23970.7		15951
1.23175e+07		35761.1		12165.8
1.03296e+07		-20835.7		10621.5
1.20002e+07		-35118.8		12748.3
1.22711e+07		-21898		15399.7
1.22629e+07		27438		12226.8
1.02046e+07		-19140.2		10570.4
1.20724e+07		-33425.8		13188.2
1.24918e+07		-25482.6		15185
1.22245e+07		92804.1		11795.4
1.02447e+07		-19890.5		10562.9
1.23189e+07		-36903.1		13353.8
1.24087e+07		-24168.3		14912.9
1.22003e+07		123213		11868.3
1.21529e+07		-37691.2		13628.3
1.02697e+07		-19151.2		10167.4
1.22262e+07		32600.2		11915.2
1.24211e+07		-26623.1		14275.4
1.1994e+07		-31364.6		13280.8
1.02752e+07		-20768.7		9421.25
1.23257e+07		-27503.6		13800.5
1.22648e+07		139175		12244.1
1.02601e+07		-19124.3		8636.11
1.20121e+07		-31836.8		13220.6
1.23676e+07		24205.1		12615.3
1.23691e+07		-32224.8		14343
1.02815e+07		-18847		8945.29
1.19643e+07		-28820.5		13839.4
1.25041e+07		24059.8		12412.3
1.24626e+07		-36486.7		14027.3
1.03307e+07		-19767.1		8992.7
1.19643e+07		-28820.5		14188.6
1.2322e+07		26733.8		12011.7
1.25025e+07		-32735.7		13936.6
1.19643e+07		-28820.5		13839.9
1.03167e+07		-19664.4		9685.82
1.22658e+07		27097.5		11655.9
1.24835e+07		-31916		13497.3
1.23028e+07		-36129		13636.7
1.03298e+07		-20068.8		10222.4
1.20117e+07		31187		11340.3
1.24186e+07		-30058.6		13318.4
1.24997e+07		-47713.1		13518.9
1.03106e+07		-19923.3		10484.9
1.21148e+07		-31598.3		13112.8
1.18797e+07		53805.8		11602.5
1.30493e+07		-116132		12330
1.02867e+07		-19150.5		10849.2
1.20778e+07		-29158.1		13474.3
1.16227e+07		57263.8		11252.7
1.03132e+07		-19444.9		11064.9
1.29703e+07		-79569.9		12658.8
1.20778e+07		-29158.1		12976.2
1.15136e+07		64002.4		11111.3
1.02497e+07		-19324.9		10845.9
1.28848e+07		-90389.3		11916.6
1.20778e+07		-29158.1		12513.7
1.14065e+07		98387.2		11491.9
1.02164e+07		-18128.4		10852.8
1.32582e+07		-421962		11949.3
1.20778e+07		-29158.1		12042
1.12778e+07		147726		11786.8
1.2782e+07		-78465		11865.4
1.02346e+07		-19252.8		10726.5
1.11583e+07		238815		11782.3
1.25251e+07		-88200.3		11950.7
1.25165e+07		-56351.5		12096
1.02865e+07		-21773.8		10104.3
1.1119e+07		198631		11789.5
1.25447e+07		-77062.7		12383.7
1.03791e+07		-23933.5		9345.19
1.24074e+07		-45422.1		11722.6
1.1052e+07		-18096.1		12194.2
1.25022e+07		-39882.9		13039.3
1.04421e+07		-26444		9318.41
1.24108e+07		-40658.8		12178.8
1.1052e+07		-18096.1		12433.2
1.24166e+07		-40673.9		13411.6
1.05136e+07		-25996.5		9542.93
1.28545e+07		-66280.8		12228.4
1.1052e+07		-18096.1		12592.8
1.23049e+07		-68394.5		13488.9
1.05411e+07		-26686.6		8990.47
1.33497e+07		-190976		12909.9
1.22212e+07		-64302.3		13123.8
1.0761e+07		-41157.5		11489.2
1.06378e+07		-30750.6		9379.62
1.30355e+07		-70931.6		13461.7
1.08927e+07		-311751		11402.1
1.22536e+07		-63213.3		13451.4
1.07128e+07		-36008.8		9172.17
1.30737e+07		-72686.9		13326.3
1.08069e+07		472450		11812.3
1.24506e+07		-51086.2		14005
1.05924e+07		-32703.7		9295.99
1.29282e+07		-61791.3		13501.1
1.06936e+07		-152598		11742.6
1.2433e+07		-47587		14478.9
1.05279e+07		-26603		9991.68
1.28825e+07		-60477.5		14128.9
1.24227e+07		-58815.2		14012.4
1.06102e+07		-87181		11841.9
1.27742e+07		-51014.9		14595.6
1.06921e+07		-33724.9		9415.88
1.22799e+07		-56191.1		13511.6
1.05746e+07		-156598		11462.3
1.06719e+07		-31919.8		9902.96
1.28298e+07		-52899.9		15863.4
1.2249e+07		-57421.7		13049
1.06299e+07		571094		11675.7
1.06948e+07		-36318.1		10611.4
1.27617e+07		-50354.8		14640.2
1.21022e+07		-47574.6		12010
1.07025e+07		114085		11211.3
1.27067e+07		-58647.6		13681.2
1.07328e+07		-34055		10763.9
1.18918e+07		-46676.7		12048.6
1.06192e+07		-674043		11374.4
1.25658e+07		-51258.7		13520.3
1.08325e+07		-36656.3		10725.1
1.20741e+07		-78360.8		11695.7
1.05197e+07		-42255.5		10972
1.23718e+07		-40175.9		13145.2
1.07908e+07		-33097.7		10394.7
1.21991e+07		-117531		11640.9
1.02733e+07		-23956.6		11267
1.07885e+07		-33142.7		10629
1.23497e+07		-38327		13306.8
1.24617e+07		-411573		11670.4
1.03407e+07		-29787.4		10741
1.06744e+07		-23700		10252.6
1.21871e+07		-29153.7		13309.4
1.24377e+07		148634		11956.6
1.01437e+07		-23180.5		10447.1
1.07499e+07		-26363.3		10288.8
1.23606e+07		-32475.8		12849.3
1.23785e+07		114924		11815.1
9.98096e+06		-17850.3		11157.4
1.06368e+07		-24050.9		10579
1.23076e+07		-29679.3		13155.9
1.03788e+07		-21523.9		10379.8
1.23431e+07		184766		11724.4
1.07296e+07		-28109.8		10714.3
1.2412e+07		-26057.8		13323.9
1.24657e+07		92707.5		11842.1
1.03291e+07		-19366.9		10800
1.06091e+07		-23084		10772.6
1.23414e+07		-23848.2		14036
1.26136e+07		59889.1		11902.2
1.03451e+07		-17246.1		11228
1.25119e+07		-23847.3		14012.1
1.07417e+07		-31685.3		10947
1.27119e+07		49424.3		11911.2
1.06429e+07		-14630		11632.6
1.07922e+07		-30389		11376
1.21958e+07		-20853.8		13316.2
1.25433e+07		50757.3		11331.2
1.0751e+07		-14060.3		11549.8
1.24696e+07		-21302.8		12862.6
1.06379e+07		-18116.9		11051.8
1.25846e+07		48660.9		11362.2
1.07824e+07		-13949.2		11511.2
1.2534e+07		-23196.7		12725.8
1.06728e+07		-17767.4		11008.1
1.26013e+07		61057		11483.8
1.08753e+07		-13844.6		11793.7
1.24336e+07		-20714.1		12731.5
1.06881e+07		-19029.3		10865.8
1.25985e+07		60698.9		11737.8
1.08726e+07		-13936.3		12250
1.20872e+07		-18318.9		12055.8
1.05605e+07		-15617.1		11541.8
1.07963e+07		-15302.8		11915.2
1.25485e+07		70631.8		11195.7
1.19799e+07		-16452		11503.2
1.06664e+07		-18678.4		11889.2
1.25285e+07		71729.4		11377.9
1.03147e+07		-14676.5		11413.2
1.08337e+07		-20456.1		12017
1.20905e+07		-17880.8		12083.8
1.25115e+07		78624.9		11503.5
1.02034e+07		-13548		11145.4
1.19757e+07		-17012.7		11994.4
1.09045e+07		-21533.5		11582.6
1.06673e+07		-14799.6		10731.3
1.24429e+07		116481		11197.9
1.09187e+07		-19525.1		11687.2
1.19095e+07		-16489.1		11534.1
1.23737e+07		89961.8		10734.8
1.08674e+07		-15735.2		10447
1.19809e+07		-17480.2		11340.1
1.09409e+07		-17547.4		12006.3
1.24077e+07		212287		10732.1
1.0815e+07		-14848.5		10343.4
1.19649e+07		-17252.3		11395.4
1.08412e+07		-16072.7		12282.2
1.23739e+07		208896		10491.9
1.05113e+07		-13456.6		10517
1.07809e+07		-16759.8		11546.6
1.15884e+07		-20503.7		11647.7
1.25238e+07		447944		10997.7
1.05317e+07		-13779.1		10574.6
1.17342e+07		-24731		11224.5
1.06294e+07		-14518.6		11762.8
1.25482e+07		189987		11011.6
1.05384e+07		-13699.8		11263.2
1.16669e+07		-234924		11003.5
1.07602e+07		-15090.1		11976.9
1.06264e+07		-14704.2		10894.4
1.23803e+07		-336427		11664
1.17971e+07		503037		11039.5
1.0761e+07		-15524.1		11291.2
1.06439e+07		-16606.3		10167.8
1.23782e+07		-185415		10772.2
1.1912e+07		173568		11262.6
1.06182e+07		-12416.6		11784.5
1.09623e+07		-16953.2		10410.2
1.24927e+07		145788		11172.2
1.05668e+07		-11272.8		12156.3
1.21287e+07		1.27212e+06		10523.3
1.1132e+07		-19049.1		10396
1.25907e+07		566255		11761.7
1.21689e+07		730116		10260.2
1.05458e+07		-10980.2		12092.9
1.12428e+07		-19963.4		10639
1.26582e+07		154367		12062
1.04242e+07		-10995.5		11724.5
1.21347e+07		-556825		10419.1
1.13126e+07		-21187.9		10278.6
1.26445e+07		158834		11916.8
1.02894e+07		-10592.1		11543.8
1.22222e+07		-30395.3		10501.1
1.13787e+07		-21630		10137.3
1.261e+07		287444		12032.7
1.01194e+07		-9933.15		10663.9
1.21981e+07		-29580.9		10756.3
1.13787e+07		-21630		10267.5
1.26441e+07		186667		12682
1.03296e+07		-11271.9		10674.3
1.20233e+07		-23639.1		11184.6
1.26356e+07		208625		13043.9
1.16728e+07		-26514.7		10818.8
1.04908e+07		-12028.4		10431.2
1.18923e+07		-21796.2		11061.5
1.2887e+07		112995		12607.1
1.16702e+07		-27646.1		10939.2
1.05944e+07		-12922		10574.9
1.16825e+07		-223879		11558.3
1.30308e+07		56197.9		12158.8
1.1955e+07		-31795.8		11095.3
1.0747e+07		-14089		10590.1
1.17724e+07		278247		12021.3
1.30397e+07		56763.1		11994.1
1.20015e+07		-30475.1		11300.6
1.1628e+07		-16830.7		12962
1.10713e+07		-20317.8		11053.4
1.29461e+07		67135.4		11563.8
1.2001e+07		-30514.4		11479.6
1.1253e+07		-23149.1		10578.1
1.14249e+07		-13318		12610
1.18175e+07		-30022.9		11051.5
1.28342e+07		90258.4		11794.9
1.18633e+07		-13239.4		12330
1.12269e+07		-21524.1		10382.4
1.19979e+07		-33390.8		10715.9
1.29358e+07		58268.2		12018.5
1.13353e+07		-21389.4		9648.09
1.19067e+07		-13147.8		12734.1
1.28047e+07		116905		12520.3
1.23893e+07		-37389		10748.4
1.19505e+07		-12905.8		13091.3
1.12399e+07		-20533.1		9698.28
1.28101e+07		110563		12504.9
1.23998e+07		-35863.1		10896.8
1.13671e+07		-21702.1		9653.14
1.18509e+07		-11821.1		13606.9
1.27591e+07		250406		12478.9
1.23321e+07		-33207.8		10708
1.12207e+07		-20381.7		10141.5
1.18512e+07		-11856.3		14095.9
1.23526e+07		-33547.8		10550.2
1.25685e+07		-77199.5		12802
1.17171e+07		-13152.1		14327.8
1.11742e+07		-20012.3		10812.4
1.23526e+07		-33547.8		10685.5
1.26073e+07		-100634		11739.1
1.18104e+07		-12730.8		13916.3
1.13177e+07		-19751.6		10454.8
1.25616e+07		-81715.7		12306.3
1.23526e+07		-33547.8		9998.24
1.13897e+07		-12481.5		13515.9
1.12153e+07		-17563.3		11037.3
1.23789e+07		-34206.2		10235.1
1.25e+07		-77408.5		11928.7
1.16805e+07		-11550.1		13735.2
1.11902e+07		-17094.8		10752.7
1.27658e+07		-36875.2		9575.47
1.2486e+07		-103239		11875.2
1.12719e+07		-18631.3		10680.3
1.16458e+07		-11096.5		13714.3
1.27411e+07		-32665		9690.1
1.24133e+07		-46817.6		12271.1
1.13396e+07		-19246.4		10290.9
1.16515e+07		-11131.8		13952.5
1.27129e+07		-32561.5		10184.3
1.24618e+07		-56087.5		12340.2
1.17424e+07		-10954.5		13542.1
1.1333e+07		-19513		11060.4
1.24864e+07		-52760.1		12688.4
1.27124e+07		-35863.7		10925.4
1.12792e+07		-17839.4		10195.7
1.17645e+07		-10675.9		13238.9
1.27507e+07		-78948.5		12621.5
1.27304e+07		-33795.6		11447.5
1.12537e+07		-17932.8		9522.03
1.1797e+07		-10553.1		13439.6
1.28998e+07		-112225		13097.9
1.27099e+07		-32025		11804.2
1.12289e+07		-18391.6		9704.88
1.19321e+07		-10583.6		14007.5
1.28487e+07		-92129.8		13331.6
1.27241e+07		-34505.3		11132.3
1.12686e+07		-19281.6		10166.8
1.21408e+07		-12556.6		14539
1.27849e+07		-70384.1		13684.7
1.27543e+07		-37374.4		11892.1
1.13847e+07		-19802.5		9978.5
1.21025e+07		-12188.1		14693.7
1.28127e+07		-76596.3		13393.6
1.27684e+07		-36327.6		11850.6
1.21362e+07		-13694		14908.9
1.14389e+07		-20583.8		10068.9
1.27526e+07		-34422.1		11928
1.28166e+07		-51858.3		13929.8
1.21121e+07		-13721.6		14550.8
1.13807e+07		-19125.2		10286.7
1.26414e+07		-36186.4		11552.9
1.28687e+07		-46568.2		13920.6
1.19373e+07		-13035.5		14163.2
1.1557e+07		-18762.8		10598.2
1.28668e+07		-47569.7		13731.8
1.24554e+07		-32095.2		11518.7
1.1946e+07		-13088.5		14128.5
1.14752e+07		-18413.3		10282.2
1.29389e+07		-53132.3		13433.4
1.25033e+07		-33307.6		11673.7
1.15362e+07		-19047.6		10078.4
1.19788e+07		-14942.2		14224.2
1.2937e+07		-52208.1		13402.8
1.25054e+07		-33304.1		11813.3
1.16036e+07		-18050.1		10044
1.20112e+07		-14870.4		14382.5
1.29494e+07		-54311.9		12470.5
1.24887e+07		-32112.8		12341.5
1.15594e+07		-19465.1		10463.3
1.21187e+07		-17421.3		13445
1.3067e+07		-62097		12191.7
1.25073e+07		-34272.5		12473.5
1.22395e+07		-18526.8		13220.6
1.14474e+07		-19040.3		10720.1
1.25006e+07		-32797		12247
1.3032e+07		-53359.3		12250.9
1.14096e+07		-19249.4		10589
1.21323e+07		-16933.2		12907.3
1.23545e+07		-32658.3		12177.8
1.30769e+07		-49214.2		12176.8
1.22473e+07		-18058.3		12284.8
1.14682e+07		-17383.6		10927.7
1.13724e+07		-23214		11856.4
1.31303e+07		-55600		11921.1
1.25139e+07		-19212.9		12388.7
1.1447e+07		-16909.1		10609.9
1.20577e+07		-22702.6		11621.9
1.3101e+07		-53833		12375.4
1.27649e+07		-20941.3		12295.4
1.15949e+07		-14866.9		10821.2
1.20924e+07		-22950.9		10807.5
1.31069e+07		-56384.2		13117.3
1.27264e+07		-20826.2		12266.6
1.15964e+07		-14394.1		11175.1
1.20703e+07		-23329.6		11208.4
1.31013e+07		-58857.8		13498.8
1.26139e+07		-20573		12252.8
1.1656e+07		-14555.7		11606.1
1.19643e+07		-22812.4		11506.4
1.3102e+07		-61744.6		14000.6
1.24672e+07		-19595		12109.4
1.16502e+07		-14694.2		11842.7
1.19569e+07		-21790.4		11051.9
1.32545e+07		-66200		14234.2
1.2347e+07		-18754		12463.5
1.16681e+07		-15127.8		12336.8
1.19747e+07		-22373		11423
1.31523e+07		-53691.5		14508.4
1.23196e+07		-20074.3		12840.8
1.1737e+07		-16028.7		12873
1.33311e+07		-68174.3		14972
1.19338e+07		-20246.5		11774.3
1.2201e+07		-18895.8		13051.5
1.18593e+07		-15501.8		13138.4
1.1931e+07		-19889.5		12125.5
1.30808e+07		-49427.2		15088.9
1.21357e+07		-18246.8		13400.4
1.18674e+07		-16063.5		13471.8
1.19508e+07		-20933.2		12574.7
1.32561e+07		-58784.3		15003.3
1.21185e+07		-17786		12380.2
1.1839e+07		-16442.2		13700.8
1.33021e+07		-73302.4		14377
1.20119e+07		-21660.6		11478.1
1.18625e+07		-15062.9		13775.2
1.18777e+07		-16071.9		11406.4
1.16832e+07		-20649.6		11918.3
1.33286e+07		-82959.2		14938.9
1.18256e+07		-15819.3		11281.5
1.18981e+07		-15314.2		13499.3
1.11627e+07		-20120		12263
1.3254e+07		-60581.3		15317.3
1.18793e+07		-16142.1		11883.6
1.201e+07		-21452.5		13183.3
1.33095e+07		-87902.7		15143.4
1.08886e+07		-19645.3		12261.6
1.19052e+07		-16461.9		11893.5
1.20057e+07		-21274.5		13402.6
1.32602e+07		-68686.2		14427.1
1.07641e+07		-18111.9		12452.3
1.19665e+07		-16861.1		11959.1
1.20103e+07		-20823		13319.6
1.31635e+07		-64438		14128.7
1.05419e+07		-15929.1		11330.5
1.18977e+07		-17167.7		12415.9
1.21946e+07		-20799.3		13363.6
1.05632e+07		-15531.5		11110.9
1.31328e+07		-69442		13800.9
1.1801e+07		-17683.1		12521.4
1.21913e+07		-19124.4		13134.2
1.18546e+07		-19955.2		10992.5
1.31232e+07		-63386.5		13653.2
1.17243e+07		-18556.4		12463.6
1.20925e+07		-18283.8		13480.5
1.18289e+07		-17654.9		10937.6
1.30722e+07		-50284.7		14135
1.16767e+07		-19644.2		12536.1
1.20925e+07		-18283.8		13782.4
1.16583e+07		-17281.3		10760.5
1.29423e+07		-39903.1		14753.7
1.15239e+07		-19688.4		12865.9
1.20925e+07		-18283.8		13669
1.11193e+07		-15860.9		10443.6
1.30281e+07		-42925.4		14706.7
1.14739e+07		-20164.5		12280.7
1.18675e+07		-15569.7		13869.4
1.28728e+07		-36425.4		14607.7
1.16293e+07		-18044.1		11131.1
1.16017e+07		-24718.8		12533.4
1.17887e+07		-13961.2		14165.3
1.11343e+07		-16342.6		11277.5
1.2828e+07		-35436.6		14350.2
1.18029e+07		-26383.4		12931.1
1.1753e+07		-13479.7		13915.4
1.29469e+07		-41269.9		13948
1.12462e+07		-17836.3		11444.4
1.18167e+07		-27227.9		12288.8
1.17355e+07		-13539.5		14209.9
1.15193e+07		-17459.3		11447.2
1.28878e+07		-35848.5		13559.5
1.18148e+07		-31130.8		12362.1
1.18007e+07		-15776.3		13502.3
1.12784e+07		-16168.8		11161.3
1.29049e+07		-37378.8		13830.8
1.19464e+07		-37409.4		12126.1
1.17703e+07		-15966.2		13507.7
1.29159e+07		-37175.6		13263.6
1.10391e+07		-15100.2		11344.9
1.17265e+07		-15826.7		13739.6
1.22216e+07		-175519		12915
1.15517e+07		-17101.3		10798
1.29076e+07		-37008.3		13381.7
1.23068e+07		-480325		12738.2
1.17655e+07		-15987.7		13895.6
1.16094e+07		-17614.5		10367.9
1.29552e+07		-42004.1		13061.1
1.1717e+07		-15733.1		12952.2
1.22536e+07		-105956		13284.4
1.15905e+07		-16917		10087.7
1.29868e+07		-42206.4		12821.4
1.17613e+07		-15864.8		13148.4
1.21557e+07		-63054.6		13724
1.15896e+07		-16909.1		10192.3
1.29101e+07		-33176.5		13767.4
1.17681e+07		-16425.3		12132.2
1.227e+07		-54308.9		13871.4
1.15739e+07		-16788.4		10285.5
1.3126e+07		-38990.9		13336.2
1.17694e+07		-16434.1		11921.2
1.2321e+07		-82149.5		13645.4
1.16592e+07		-18133		10101.8
1.3097e+07		-35772.2		13173.5
1.16136e+07		-15415.2		12158.1
1.23641e+07		-159245		13254.8
1.30911e+07		-35808.1		12887
1.15901e+07		-17380.2		10598
1.237e+07		-158875		13811.1
1.15532e+07		-14950.1		12216.4
1.31394e+07		-37096.9		12776.4
1.15712e+07		-17392		10515.6
1.1222e+07		-10795.3		12039.5
1.23283e+07		-143720		15149.9
1.31251e+07		-37233.4		12466.4
1.15744e+07		-17063.5		11283.7
1.16899e+07		-16445.7		12068.9
1.24371e+07		169572		15160.9
1.15744e+07		-17063.5		11062.1
1.31379e+07		-36876.1		12536.4
1.1834e+07		-17769.3		11532.2
1.25007e+07		86289.2		15170.8
1.14977e+07		-19219.2		10953.4
1.31527e+07		-36201.4		12651.4
1.19112e+07		-19245.3		11878.6
1.251e+07		85702.5		15048
1.30818e+07		-34512.8		12646.4
1.15021e+07		-19217.4		11004.3
1.17415e+07		-19316.6		11910.8
1.27394e+07		36487		15465.3
1.30685e+07		-34640.4		12991.1
1.15225e+07		-19546.2		10414.6
1.16361e+07		-17863.4		12126
1.27036e+07		36235.6		15717.7
1.30609e+07		-34156		12626.9
1.15225e+07		-19546.2		10728.8
1.14892e+07		-17073.1		12354
1.27182e+07		31720.7		16053.5
1.31795e+07		-41110.8		12423.7
1.14032e+07		-18746.7		10957.3
1.14506e+07		-17272.8		12060.9
1.27321e+07		31635.4		16217.6
1.31967e+07		-41838.9		12572.3
1.14779e+07		-19298.2		11586.8
1.30974e+07		19673.6		16633.9
1.14198e+07		-22030.7		11408.7
1.32724e+07		-45934.8		12061.2
1.10944e+07		-20811.9		11778.5
1.14139e+07		-21571.2		11398
1.3094e+07		18898.5		15736.1
1.32297e+07		-43250.5		12080.3
1.11212e+07		-19620.4		11796.6
1.30873e+07		19628.3		15406.5
1.13522e+07		-20002.5		11468.3
1.30987e+07		-38655.8		11978.4
1.1256e+07		-19158.1		12140.3
1.28652e+07		21832.2		14096.2
1.12793e+07		-18490.5		11551.3
1.30922e+07		-38737.9		11953.3
1.1256e+07		-19158.1		12431.1
1.33042e+07		14600.1		13709.2
1.15255e+07		-19259.4		11740.8
1.32099e+07		-43009.2		11833
1.1256e+07		-19158.1		12494.1
1.14698e+07		-19503.2		11472.7
1.31461e+07		15756		14117.2
1.32451e+07		-48239.4		12253.6
1.14889e+07		-20197.4		11639.1
1.34789e+07		13062.8		14347.2
1.1536e+07		-20631.6		11453.3
1.2051e+07		-21374.6		11401.4
1.32096e+07		-41803.9		12632.6
1.13113e+07		-18590.7		10584.9
1.33578e+07		13739.1		14657.7
1.31206e+07		-31569.6		12827
1.19624e+07		-20691		10911.6
1.30574e+07		16933.8		14758.1
1.20719e+07		-42063		11126.8
1.30266e+07		-28087.6		12397.8
1.20317e+07		-20716.4		11221.8
1.30347e+07		17253		14223.1
1.21297e+07		-46614.2		11028.8
1.20317e+07		-20716.4		10818.3
1.29921e+07		-25730.5		12757.4
1.20476e+07		-45790.7		10547.1
1.28268e+07		22046.1		14564.4
1.29962e+07		-25340.5		12819.1
1.2115e+07		-20590.4		10370.5
1.21169e+07		-55311.1		10132.6
1.28031e+07		22158.8		14034.1
1.28329e+07		-23453.3		12740.1
1.2239e+07		-20468.7		9517.13
1.32129e+07		17815.8		13737.6
1.15146e+07		-26513.4		10316.4
1.22642e+07		-20690.7		9558.19
1.27377e+07		-21341.4		13096.6
1.12373e+07		-20647.6		10819.3
1.31279e+07		17961.8		13203
1.26558e+07		-20603.5		12896.6
1.22625e+07		-20272.8		9955.45
1.30849e+07		21091.4		12865.9
1.1069e+07		-18926.3		9959.69
1.2165e+07		-19641.7		9866.28
1.2653e+07		-20543.4		13505.2
1.31842e+07		21648.4		12115.6
1.05903e+07		-14607.9		10255.5
1.2165e+07		-19641.7		10166.6
1.26599e+07		-20718.7		13945.4
1.01786e+07		-12709.5		10063.1
1.32199e+07		20260.9		11922.8
1.19331e+07		-19606.8		10321
1.27924e+07		-28717.2		13162.6
1.04063e+07		-12984.8		10192.6
1.31875e+07		18359.6		11974.1
1.21081e+07		-20879.2		10193.8
1.28479e+07		-27830.6		13100.4
1.01925e+07		-13278.1		9508.66
1.32904e+07		18682.1		12309.6
1.20194e+07		-20153.4		10497.9
1.26973e+07		-28143		13344.7
9.81723e+06		-11357.9		9548.19
1.31728e+07		19069.1		12808.6
1.20172e+07		-20346		11089.7
1.26955e+07		-28000.8		12230.8
9.78426e+06		-9763.55		9807.85
1.27997e+07		26356.5		12617.1
1.2065e+07		-18905.6		11421.4
1.28021e+07		-32289.3		12541.5
1.00803e+07		-11467.7		9192.96
1.26382e+07		31996		12710
1.21231e+07		-19286.4		11302.6
1.27321e+07		-31521.1		11909.1
1.03318e+07		-12676.3		9441.22
1.2447e+07		44295.6		13110.5
1.21045e+07		-19524.7		11674.5
1.29478e+07		-35489.7		12428.6
1.01996e+07		-11974.2		9616.02
1.23793e+07		56570.7		13142.7
1.19541e+07		-19433.7		11381.5
1.29904e+07		-35997.9		11570.4
1.23581e+07		61593.2		12830
1.01829e+07		-11924.5		10035.6
1.19266e+07		-19186.2		11347.2
1.3025e+07		-38638.8		12105.1
1.2636e+07		55905.6		12703.7
