10.889	2.26099 3 720 
6.76343	2.26099 4 720 
6.75984	6.66656 4 720 
6.99562	5.8091 4 720 
7.15507	6.34058 4 720 
6.94261	6.40681 4 720 
7.21706	6.48656 4 720 
6.97624	6.53739 4 720 
7.10697	6.46108 4 720 
7.17812	6.56491 4 720 
7.14812	6.52757 4 720 
6.94193	6.44079 4 720 
7.37583	6.74172 4 720 
5.45522	6.5314 4 720 
5.70544	5.35091 4 720 
5.60712	5.25016 4 720 
5.70875	5.30241 4 720 
5.5622	5.32982 4 720 
5.89107	5.31379 4 720 
5.42591	5.13975 4 720 
5.85172	5.41787 4 720 
5.36116	5.24209 4 720 
5.80521	5.22278 4 720 
5.50934	5.19282 4 720 
5.75443	5.46367 4 720 
5.53777	5.29222 4 720 
5.73912	5.37668 4 720 
6.12064	5.38394 4 720 
5.83846	5.48294 4 720 
5.50436	5.26523 4 720 
5.89757	5.51345 4 720 
5.53997	5.25697 4 720 
6.21465	5.43463 4 720 
5.60624	5.32638 4 720 
5.71904	5.38312 4 720 
5.59765	5.4285 4 720 
5.98907	5.45655 4 720 
5.40561	5.28508 4 720 
5.9342	5.4583 4 720 
5.64606	5.20186 4 720 
5.72587	5.3792 4 720 
5.32385	5.28602 4 720 
5.65098	5.28845 4 720 
5.55792	5.30295 4 720 
5.66746	5.37813 4 720 
5.66047	5.2416 4 720 
5.79672	5.37707 4 720 
5.56902	5.32264 4 720 
5.85159	5.29482 4 720 
5.41843	5.31999 4 720 
5.87906	5.46918 4 720 
5.47916	5.33062 4 720 
5.71656	5.39734 4 720 
5.50032	5.32158 4 720 
5.66951	5.33652 4 720 
5.67843	5.16328 4 720 
5.63519	5.35031 4 720 
5.55659	5.31462 4 720 
5.87132	5.28785 4 720 
5.4128	5.28448 4 720 
5.64524	5.47842 4 720 
5.76953	5.33176 4 720 
5.4374	5.20469 4 720 
5.77821	5.36935 4 720 
5.56456	5.2678 4 720 
5.59965	5.39081 4 720 
5.66308	5.26344 4 720 
5.65724	5.4128 4 720 
5.52945	5.2612 4 720 
5.79862	5.38119 4 720 
5.47226	5.32931 4 720 
5.54344	5.29957 4 720 
5.63901	5.17842 4 720 
5.77238	5.34457 4 720 
5.68826	5.31638 4 720 
5.83075	5.32929 4 720 
5.47168	5.3089 4 720 
5.79624	5.36301 4 720 
5.57742	5.28441 4 720 
6.18669	5.34662 4 720 
5.69243	5.3461 4 720 
5.78676	5.32836 4 720 
5.51024	5.22188 4 720 
5.88854	5.28289 4 720 
5.32009	5.23128 4 720 
5.928	5.49307 4 720 
5.64777	5.29515 4 720 
5.87544	5.67067 4 720 
5.2621	5.21923 4 720 
6.00895	5.12527 4 720 
5.33915	5.22506 4 720 
5.89021	5.44643 4 720 
5.35649	5.24267 4 720 
5.67212	5.42674 4 720 
5.76108	5.34625 4 720 
5.66623	5.32747 4 720 
5.64457	5.33429 4 720 
5.67914	5.38177 4 720 
6.06201	5.37536 4 720 
5.76083	5.33048 4 720 
5.55597	5.31561 4 720 
5.73845	5.38593 4 720 
5.60109	5.39666 4 720 
5.8405	5.3305 4 720 
5.38636	5.27178 4 720 
5.7569	5.34812 4 720 
5.49062	5.27772 4 720 
5.76552	5.34411 4 720 
5.30261	5.25419 4 720 
5.63248	5.41008 4 720 
5.6867	5.35624 4 720 
5.64542	5.29928 4 720 
5.53473	5.2824 4 720 
5.78867	5.30263 4 720 
5.52604	5.33951 4 720 
5.79885	5.29028 4 720 
5.51833	5.33248 4 720 
5.93959	5.37663 4 720 
5.42638	5.22791 4 720 
5.81355	5.35382 4 720 
5.48516	5.28332 4 720 
5.79748	5.4542 4 720 
5.57608	5.23572 4 720 
6.03486	5.36257 4 720 
5.52516	5.2471 4 720 
5.79588	5.38712 4 720 
5.32453	5.23433 4 720 
5.71789	5.36119 4 720 
5.59089	5.37348 4 720 
5.62586	5.35929 4 720 
5.72965	5.35819 4 720 
5.64404	5.32457 4 720 
5.59192	5.3328 4 720 
5.74368	5.38447 4 720 
5.48992	5.28598 4 720 
5.68164	5.29441 4 720 
5.64951	5.2784 4 720 
5.76453	5.36813 4 720 
5.39599	5.2302 4 720 
5.74062	5.3487 4 720 
5.58786	5.27518 4 720 
5.75549	5.3381 4 720 
5.57133	5.27515 4 720 
5.69145	5.28642 4 720 
5.5016	5.20659 4 720 
5.68988	5.33379 4 720 
5.57847	5.26704 4 720 
5.69317	5.36052 4 720 
5.54679	5.3283 4 720 
5.78198	5.34642 4 720 
5.49829	5.21542 4 720 
5.72824	5.44576 4 720 
5.60909	5.27171 4 720 
5.68206	5.37832 4 720 
5.55249	5.2375 4 720 
5.57707	5.42547 4 720 
5.6962	5.30502 4 720 
5.78767	5.31099 4 720 
5.40808	5.23838 4 720 
5.67353	5.34313 4 720 
5.62536	5.3077 4 720 
5.80849	5.37566 4 720 
5.4913	5.21614 4 720 
5.8243	5.36437 4 720 
6.49472	5.25729 4 720 
5.53098	5.43773 4 720 
5.74673	5.30772 4 720 
5.42507	5.26742 4 720 
5.88398	5.36556 4 720 
5.38953	5.32605 4 720 
5.72435	5.34689 4 720 
5.6332	5.28371 4 720 
5.64287	5.36191 4 720 
5.96276	5.22761 4 720 
5.52177	5.49641 4 720 
5.89876	5.38226 4 720 
5.30435	5.16749 4 720 
6.00774	5.40196 4 720 
5.46059	5.28697 4 720 
5.77025	5.32235 4 720 
5.58087	5.3251 4 720 
5.80112	5.39109 4 720 
5.37456	5.24099 4 720 
5.79646	5.39522 4 720 
5.63204	5.2515 4 720 
5.82591	5.35021 4 720 
5.67635	5.31136 4 720 
5.68895	5.39227 4 720 
5.33329	5.26768 4 720 
6.05679	5.44372 4 720 
5.45777	5.27654 4 720 
5.69126	5.50916 4 720 
5.67055	5.30865 4 720 
5.79175	5.31813 4 720 
5.46156	5.31953 4 720 
5.88405	5.31073 4 720 
5.44073	5.22657 4 720 
5.75929	5.35602 4 720 
5.62878	5.32351 4 720 
5.63024	5.33514 4 720 
5.58428	5.25094 4 720 
5.77868	5.35774 4 720 
5.45378	5.24326 4 720 
5.86069	5.333 4 720 
5.43937	5.28673 4 720 
5.70786	5.38297 4 720 
5.58492	5.14607 4 720 
5.55424	5.32596 4 720 
5.60584	5.29129 4 720 
5.61811	5.26303 4 720 
5.79514	5.35748 4 720 
5.55792	5.23797 4 720 
5.67299	5.40329 4 720 
5.64131	5.31699 4 720 
5.5586	5.30842 4 720 
5.7336	5.34931 4 720 
5.54096	5.31288 4 720 
5.69832	5.32519 4 720 
5.53531	5.26876 4 720 
5.88085	5.41566 4 720 
5.52357	5.31801 4 720 
5.83849	5.37489 4 720 
5.51586	5.29947 4 720 
5.77574	5.21209 4 720 
5.40068	5.22158 4 720 
5.70748	5.37866 4 720 
5.59659	5.31615 4 720 
5.58933	5.29358 4 720 
5.65454	5.27478 4 720 
5.75682	5.36966 4 720 
5.56274	5.37662 4 720 
5.84738	5.42907 4 720 
5.49686	5.33295 4 720 
5.97723	5.42855 4 720 
5.4346	5.34404 4 720 
5.72509	5.41606 4 720 
5.49605	5.24136 4 720 
5.85545	5.36327 4 720 
5.5112	5.3555 4 720 
5.60844	5.39205 4 720 
5.54171	5.07916 4 720 
5.73407	5.31328 4 720 
5.55168	5.34537 4 720 
6.04731	5.35735 4 720 
5.45502	5.19562 4 720 
5.63548	5.44685 4 720 
5.84376	5.35107 4 720 
5.8028	5.3801 4 720 
5.57856	5.37143 4 720 
5.9785	5.43589 4 720 
5.32956	5.26639 4 720 
5.80928	5.43961 4 720 
5.65791	5.34126 4 720 
5.72484	5.28512 4 720 
5.74959	5.40454 4 720 
5.68441	5.37514 4 720 
5.92071	5.38988 4 720 
5.44759	5.35298 4 720 
5.68998	5.36731 4 720 
5.66612	5.3014 4 720 
5.71755	5.37295 4 720 
5.74491	5.38549 4 720 
5.81268	5.39047 4 720 
5.95011	5.37854 4 720 
5.612	5.63027 4 720 
5.90039	5.41015 4 720 
5.57987	5.31334 4 720 
6.06379	5.39367 4 720 
5.44531	5.28065 4 720 
5.93436	5.49135 4 720 
5.53193	5.24935 4 720 
5.79524	5.38791 4 720 
5.53991	5.3194 4 720 
5.90641	5.37238 4 720 
5.52539	5.27722 4 720 
5.84713	5.51354 4 720 
5.44752	5.32539 4 720 
5.82407	5.49292 4 720 
5.61029	5.30376 4 720 
5.81854	5.3904 4 720 
5.55257	5.36579 4 720 
5.7777	5.42668 4 720 
5.63958	5.3163 4 720 
5.90217	5.42266 4 720 
5.43676	5.32835 4 720 
5.97624	5.49273 4 720 
5.42184	5.27512 4 720 
5.95646	5.45797 4 720 
5.41316	5.30932 4 720 
5.55501	5.46258 4 720 
5.87968	5.2493 4 720 
5.5702	5.30558 4 720 
5.78531	5.45023 4 720 
5.66321	5.28487 4 720 
5.69955	5.48742 4 720 
5.63809	5.41109 4 720 
5.57633	5.44823 4 720 
5.86922	5.31664 4 720 
5.62231	5.33848 4 720 
5.75557	5.4209 4 720 
5.76086	5.41228 4 720 
5.813	5.44364 4 720 
5.67697	5.38953 4 720 
5.80079	5.45565 4 720 
5.60639	5.3615 4 720 
