3.03837e-06 4.33748e-06 301056 1320 1.92276 1.30582 0.0443767 8.0273 1166.67
2.31449e-06 3.57489e-06 129024 23 3.21503 0.362855 0.00894917 3.93181 3675.04
2.54082e-06 3.81841e-06 220416 90 2.20819 0.948988 0.0243022 3.67618 1878.26
2.41386e-06 3.57306e-06 129024 23 2.90015 0.366045 0.00981151 3.55077 2086.49
2.33421e-06 3.44194e-06 129024 23 2.85062 0.376423 0.00907642 3.51334 2272.32
2.27731e-06 3.37232e-06 129024 25 3.04841 0.390193 0.00855834 3.72004 2071.51
2.46617e-06 3.39953e-06 324864 96 1.87948 1.15743 0.039729 4.14377 2418.87
2.19061e-06 3.35095e-06 129024 26 3.28259 0.38848 0.00861505 3.96476 32627.4
2.16858e-06 3.28787e-06 129024 20 2.89395 0.359102 0.00935109 3.52999 2456.45
1.96198e-06 3.29818e-06 426240 260 2.06713 1.44537 0.0715221 5.31108 91169.2
1.79536e-06 3.26929e-06 129024 23 2.9196 0.38454 0.00898109 3.59241 76668.3
1.46047e-06 3.22149e-06 129024 25 2.94446 0.390978 0.00840263 3.62401 77358.1
1.1903e-06 3.19336e-06 129024 25 2.84065 0.397502 0.00706284 3.52547 83979.8
9.71361e-07 3.13591e-06 129024 25 2.87108 0.374957 0.00856601 3.54152 95760.2
1.34527e-06 3.12635e-06 786432 453 0.375234 2.4286 0.124085 6.31332 2403.13
1.04291e-06 3.14429e-06 786432 374 0.379152 2.52921 0.11752 6.09166 -80157.4
8.02137e-07 3.12975e-06 786432 387 0.340373 2.41559 0.137765 6.13912 -81684.6
8.68478e-07 3.1504e-06 786432 369 0.410107 2.54254 0.135237 6.1677 9824.57
5.94234e-07 3.12968e-06 129024 22 2.93095 0.393109 0.0109019 3.60346 -23899.2
1.23772e-06 3.20057e-06 467712 575 1.44782 1.62958 0.0627293 5.45184 848.988
1.75868e-06 3.1602e-06 384768 266 1.78216 1.1538 0.0435549 4.36499 846.327
2.18669e-06 3.16783e-06 379392 265 1.71935 1.21343 0.045431 4.35446 832.487
2.31165e-06 3.12917e-06 129024 17 2.84842 0.383782 0.0089953 3.50126 852.763
2.40557e-06 3.06476e-06 129024 26 3.32736 0.36219 0.0086528 3.98817 862.269
2.95805e-06 3.12259e-06 721920 319 1.421e-06 2.42124 0.115585 5.38286 839.188
3.39552e-06 3.14523e-06 721920 306 1.832e-06 2.33597 0.13381 5.27803 822.394
3.26661e-06 3.11865e-06 129024 23 3.16655 0.388668 0.00868001 3.84183 823.923
3.45717e-06 3.26338e-06 238080 90 2.15916 0.914769 0.0243521 3.58525 820.153
3.32617e-06 3.19494e-06 129024 23 3.27454 0.3769 0.00980338 3.93518 829.824
3.50212e-06 3.34674e-06 264960 246 2.29104 1.04764 0.03629 4.40621 802.292
3.38303e-06 3.29122e-06 129024 12 3.27082 0.395995 0.0102198 3.93988 832.052
3.55119e-06 3.38758e-06 278784 207 1.90109 1.05186 0.0365138 3.96897 810.674
3.8427e-06 3.56538e-06 134400 54 3.0776 0.574773 0.0176694 4.30178 817.628
3.62643e-06 3.45828e-06 129024 26 2.7925 0.390925 0.00926772 3.46584 822.953
3.73992e-06 3.54196e-06 141312 91 2.90452 0.547818 0.0179116 4.15682 812.281
3.55152e-06 3.46651e-06 129024 18 3.11187 0.408326 0.00861951 3.77791 826.94
3.61431e-06 3.54342e-06 149760 102 3.18658 0.576737 0.017346 4.50979 816.91
3.45441e-06 3.38631e-06 129024 20 2.8721 0.355832 0.00801655 3.51297 835.717
3.498e-06 3.39191e-06 337920 481 1.74983 1.15376 0.0448438 4.71735 797.335
3.60408e-06 3.40516e-06 157440 66 2.98246 0.544454 0.016615 4.17977 798.381
3.68039e-06 3.48055e-06 148224 100 3.19319 0.560599 0.0183328 4.48198 789.756
3.81888e-06 3.61231e-06 134400 100 3.03668 0.55633 0.0186217 4.32757 782.029
3.635e-06 3.48443e-06 129024 23 2.8829 0.383574 0.00838284 3.56381 794.115
3.56145e-06 3.43608e-06 178944 124 2.70768 0.580259 0.0179811 4.05759 783.072
3.61508e-06 3.46942e-06 160512 88 3.10454 0.578293 0.0185043 4.39721 781.95
3.74349e-06 3.56344e-06 142080 95 2.80638 0.559725 0.017334 4.08171 776.549
3.88056e-06 3.64263e-06 135168 95 2.91967 0.535181 0.0187004 4.1706 774.565
3.98659e-06 3.79192e-06 129792 115 3.1405 0.56967 0.0161097 4.47828 766.962
3.75542e-06 3.65525e-06 129024 20 3.14965 0.401076 0.00976405 3.82872 786.085
3.62566e-06 3.51372e-06 185856 133 2.81211 0.547831 0.0154717 4.13541 776.002
3.64994e-06 3.53241e-06 153600 98 3.1103 0.554062 0.0166365 4.37427 832.731
3.48613e-06 3.46741e-06 129024 23 3.10618 0.413834 0.0104672 3.80916 845.05
3.41914e-06 3.38756e-06 182016 127 2.70665 0.558455 0.0175039 4.0496 810.766
3.72173e-06 3.48505e-06 274176 128 2.66032 1.06244 0.0329469 4.60182 794.57
3.9809e-06 3.61164e-06 130560 68 3.14946 0.537645 0.017646 4.36032 776.718
3.74017e-06 3.51083e-06 129024 25 2.94288 0.400952 0.00871742 3.62986 782.523
3.55789e-06 3.44392e-06 129024 23 2.79444 0.409815 0.00834672 3.49228 813.321
3.71439e-06 3.51172e-06 142080 85 3.13834 0.537477 0.0186358 4.37452 785.228
3.53143e-06 3.38143e-06 129024 23 2.83734 0.369047 0.00865663 3.49465 788.375
3.61244e-06 3.37272e-06 315648 184 1.95205 1.05359 0.0317928 3.97738 781.972
3.82387e-06 3.49346e-06 142848 62 3.09241 0.568025 0.0180722 4.32477 766.655
3.60805e-06 3.39201e-06 129024 29 2.89097 0.385289 0.00871659 3.56347 766.764
3.71526e-06 3.38181e-06 311040 172 2.0798 1.03919 0.0328738 4.06899 741.476
3.93764e-06 3.47032e-06 144384 57 2.82814 0.55218 0.0175533 4.03594 732.476
3.70934e-06 3.3837e-06 129024 30 2.96625 0.391871 0.00909763 3.66387 774.46
3.23364e-06 3.42925e-06 152832 93 3.20304 0.551949 0.0196192 4.47441 4260.01
2.89498e-06 3.334e-06 129024 18 3.15028 0.381004 0.00963326 3.8006 4413.14
2.51167e-06 3.33103e-06 305664 188 1.86669 1.01455 0.0317993 3.86249 6156.76
2.21726e-06 3.38771e-06 248832 109 2.18265 0.899386 0.0213885 3.639 5985.06
1.94578e-06 3.43492e-06 252672 147 2.14963 0.915618 0.0271909 3.68166 6010.92
1.87698e-06 3.52041e-06 271872 99 2.31495 1.05007 0.0376221 4.19838 5895.38
1.78723e-06 3.48089e-06 306432 130 2.09313 1.01821 0.0276579 4.01554 5215.13
1.73426e-06 3.46327e-06 307200 132 2.09632 1.04226 0.0269349 4.01353 4681.23
1.9285e-06 3.44224e-06 307968 104 2.14843 1.0342 0.0370548 4.01611 2391.25
1.90791e-06 3.4448e-06 324864 333 2.0979 1.12242 0.0431776 4.75632 2568.17
1.75596e-06 3.31447e-06 193536 53 2.36338 0.540574 0.0103667 3.31743 4540.43
1.81769e-06 3.30972e-06 721920 365 2.003e-06 2.37563 0.142222 5.43071 4595.41
2.00523e-06 3.38759e-06 275712 116 2.64984 1.01988 0.0414719 4.54817 2464.76
1.97703e-06 3.32027e-06 193536 45 2.39609 0.590476 0.0072963 3.35709 2628.2
1.95948e-06 3.48643e-06 222720 125 2.30532 0.924533 0.0266044 3.8076 2742.18
1.94831e-06 3.42441e-06 129024 22 2.77591 0.409819 0.00895676 3.47028 2618.92
1.9087e-06 3.32794e-06 129024 29 3.25166 0.379595 0.00872126 3.93484 2653.37
1.70224e-06 3.38474e-06 399360 477 1.56869 1.44248 0.0421165 4.96931 5805.16
1.69981e-06 3.30437e-06 129024 10 3.08005 0.38486 0.00735705 3.72289 5757.9
1.54161e-06 3.97994e-06 138240 117 3.21009 0.923753 0.018017 4.89279 5759.3
1.52509e-06 3.77434e-06 129024 14 2.80743 0.380873 0.00861776 3.45323 5813.56
1.44161e-06 3.62592e-06 129024 26 3.01751 0.391227 0.00902867 3.70168 5901.23
1.41946e-06 3.49044e-06 129024 18 2.79696 0.380434 0.0103946 3.45975 5954.78
1.31599e-06 3.54147e-06 145920 109 2.82174 0.546554 0.0178125 4.09509 5917.21
1.30168e-06 3.42187e-06 129024 18 3.18337 0.379776 0.00859763 3.82675 6160.29
1.21532e-06 3.52414e-06 151296 113 2.73032 0.595081 0.0178547 4.06847 6157.93
1.22998e-06 3.42052e-06 129024 17 3.05397 0.38785 0.00815838 3.70661 6224.74
1.15545e-06 3.41089e-06 167424 109 3.1556 0.56462 0.0165459 4.47737 6227.65
1.22434e-06 3.33651e-06 129024 13 3.12051 0.392104 0.00947359 3.78128 6109.76
1.19643e-06 3.34191e-06 316416 171 1.75745 1.06426 0.0377715 3.78085 5797.81
1.34406e-06 3.37665e-06 294912 71 2.07053 1.0368 0.0329351 3.8918 5830.61
1.3112e-06 3.50653e-06 150528 78 2.7338 0.606032 0.0174614 4.0222 5568.31
1.33249e-06 3.37504e-06 129024 18 3.10555 0.367597 0.00901551 3.74985 5128.08
1.32835e-06 3.29225e-06 189696 65 2.73917 0.561709 0.0174468 3.96317 5028.12
1.42483e-06 3.33129e-06 329472 190 1.69369 1.14902 0.0455411 4.12078 3822.72
1.66253e-06 3.35359e-06 296448 85 2.46281 1.02061 0.0353428 4.29347 3193.85
1.65349e-06 3.26152e-06 129024 25 2.89857 0.373294 0.0088693 3.56079 3203.09
1.62996e-06 3.28725e-06 339456 361 1.7689 1.15082 0.0441595 4.5102 2961.88
1.71568e-06 3.19479e-06 129024 11 3.10085 0.364485 0.00906388 3.73347 3396.17
1.86647e-06 3.21908e-06 721920 379 2.689e-06 2.39405 0.11251 5.4748 3427.44
1.82283e-06 3.20259e-06 129024 18 2.87053 0.404699 0.00820838 3.52784 3571.03
1.76559e-06 3.26881e-06 328704 331 1.75166 1.16155 0.0440469 4.46108 3190.09
1.92707e-06 3.40971e-06 234240 59 2.20241 0.930704 0.0282917 3.60895 3057.89
1.87898e-06 3.33995e-06 129024 25 2.89854 0.39493 0.00882355 3.58883 3059.09
1.81779e-06 3.33814e-06 344064 344 1.76007 1.14605 0.0437648 4.47641 2969.95
1.87394e-06 3.25711e-06 129024 11 3.05852 0.378423 0.01068 3.68629 3153.25
1.80741e-06 3.29848e-06 328704 368 1.76977 1.13863 0.0474065 4.50232 2928.27
2.14158e-06 3.40572e-06 274944 61 2.00497 1.05432 0.027356 3.80396 2725.62
2.06073e-06 3.29639e-06 129024 25 2.95813 0.36889 0.00891817 3.63105 2820.26
2.06906e-06 3.31903e-06 340224 237 1.74575 1.16002 0.0348796 4.31111 2692.4
2.05016e-06 3.23208e-06 129024 17 3.25756 0.37214 0.00827609 3.90349 2764.49
1.98989e-06 3.27842e-06 342528 332 1.75765 1.18644 0.0443165 4.45377 2664.73
2.04653e-06 3.21413e-06 129024 10 3.24725 0.381522 0.00879401 3.88341 2766.34
2.27292e-06 3.23241e-06 721920 296 3.321e-06 2.38631 0.122924 5.32565 2738.68
2.17611e-06 3.1564e-06 129024 23 2.84161 0.368025 0.00816455 3.48676 2739.34
2.19202e-06 3.21167e-06 337920 198 1.65228 1.15999 0.038277 4.13392 2763.52
2.2184e-06 3.27361e-06 254208 65 2.15218 0.895165 0.0233156 3.52525 2870.01
2.11091e-06 3.19073e-06 129024 25 2.86797 0.368902 0.0083868 3.53042 3091.26
2.06174e-06 3.43155e-06 335616 202 1.70361 1.47497 0.038722 4.3276 3273.62
2.1403e-06 3.56218e-06 228096 65 2.2402 0.931703 0.0258338 3.63723 3081.49
2.10358e-06 3.56702e-06 302592 171 1.80429 1.08521 0.032225 3.83309 2815.81
2.1832e-06 3.57073e-06 309504 107 2.10364 1.10975 0.0299388 4.04005 2691.16
2.18976e-06 3.50327e-06 322560 132 1.87634 1.04297 0.0256686 3.81485 2744.8
2.12424e-06 3.49508e-06 334080 314 2.06638 1.15669 0.0399404 4.73948 2608.67
2.27523e-06 3.48746e-06 301824 89 2.06217 1.0434 0.0347409 3.90047 2489.09
2.18657e-06 3.33427e-06 129024 25 3.077 0.351142 0.00791717 3.7146 2493.38
2.28797e-06 3.34442e-06 340992 170 1.71148 1.15427 0.0436862 4.13434 2372.3
2.23846e-06 3.37199e-06 327936 301 1.8906 1.14195 0.0431694 4.54667 2370.26
2.23868e-06 3.24535e-06 129024 11 3.16105 0.353371 0.0075423 3.76418 2420.01
2.45599e-06 3.25961e-06 721920 314 7.385e-06 2.39435 0.10361 5.37732 2458.04
2.49646e-06 3.37899e-06 148224 54 2.92246 0.571624 0.0181813 4.21796 2412.88
2.59316e-06 3.51223e-06 138240 47 2.938 0.559209 0.0169991 4.13059 2378.46
2.48923e-06 3.39385e-06 129024 18 3.27612 0.37679 0.00826201 3.9315 2393.24
2.5745e-06 3.61209e-06 131328 52 3.31773 0.589017 0.0182656 4.52833 2385.14
2.49143e-06 3.49332e-06 129024 17 3.05737 0.389423 0.00820009 3.72553 2416.49
2.49186e-06 3.59447e-06 171264 51 2.77635 0.684897 0.018797 4.09968 2428.79
2.40181e-06 3.49562e-06 129024 20 3.0131 0.400002 0.00881192 3.69653 2448.81
2.30274e-06 3.37426e-06 129024 23 3.2463 0.372728 0.00898526 3.91844 2485.36
2.42551e-06 3.48119e-06 329472 151 2.05021 1.28787 0.0438209 4.55847 2342.8
2.34973e-06 3.36991e-06 129024 22 3.13935 0.377372 0.00813767 3.81412 2386.25
2.2878e-06 3.28375e-06 129024 18 3.18349 0.379217 0.0089048 3.84042 2569.48
2.36871e-06 3.31881e-06 721920 453 1.642e-06 2.49716 0.104895 5.98056 2573.28
2.60805e-06 3.56641e-06 202752 49 2.38533 0.923902 0.0246919 3.76172 2501.29
2.45687e-06 3.42062e-06 129024 26 3.12673 0.3661 0.00801705 3.79176 2499.69
2.34445e-06 3.34624e-06 129024 22 3.15195 0.393358 0.0100455 3.83248 2579.79
2.24317e-06 3.34396e-06 320256 205 2.13059 1.068 0.0334361 4.22466 2657.43
2.35258e-06 3.38405e-06 293376 100 2.09455 1.03985 0.0359442 3.97674 2530.15
2.24325e-06 3.27582e-06 129024 25 2.94204 0.366799 0.00880734 3.60532 2678.93
2.17908e-06 3.19093e-06 193536 41 2.31427 0.551848 0.00925663 3.27025 2723.63
2.27495e-06 3.21434e-06 721920 440 1.564e-06 2.38808 0.113402 5.55768 2738.23
2.2908e-06 3.14371e-06 193536 23 2.36198 0.553745 0.00847613 3.27341 2810.64
2.17857e-06 3.12009e-06 694272 863 2.465e-06 2.10059 0.0974902 5.92092 2752.4
2.35881e-06 3.09307e-06 193536 9 2.26184 0.577701 0.0090198 3.1715 2918.67
2.22709e-06 3.07993e-06 675840 822 1.836e-06 2.04604 0.0897751 5.89041 2956.72
2.46771e-06 3.12195e-06 676608 190 1.867e-06 2.22606 0.11492 4.72415 3017.03
2.47141e-06 3.17301e-06 656640 405 1.829e-06 2.21761 0.0918964 5.05542 2967.58
2.93392e-06 3.20643e-06 632832 154 1.722e-06 2.11373 0.106912 4.21308 1244.65
3.33207e-06 3.23196e-06 721920 259 1.73e-06 2.40695 0.114921 5.30246 1112.79
3.51566e-06 3.36639e-06 265728 147 2.25536 1.03743 0.0322322 4.22812 1079.95
3.33771e-06 3.28838e-06 129024 18 2.88828 0.384016 0.00870688 3.53956 1097.74
3.19288e-06 3.25977e-06 129024 26 3.19223 0.405822 0.00880622 3.89436 1092.64
3.51579e-06 3.37833e-06 261888 96 2.1865 1.00895 0.0325457 4.02263 1114.97
3.3269e-06 3.65032e-06 129024 23 3.3992 0.611355 0.0082228 4.29971 1108.38
3.23007e-06 3.52633e-06 193536 47 2.3732 0.586485 0.0100806 3.38413 1243.98
3.08632e-06 3.39281e-06 129024 23 3.10727 0.368841 0.00878751 3.75818 1247.85
