2	611409		-23426		1480.91	6.12857e+06
2	226953		-483.167		1113.84	4.65539e+06
3	599392		-18408.2		1194.86	5.84077e+06
3	215779		-483.167		1187.23	4.1819e+06
4	534027		-7983.13		1060.81	5.49045e+06
4	218025		-516.256		1106.08	4.22078e+06
5	556999		-10610.4		1025.1	5.39879e+06
5	220602		-528.188		1034.32	4.46308e+06
6	560692		-11050.2		1011.05	5.30437e+06
6	198881		-446.67		1046.77	4.2545e+06
7	404804		-2939.49		983.328	4.49927e+06
7	815253		901.696		974.902	5.40411e+06
8	831798		886.108		912.097	5.22768e+06
8	433477		-6953.21		1034.89	4.32587e+06
9	750109		957.335		865.545	5.08487e+06
9	425417		-3867.71		1052.19	4.28601e+06
10	721748		956.263		848.561	5.08471e+06
10	452156		-10880.3		1079.64	4.26351e+06
11	700612		959.049		832.286	5.2051e+06
11	453154		-12364.1		1042.15	4.16339e+06
12	454316		-13231.6		1012.41	4.27138e+06
12	735450		811.183		818.926	5.47871e+06
13	473335		32756.1		1010.33	4.26428e+06
13	710553		914.652		828.45	5.59272e+06
14	450816		-8980.28		1030.34	4.18624e+06
14	715797		969.119		844.374	5.68426e+06
15	441401		-5212.65		1051.28	4.18266e+06
15	733099		1002.75		840.537	5.59367e+06
16	477755		-11897.9		1082.53	4.23613e+06
16	533976		12338.1		841.242	5.48391e+06
17	529615		23546.7		877.362	5.38107e+06
17	627765		4312.81		1074.19	4.29152e+06
18	607634		5113.13		1117.82	4.24514e+06
18	527917		18821.6		909.304	5.42462e+06
19	524876		83036.7		926.309	5.46777e+06
19	507838		-32591.5		1100.5	4.23987e+06
20	517438		-21399.9		939.161	5.43296e+06
20	450750		-4917.66		1088.95	4.24693e+06
21	420912		-3154.91		1078.51	4.38707e+06
21	514803		-12898.4		981.635	5.7187e+06
22	520674		-17733		980.277	5.14693e+06
22	401926		-2568.84		1049.75	3.94844e+06
23	523949		-31480.8		969.716	4.63232e+06
23	401573		-3227.57		1010.04	3.55366e+06
24	401573		-3227.57		980.99	3.19837e+06
24	524198		-34457.3		974.321	4.16919e+06
25	522685		-42592.3		967.943	3.75236e+06
25	388774		-2911.1		965.855	2.87861e+06
26	524293		-38902.6		1055.41	3.37731e+06
26	374021		-2275.62		948.297	2.59083e+06
27	381382		-2615.48		916.636	2.33181e+06
27	521360		-44268.4		1095.52	3.03973e+06
28	522681		-74434		1079.04	2.73585e+06
28	381410		-2626.87		936.102	2.09874e+06
29	396024		-3561.21		988.255	1.88901e+06
29	520733		-29835.3		1152.76	2.46244e+06
30	523096		-30943.3		1171.12	2.21633e+06
30	397341		-3502.5		975.856	1.7002e+06
31	404521		-3527.53		1024.5	1.53032e+06
31	527364		-15843.8		1142.56	1.99479e+06
32	529241		-16482.4		1171.74	1.79545e+06
32	449954		-6632.78		1002.55	1.37737e+06
33	455634		-7222.88		1045.75	1.23978e+06
33	529996		-10417.9		1155.38	1.61601e+06
34	532231		-10492.3		1176.8	1.45454e+06
34	474046		-10213.4		1029.36	1.11589e+06
35	477860		-11353.1		1062.32	1.00444e+06
35	537169		-9145.6		1149.75	1.30918e+06
36	538741		-9187.31		1161.1	1.17839e+06
36	507191		-137317		1037.35	904074
37	510367		1.23844e+06		1111.21	813844
37	545511		-8779.71		1130.65	1.06064e+06
38	545764		-8485.61		1148.11	954702
38	505132		-20773.5		1098.45	732558
39	506604		-21731.5		1150.54	659464
39	555555		-8967.3		1123.53	859322
40	513219		-36912.6		1208.59	593691
40	542416		-7642.73		1077.15	773456
41	497547		-10228.2		1210.5	534444
41	544331		-11152.2		1045.38	696186
42	496104		-8957.28		1207.72	481118
42	532224		-9236.2		1018.07	626645
43	491880		-7490.79		1278.39	433198
43	525835		-9414.72		980.946	564045
44	515284		-8171.12		975.996	507734
44	491767		-7426.95		1245.01	389973
45	515281		-8222.11		966.971	457049
45	498809		-8629.35		1197.2	351052
46	515473		-8375.96		942.901	411417
46	479526		-5395.78		1141.59	316011
47	518959		-10402.7		929.866	370356
47	467653		-4388.69		1092.62	284475
48	521428		-12717.1		963.942	333448
48	459833		-3865.68		1065.78	256110
49	455963		-3698.37		1040.1	230580
49	520639		-11864		943.372	300179
50	452992		-3471.17		1101.67	207687
50	510732		-10284.8		914.48	270226
50	477848		-6078.25		1106.13	187033
50	525873		84426.3		895.21	243276
50	479301		-6192.76		1188.36	168523
50	496933		-12723.2		887.341	219030
50	462194		-3872.58		1196.38	151797
50	499013		-24654.9		886.44	197215
50	442788		-2647.79		1194.49	136735
50	504658		-775958		889.442	177585
50	428753		-2144.24		1237.58	123224
50	488812		-27838.6		870.328	159896
50	414188		-1746.08		1218.02	111006
50	464875		-7476.92		899.903	144023
50	437001		-3309.95		899.716	129711
50	409439		-1743.55		1168.95	99978.3
50	409683		-2202.93		905.206	116835
50	408263		-1615.53		1132.35	90060.7
50	412279		-2217.95		1002.92	105340
50	416676		-1796.71		1134.23	81169.8
50	414005		-2212.32		1083.74	94986.9
50	363979		-1056.27		1095.41	73127.4
50	371555		-1106.8		1055.15	65883.9
50	409968		-2025.94		1089.01	85601.8
50	405477		-1797.73		1173.02	77234.6
50	378597		-1207.93		1032.75	59378.7
50	383973		-1245.41		1002.38	53513.7
50	407380		-1807.09		1148.73	69604.1
50	388022		-1300.26		1003.21	48263.4
50	402338		-1756.01		1126.07	62735.9
50	394267		-1634.24		1126.11	56575
50	392605		-1368.07		1063.22	43597.4
50	390151		-1341.31		1072.09	39352.8
50	365853		-1292.16		1097.76	51001.7
50	395137		-1450.59		1084.21	35536.9
50	363080		-1270.9		1050.97	45964.5
50	397590		-1490.96		1069.16	32076.6
50	351346		-1160.14		1036.55	41458.8
50	352359		-1183.73		1025	37405
50	409922		-1623.58		1067.38	28974
50	406462		-1556.89		1085.97	26202
50	373499		-1541.57		1014.98	33757
50	381069		-1697.41		988.217	30456
50	409877		-1558.44		1157.48	23761.9
50	408358		-1446.55		1161.56	21505.5
50	377429		-1704.79		992.693	27513.7
50	389000		-1134.97		1163.89	19473.4
50	375836		-1644.52		958.675	24827.6
50	393531		-1140.38		1169.39	17648
50	375009		-1624.53		934.858	22416.9
50	393074		-1090.45		1167.57	15998.3
50	375180		-1617.15		917.167	20251
50	393883		-1058.23		1244.98	14592.6
50	373954		-1640.15		901.474	18301.9
50	386864		-1001.81		1243.41	13256.3
50	370047		-1595.92		876.443	16536.8
50	384335		-948.703		1240.66	12052.3
50	369192		-1601.46		882.186	14976.5
50	374927		-897.79		1227.3	10957.7
50	376538		-1781.08		863.322	13548.2
50	366877		-857.875		1229.65	9987.06
50	374892		-1978.49		887.774	12304.2
50	364282		-843.913		1223.23	9104.89
50	380085		-2411.31		867.685	11142.5
50	384128		-2875.17		859.797	10107.1
50	363682		-861.033		1236.61	8330.11
50	364186		-857.938		1215.21	7599.36
50	393505		-3534.05		850.054	9172.62
50	392046		-3441.5		843.424	8333.74
50	365187		-875.309		1224.66	6970.4
50	365233		-873.556		1274.85	6446.01
50	392274		-3489.51		845.183	7586.46
50	391376		-3496.4		836.09	6903.24
50	357941		-842.463		1263.82	5917.86
50	356192		-831.441		1263.86	5452.5
50	394804		-4022.66		839.827	6300.27
50	353524		-819.794		1252.03	5021.81
50	393077		-3962.3		849.182	5763.58
50	392891		-3963.1		840.045	5263
50	352371		-808.459		1244.05	4636.85
50	349682		-795.178		1243.8	4297.31
50	394342		-4495.1		857.799	4838.46
50	351197		-799.268		1224.89	3973.06
50	391114		-3926.95		851.589	4434.18
50	348778		-790.064		1212.71	3686.06
50	393868		-4214.98		833.321	4057.65
50	347368		-774.984		1206.78	3432.8
50	396912		-4474.32		812.461	3714.36
50	345637		-756.888		1208.91	3212.32
50	398908		-4619.49		801.448	3413.16
50	399213		-4673.92		798.974	3149.51
50	348989		-772.18		1211.68	3014.75
50	358417		-802.452		1204.83	2827.6
50	399906		-5038.51		797.696	2913.18
50	396738		-4429.68		794.641	2698.58
50	373070		-854.997		1213.47	2673.95
50	397852		-944.049		1277.01	2591.45
50	394835		-4247.35		808.35	2521.89
50	422165		-1018.01		1264	2447
50	398591		-5089.35		797.384	2339.57
50	422165		-1018.01		1251.45	2316.14
50	399291		-4968.19		795.556	2183.52
50	422165		-1018.01		1228.61	2186.83
50	400762		-5038.59		798.166	2047.34
50	421347		-991.547		1224.3	2086.7
50	406760		-6047.33		791.27	1915.52
50	429476		-1014.04		1222.43	1998.59
50	403647		-5119.52		790.937	1802.77
50	429476		-1014.04		1220.44	1918.99
50	405550		-5083.71		786.474	1697.12
50	429476		-1014.04		1278.2	1906.9
50	400918		-3993.16		806.805	1626.39
50	435285		-1030.84		1332.98	1898.8
50	405880		-4414.93		800.263	1537.89
50	404096		-4017.76		791.975	1455.84
50	441796		-1065.76		1317.04	1826.28
50	421803		-989.012		1360.8	1819.12
50	407057		-4533.77		791.485	1388.96
50	442467		-1052.96		1344.06	1756.55
50	415814		-6808.13		783.725	1321.45
50	447610		-1066.94		1334.15	1705.39
50	423649		-11174		765.444	1249.4
50	423126		-11492.6		770.931	1206.49
50	3.02251e+06		2235.88		1321.28	1655.4
50	3.04506e+06		2239.01		1299.26	1599.96
50	440270		24283.1		773.017	1165.02
50	2.93607e+06		2276.85		1276.34	1546.97
50	447953		9983.96		769.438	1122.24
50	2.93606e+06		2276.85		1290.49	1534.06
50	465780		4614.62		781.574	1099.1
50	2.93579e+06		2276.99		1340.07	1559.28
50	460049		5541.4		783.057	1068.83
50	2.94835e+06		2275.81		1372.97	1570.27
50	460052		5644.31		791.923	1049.12
50	2.60764e+06		2465.32		1420.48	1598.04
50	457977		6245.58		786.178	1017.65
50	2.60773e+06		2465.25		1467.26	1627.07
50	470882		4192.94		803.501	1011.83
50	2.57488e+06		2488.06		1431.14	1574.96
50	473574		3875.88		804.651	992.145
50	2.50723e+06		2531.7		1392.67	1522.12
50	499434		2462.59		806.533	975.277
50	2.48142e+06		2548.52		1372.84	1489.34
50	501526		2445.78		793.353	945.223
50	2.51841e+06		2514.89		1419.32	1524.17
50	493243		2746.93		798.732	935.415
50	2.50876e+06		2515.38		1461.45	1555.82
50	493628		2762.44		789.291	912.306
50	1.30385e+06		5945.79		1443.47	1528.4
50	494731		2754.7		778.088	888.802
50	499140		2588.76		813.696	913.338
50	1.26721e+06		6406.04		1391.8	1468.24
50	1.20423e+06		8138.97		1346.26	1415.05
50	498665		2595.64		816.213	905.891
50	490497		3019.67		845.933	926.643
50	1.19347e+06		8213.74		1335.79	1397.7
50	1.26211e+06		6353.51		1291.42	1347.14
50	484724		3297.12		836.143	908.782
50	1.14582e+06		9647.2		1290.46	1340.61
50	472724		4392.34		844.712	910.087
50	1.1525e+06		8910.7		1290.52	1335.65
50	459404		6979.68		935.823	994.66
50	1.08209e+06		13523.2		1257.4	1298.02
50	457138		7693.08		936.32	989.274
50	459121		7256.15		933.451	981.11
50	1.08077e+06		13543.2		1209	1245.56
50	551895		-1717.09		1243.59	1276.49
50	412001		-5742.96		950.035	992.928
50	408066		-4859.2		992.511	1031.11
50	560206		-1758.98		1250.82	1280.43
50	388816		-2723.62		1045	1079.75
50	549143		-1687.99		1215.5	1242.15
50	550230		-1707.38		1281.24	1305.22
50	391872		-2907.77		1038.44	1069.71
50	372149		-1897.54		1076.16	1104.3
50	542795		-1666.15		1240.01	1261.6
50	541017		-1667.91		1304.78	1324.21
50	375563		-1982.36		1048.27	1073.6
50	373961		-1908.94		1074.44	1097.23
50	526460		-1602.6		1312.27	1329.76
50	528440		-1624.03		1366.93	1382.66
50	361571		-1538.64		1062.58	1083.09
50	529041		-1633.84		1420.48	1434.64
50	363494		-1576.01		1038.33	1056.8
50	354797		-1395.73		1018.31	1034.93
50	529394		-1654.18		1384.28	1397.03
50	370717		-1757.66		983.588	998.543
50	530185		-1663.48		1367.8	1379.27
50	545778		-1857.28		1423.98	1434.31
50	380529		-2088.29		967.746	981.206
50	545124		-1852.01		1464.6	1473.9
50	382405		-2142.54		966.437	978.552
50	398989		-2817.82		949.168	960.071
50	536664		-1767.68		1444.95	1453.31
50	533559		-1731.4		1422.33	1429.85
50	396008		-2484.28		953.198	963.011
50	528090		-1665.36		1401.17	1407.95
50	399811		-2717.06		937.849	946.68
50	528405		-1672.52		1373.28	1379.38
50	407358		-3225.94		931.436	939.384
50	529924		-1682.52		1347.8	1353.29
50	405241		-3065.66		903.581	910.734
50	409591		-3174.79		886.708	893.146
50	525492		-1636.89		1331.96	1336.9
50	529700		-1694.98		1385.51	1389.96
50	410068		-3181.51		886.34	892.134
50	529437		-1695.08		1368.69	1372.69
50	408906		-3047.04		862.196	867.411
50	529331		-1697.83		1350.93	1354.53
50	407033		-3127.03		872.257	876.95
50	408023		-3194.7		869.067	873.291
50	517303		-1570.45		1337.34	1340.58
50	524002		-1642.81		1392.33	1395.24
50	404043		-3044.56		864.307	868.109
50	521618		-1599.04		1373	1375.62
50	403082		-3014.71		855.037	858.459
50	516930		-1540.42		1354.23	1356.6
50	413147		-3698.08		839.13	842.209
50	516808		-1537.43		1340.73	1342.86
50	412714		-3695.06		836.964	839.735
50	516097		-1532.95		1329.59	1331.5
50	411346		-3710.48		830.83	833.324
50	510332		-1473.33		1312.36	1314.08
50	415788		-4120.54		827.928	830.173
50	512864		-1486.2		1291.38	1292.93
50	411431		-3716.79		816.567	818.587
50	511252		-1473.01		1281.03	1282.42
50	416531		-4283.54		822.988	824.806
50	510457		-1450.04		1258.78	1260.04
50	416191		-4174.24		825.607	827.243
50	508043		-1413.2		1248.14	1249.27
50	418685		-4654.95		823.522	824.995
50	508013		-1412.24		1302.67	1303.68
50	418268		-4645.75		822.612	823.938
50	500701		-1370.14		1355.08	1356
50	418328		-4839.67		812.673	813.866
50	493347		-1298.23		1337.04	1337.87
50	402855		-3022.47		800.656	801.729
50	490284		-1277.04		1323.26	1324
50	400546		-2733.24		788.055	789.021
50	490839		-1287.63		1381.53	1382.2
50	399871		-2667.62		773.41	774.279
50	398564		-2644.23		771.672	772.455
50	510352		-1443.97		1429.38	1429.98
50	504274		-1382.83		1397.54	1398.08
50	399886		-2734.62		774.631	775.336
50	497691		-1314.98		1362.8	1363.29
50	393271		-2384.84		778.258	778.892
50	484381		-1230.19		1340.45	1340.89
50	392493		-2372.59		774.077	774.648
50	499456		-1282.82		1310.99	1311.39
50	390493		-2413.08		773.073	773.586
50	500663		-1283.57		1367.84	1368.19
50	417400		-4957.17		763.498	763.96
50	499324		-1268.17		1349.26	1349.57
50	418955		-5054.04		754.881	755.297
50	408109		-3214.64		758.285	758.659
50	486728		-1195.39		1336.86	1337.15
50	489286		-1219.12		1390.62	1390.88
50	409591		-3289.26		780.851	781.188
50	520323		-1373.08		1371.96	1372.19
50	421010		-4608.6		778.593	778.896
50	506178		-1276.76		1352.66	1352.87
50	429463		-6403.75		776.185	776.458
50	506062		-1259.73		1334.09	1334.28
50	425364		-5381.38		774.598	774.844
50	438052		-10408.6		779.75	779.971
50	541995		-1407.27		1320.62	1320.79
50	500202		-1224.48		1384.34	1384.49
50	453944		683273		788.159	788.358
50	1.07288e+06		109335		1431.18	1431.31
50	482776		5826.2		790.396	790.575
50	1.07288e+06		109335		1467.39	1467.51
50	485704		5209.14		796.829	796.99
50	1.02681e+06		-99419.6		1431.6	1431.71
50	494488		4131.1		805.413	805.558
50	1.02539e+06		-105664		1464.63	1464.73
50	494649		3988.28		815.186	815.316
50	512946		2840.41		838.253	838.371
50	943836		-11679.1		1431.32	1431.41
50	510121		2984.92		847.225	847.331
50	995806		-17600.7		1471.2	1471.28
50	1.08483e+06		65999.9		1435.05	1435.12
50	501734		3483.96		832.82	832.915
50	1.08096e+06		-1.0774e+06		1403.52	1403.58
50	525767		2454.88		837.06	837.145
50	510421		2950.4		837.037	837.114
50	1.13026e+06		25177.7		1380.13	1380.19
50	1.13026e+06		25177.7		1366.79	1366.84
50	528089		2406.32		828.577	828.646
50	537231		2234.57		818.978	819.041
50	1.24517e+06		22348.1		1350.59	1350.64
50	1.25042e+06		20931.1		1407.77	1407.82
50	530834		2411.18		813.606	813.662
50	1.12373e+06		23403.2		1460.7	1460.74
50	568245		1751.31		797.251	797.301
50	557274		1886.85		789.859	789.904
50	1.0802e+06		119057		1436.48	1436.52
50	2.01324e+06		2583.67		1489.04	1489.07
50	556908		1904.64		805.797	805.838
50	1.81397e+06		2901.36		1524.68	1524.71
50	559934		1862.72		795.835	795.872
50	2.393e+06		2146.83		1564.82	1564.84
50	584644		1574.71		795.333	795.366
50	1.89828e+06		2683.6		1586.96	1586.98
50	578026		1602.93		791.406	791.435
50	1.63748e+06		3195.32		1617.12	1617.14
50	582343		1541.42		786.744	786.77
50	1.60761e+06		3176.78		1628.23	1628.25
50	622840		1263		795.369	795.393
50	1.72685e+06		2816.15		1622.67	1622.68
50	633514		1192.88		798.374	798.396
50	1.52905e+06		3520.65		1654.77	1654.78
50	635874		1164.83		802.513	802.533
50	1.92578e+06		2443.18		1590.51	1590.52
50	628786		1193.4		828.132	828.149
50	2.10444e+06		2196.34		1518.82	1518.83
50	609185		1272.43		821.101	821.117
50	2.20645e+06		2049.76		1462.59	1462.6
50	607612		1289.12		820.387	820.401
50	2.41415e+06		1894.96		1444.58	1444.59
50	665166		1064.52		881.812	881.825
50	2.46744e+06		1859.95		1437.6	1437.6
50	679987		1017.21		904.072	904.083
50	726820		921.102		986.019	986.03
50	2.34871e+06		1903.23		1371.82	1371.82
50	2.3929e+06		1859.77		1313.9	1313.9
50	636400		1187.25		1077.08	1077.09
50	602077		1385.24		1069.53	1069.54
50	2.34043e+06		1870.31		1263.17	1263.18
50	579157		1588.21		1082.44	1082.45
50	908985		177419		1206.36	1206.36
50	572580		1669.04		1160.44	1160.45
50	908985		177419		1160.7	1160.7
50	557287		1884.68		1134.21	1134.21
50	957023		22864.9		1116.73	1116.73
50	576931		1658.65		1104.76	1104.77
50	330080		-703.475		1072.46	1072.46
50	333406		-715.092		1085.02	1085.02
50	598035		1448.53		1072.49	1072.5
50	333341		-714.198		1085.67	1085.68
50	615857		1339.41		1049.72	1049.73
50	311863		-620.568		1086.72	1086.72
50	588509		1512.9		1025.1	1025.1
50	581837		1581.51		989.231	989.235
50	312239		-624.387		1088.56	1088.56
50	319559		-656.488		1173.17	1173.17
50	575054		1678.17		985.315	985.318
50	323489		-671.408		1238.29	1238.29
50	577054		1667.69		967.174	967.177
50	317465		-654.235		1299.24	1299.24
50	599795		1488.1		939.959	939.962
50	597874		1513.99		930.674	930.677
50	317971		-654.467		1354.15	1354.15
50	319629		-659.968		1328.58	1328.58
50	583363		1638.22		919.093	919.095
50	341218		-737.833		1312.08	1312.09
50	591500		1556.73		901.453	901.456
50	835744		-12992.7		1293.45	1293.45
50	592215		1560.94		881.321	881.323
50	863082		-26597.7		1349.55	1349.55
50	571466		1716.48		881.487	881.488
50	854559		-26330.6		1394.41	1394.41
50	562062		1807.48		868.655	868.656
50	923244		28972.1		1411.42	1411.42
50	557074		1862.06		877.036	877.038
50	1.70221e+06		2293.72		1370.81	1370.82
50	573866		1678.49		852.207	852.208
50	910245		70511.3		1355.38	1355.38
50	576273		1637.25		841.659	841.66
50	905329		-998723		1331.53	1331.53
50	591528		1500.2		825.129	825.13
50	893383		-42076.3		1327.47	1327.47
50	596136		1467.29		831.987	831.988
50	893383		-42076.3		1315.16	1315.16
50	596140		1460.03		822.505	822.506
50	893383		-42076.3		1304.2	1304.2
50	615794		1349.92		815.513	815.514
50	366916		-823.041		1286.21	1286.21
50	620716		1343.41		799.439	799.44
50	624057		1320.81		788.886	788.887
50	335613		-706.2		1268.42	1268.42
50	333516		-699.632		1263.46	1263.46
50	633236		1254.64		784.379	784.38
50	333516		-699.632		1253.33	1253.33
50	646210		1204.24		767.055	767.055
50	635985		1257.74		767.564	767.565
50	1.02032e+06		12793.1		1255.56	1255.56
50	900879		-56073.6		1315.58	1315.58
50	619649		1329.46		767.658	767.658
50	900879		-56073.6		1284.98	1284.98
50	603008		1405.05		763.957	763.958
50	958068		38095.8		1276.57	1276.57
50	593512		1451.63		760.202	760.203
50	938538		-298988		1266.33	1266.33
50	579244		1561.76		753.266	753.267
50	2.09823e+06		2220.96		1256.44	1256.44
50	597164		1438.89		737.485	737.485
50	1.83014e+06		2586		1248.04	1248.04
50	602712		1397.92		735.144	735.145
50	827615		-7539.61		1316.8	1316.8
50	603075		1393.72		744.138	744.138
50	555943		1825.95		738.42	738.42
50	778999		-4888.57		1375.68	1375.68
50	323873		-654.32		1324.03	1324.03
50	560143		1840.53		736.706	736.707
50	576921		1713.37		784.66	784.661
50	323873		-654.32		1314.4	1314.4
50	2.2282e+06		2283.15		1361.01	1361.01
50	553907		2053.69		781.051	781.051
50	2.2282e+06		2283.15		1418.87	1418.87
50	537551		2479.25		802.698	802.698
50	335394		-698.442		1394.76	1394.76
50	544405		2345.38		797.541	797.542
50	2.50569e+06		2093.98		1362.06	1362.06
50	518360		3232.84		780.1	780.1
50	2.09231e+06		2465.63		1350.99	1350.99
50	526959		2937.66		787.579	787.579
50	2.07931e+06		2506.33		1336.21	1336.21
50	527010		2946.61		788.419	788.419
50	514050		3481.33		784.424	784.424
50	2.08169e+06		2545.18		1316.93	1316.93
50	1.79305e+06		3150.81		1312.67	1312.67
50	512977		3618.75		783.159	783.159
50	1.79305e+06		3150.81		1301.72	1301.72
50	511568		3761.97		774.387	774.387
50	1.74686e+06		3381.12		1295.83	1295.83
50	531984		2799.95		766.285	766.285
50	1.72318e+06		3534.03		1289.58	1289.58
50	534190		2741.69		763.641	763.641
50	533638		2699.17		773.962	773.962
50	1.75394e+06		3468.38		1280.07	1280.07
50	1.99111e+06		3095.75		1271.13	1271.13
50	543426		2366.05		781.812	781.813
50	1.9829e+06		3105.76		1323.72	1323.72
50	544840		2287.67		800.002	800.002
50	1.9829e+06		3105.76		1299.03	1299.03
50	542501		2342.36		795.812	795.812
50	533095		2655.36		790.525	790.526
50	2.0665e+06		2975.1		1295.67	1295.67
50	2.09638e+06		2920.53		1279.88	1279.88
50	535210		2612.34		802.139	802.139
50	2.06536e+06		2969.64		1253.41	1253.41
50	536918		2575.57		812.125	812.125
50	2.06147e+06		2969.88		1236.95	1236.95
50	542490		2400.75		820.858	820.859
50	2.11317e+06		2907.06		1211.13	1211.13
50	545932		2315.96		824.372	824.372
50	2.20497e+06		2770.96		1274.85	1274.85
50	555119		2118.21		836.219	836.219
50	2.16354e+06		2821.59		1324.22	1324.22
50	531912		2576.88		815.945	815.945
50	533501		2532.85		807.734	807.734
50	2.21054e+06		2773.87		1321.43	1321.43
50	1.82066e+06		3273.29		1282.72	1282.72
50	522044		2924.9		803.604	803.604
50	534704		2532.38		826	826
50	1.84781e+06		3218.02		1280.39	1280.39
50	1.7995e+06		3258.21		1273.93	1273.93
50	553957		2072.85		840.966	840.966
50	565186		1936.82		923.047	923.047
50	1.7995e+06		3258.21		1262.45	1262.45
50	556205		2102.38		973.646	973.646
50	2.18845e+06		2921.97		1231.3	1231.3
50	551037		2220.54		972.963	972.963
50	2.2621e+06		2798.34		1182.46	1182.46
50	540930		2434.85		979.904	979.904
50	2.24183e+06		2764.1		1159.5	1159.5
50	519882		3147.23		1068.66	1068.66
50	2.05073e+06		2853.31		1136.08	1136.08
50	520567		3139.93		1074.57	1074.57
50	1.9096e+06		2996.09		1099.98	1099.98
50	502905		4329.7		1152.42	1152.42
50	1.92556e+06		2922.11		1091.81	1091.81
50	506622		4160.56		1124.12	1124.12
50	407770		-885.099		1079.93	1079.93
50	411252		-901.53		1110.95	1110.95
50	504464		4381.96		1105.73	1105.73
50	403472		-874.167		1132.98	1132.98
50	506975		4224.3		1116.09	1116.09
50	401054		-862.183		1208.25	1208.25
50	504772		4610.91		1086.73	1086.73
50	400111		-867.195		1273.35	1273.35
50	505775		4687.13		1062.52	1062.52
50	404749		-889.478		1331.97	1331.97
50	492688		6323.83		1038.91	1038.91
50	491445		6404.4		1013.59	1013.59
50	398305		-866.11		1384.61	1384.61
50	399109		-864.551		1357.84	1357.84
50	485175		8660.12		1024.1	1024.1
50	392782		-841.069		1323.47	1323.47
50	486031		8039.66		1010.28	1010.28
50	392938		-840.496		1309.06	1309.06
50	486989		7828.24		984.123	984.123
50	481334		9431.13		966.282	966.282
50	393140		-840.136		1305.79	1305.79
50	476571		12251.4		936.93	936.93
50	394820		-847.723		1288.31	1288.31
50	394820		-847.723		1349.76	1349.76
50	481232		9249.73		931.257	931.257
50	394820		-847.723		1385.03	1385.03
50	474497		14137.6		927.262	927.262
50	374286		-801.581		1361.76	1361.76
50	486888		7960.57		930.899	930.899
50	394267		-847.645		1339.5	1339.5
50	489159		6741.88		907.561	907.561
50	394650		-847.644		1318.32	1318.32
50	482137		7057.11		898.263	898.263
50	477546		8129.79		906.573	906.573
50	384574		-808.328		1304.01	1304.01
50	372697		-752.67		1285.1	1285.1
50	480137		6766.56		894.734	894.734
50	475706		8433.88		872.402	872.402
50	373128		-748.715		1275.54	1275.54
50	470548		10692.7		869.863	869.863
50	377040		-773.069		1274.34	1274.34
50	372811		-752.507		1261.88	1261.88
50	468746		11126.5		895.807	895.807
50	377819		-767.82		1240.64	1240.64
50	469824		10395.9		879.745	879.745
50	376993		-765.306		1235.42	1235.42
50	468433		11908		877.315	877.315
50	372881		-746.674		1224.9	1224.9
50	471246		9366.96		871.03	871.03
50	468944		10128.2		856.02	856.02
50	372581		-745.636		1223.68	1223.68
50	379186		-774.584		1295.63	1295.63
50	470902		9245.89		858.774	858.774
50	387945		-816.558		1357.53	1357.53
50	474208		7346.28		860.568	860.568
50	388246		-818.002		1334	1334
50	472551		7982.13		852.667	852.667
50	394648		-838.518		1304.53	1304.53
50	473483		8282.56		834.614	834.614
50	475759		8304.58		826.286	826.286
50	395601		-840.835		1295.4	1295.4
50	385400		-805.654		1354.42	1354.42
50	489244		6055.43		821.089	821.089
50	383360		-797.427		1332.79	1332.79
50	489123		5962.26		851.255	851.255
50	484277		7517.94		822.229	822.229
50	373933		-763.437		1346.5	1346.5
50	477896		12947.5		803.161	803.161
50	350309		-693.115		1287.24	1287.24
50	346539		-693.259		1242.17	1242.17
50	482355		9721.97		838.486	838.486
50	314519		-597.293		1182.2	1182.2
50	451268		-9765.01		864.553	864.553
50	313494		-591.393		1140.2	1140.2
50	422297		-3206.23		897.234	897.234
50	410817		-2451.79		929.492	929.492
50	312460		-591.969		1106.54	1106.54
50	307052		-577.478		1063.18	1063.18
50	400172		-1989		957.331	957.331
50	376199		-1388.12		974.136	974.136
50	300748		-567.934		1032.21	1032.21
50	350767		-1055.77		996.274	996.274
50	299045		-569.843		997.135	997.135
50	294891		-548.645		976.449	976.449
50	325936		-806.474		1025.43	1025.43
50	287753		-532.697		964.667	964.667
50	319558		-763.48		1100.41	1100.41
50	285093		-522.846		943.443	943.443
50	314648		-726.966		1108.44	1108.44
50	285600		-523.682		946.083	946.083
50	310819		-705.716		1119.15	1119.15
50	286033		-512.898		924.043	924.043
50	308828		-693.139		1182.67	1182.67
50	282673		-502.598		912.058	912.058
50	310044		-701.109		1254.29	1254.29
50	306553		-680.576		1248	1248
50	280771		-504.861		897.724	897.724
50	284195		-515.864		874.459	874.459
50	312084		-717.575		1278.55	1278.55
50	314918		-734.223		1301.56	1301.56
50	281937		-506.49		903.034	903.034
50	281199		-507.657		896.336	896.336
50	331170		-875.464		1252.67	1252.67
50	288489		-532.2		874.109	874.109
50	331758		-900.718		1216.88	1216.88
50	329222		-891.664		1214.22	1214.22
50	286393		-532.714		867.213	867.213
50	286250		-530.08		873.857	873.857
50	332926		-951.673		1182.41	1182.41
50	333305		-951.317		1126.95	1126.95
50	284838		-535.204		865.853	865.853
50	335093		-959.805		1078.5	1078.5
50	284553		-534.691		874.967	874.967
50	330238		-915.135		1052.52	1052.52
50	288425		-555.693		877.84	877.84
50	327978		-894.217		1005.88	1005.88
50	293323		-586.441		860.997	860.997
50	300367		-628.798		888.295	888.295
50	323759		-861.705		968.097	968.097
50	310668		-680.116		848.13	848.13
50	321732		-826.917		975.06	975.06
50	316342		-786.116		991.498	991.498
50	315691		-723.969		839.595	839.595
50	322942		-757.287		836.157	836.157
50	308842		-718.81		1000.4	1000.4
50	308870		-710.775		1018.85	1018.85
50	324577		-766.902		816.494	816.494
50	304902		-674.236		1042.39	1042.39
50	325830		-780.131		815.865	815.865
50	326679		-791.82		816.334	816.334
50	309649		-702.71		1123.6	1123.6
50	308708		-690.918		1119.55	1119.55
50	333860		-839.473		813.796	813.796
50	337183		-867.245		799.93	799.93
50	312963		-714.121		1134.21	1134.21
50	314218		-707.457		1138.1	1138.1
50	339072		-895.088		814.727	814.727
50	342088		-930.455		797.566	797.566
50	310753		-689.807		1131.25	1131.25
50	312828		-693.183		1124.4	1124.4
50	346664		-982.766		788.679	788.679
50	351961		-1043.1		775.673	775.673
50	311956		-674.892		1115.08	1115.08
50	360035		-1129.84		759.223	759.223
50	309499		-663.268		1116.34	1116.34
50	307647		-643.605		1194.96	1194.96
50	371300		-1284.77		759.124	759.124
50	304471		-627.706		1215.92	1215.92
50	378368		-1415.69		796.633	796.633
50	388174		-1637.98		798.153	798.153
50	299920		-608.092		1220.25	1220.25
50	293944		-589.227		1215.25	1215.25
50	399120		-1984.83		795.57	795.57
50	414795		-2577.82		774.849	774.849
50	295915		-580.973		1194.67	1194.67
50	428321		-3624.83		775.613	775.613
50	314016		-646.038		1206.46	1206.46
50	308058		-623.705		1192.14	1192.14
50	432320		-4099.73		773.301	773.301
50	458909		-23212.3		775.421	775.421
50	316329		-645.063		1186.25	1186.25
50	464540		-142828		777.513	777.513
50	293455		-569.712		1192.46	1192.46
50	470085		28801.4		774.169	774.169
50	313100		-634.857		1195.33	1195.33
50	329371		-683.515		1187.14	1187.14
50	471103		22716.2		766.321	766.321
50	475278		13038.1		749.868	749.868
50	336705		-706.349		1173.02	1173.02
50	480115		9410.1		755.785	755.785
50	2.27758e+06		2552.82		1178.8	1178.8
50	483269		8898.48		751.833	751.833
50	2.27758e+06		2552.82		1179.13	1179.13
50	2.28833e+06		2548.23		1175.07	1175.07
50	485831		8509.28		747.096	747.096
50	483141		10677.1		745.018	745.018
50	2.42671e+06		2431.97		1180.99	1180.99
50	2.81542e+06		2221.08		1246.8	1246.8
50	497466		5910.05		762.589	762.589
50	2.56972e+06		2332.81		1225.46	1225.46
50	496326		6102.55		760.736	760.736
50	2.53344e+06		2337.33		1211.71	1211.71
50	499031		5322.33		763.897	763.897
50	2.44325e+06		2399.69		1194.79	1194.79
50	499509		5282.28		759.345	759.345
50	2.22154e+06		2563.66		1172.88	1172.88
50	503153		4853.76		790.372	790.372
50	2.4019e+06		2440.45		1168.49	1168.49
50	503504		5060.21		784.928	784.928
50	510169		4319.46		794.591	794.591
50	2.34942e+06		2470.66		1233.51	1233.51
50	2.59973e+06		2310.45		1228.49	1228.49
50	517715		3829.95		843.778	843.778
50	522309		3611.84		869.141	869.141
50	2.45654e+06		2446.81		1199.38	1199.38
50	2.22054e+06		2638.14		1222.29	1222.29
50	523175		3544.64		918.463	918.463
50	1.92523e+06		3028.4		1268.74	1268.74
50	528571		3195.21		907.093	907.093
50	1.78925e+06		3347.94		1244.12	1244.12
50	527304		3257.1		901.608	901.608
50	539131		2696.94		900.716	900.716
50	1.83634e+06		3245.01		1234	1234
50	1.95737e+06		3019.74		1210.14	1210.14
50	544456		2555.92		901.545	901.545
50	2.06886e+06		2848.16		1270.31	1270.31
50	549698		2414.41		884.856	884.856
50	2.0686e+06		2848.46		1309.17	1309.17
50	547586		2422.89		871.823	871.823
50	543999		2569.69		916.588	916.588
50	2.06866e+06		2848.36		1323.72	1323.72
50	1.9071e+06		3129.03		1359.23	1359.23
50	555944		2257.5		909.446	909.446
50	549940		2401.59		911.347	911.347
50	1.91042e+06		3121.92		1346.95	1346.95
50	546571		2519.96		922.982	922.982
50	1.90827e+06		3126.49		1296.63	1296.63
50	547022		2557.95		956.494	956.494
50	1.90968e+06		3123.46		1245.47	1245.47
50	549257		2524.09		968.835	968.835
50	1.91791e+06		3107.7		1209.1	1209.1
50	554695		2400.62		1061.54	1061.54
50	1.75857e+06		3430.83		1152.92	1152.92
50	542558		2692.4		1029.36	1029.36
50	707644		-3255.12		1107.2	1107.2
50	1.80782e+06		3273.96		1106.34	1106.34
50	541203		2719.34		1019.43	1019.43
50	1.66809e+06		3558.21		1178.91	1178.91
50	536316		2919.53		1002.35	1002.35
50	1.66809e+06		3558.21		1241.89	1241.89
50	542649		2695.09		970.424	970.424
50	635039		-2398.12		1193.19	1193.19
50	546012		2601.7		961.338	961.338
50	544581		2618.82		1052.07	1052.07
50	557823		-1743.23		1206.16	1206.16
50	560997		-1775.85		1269.48	1269.48
50	528978		3488.79		1031.9	1031.9
50	540007		3053		1022.46	1022.46
50	551405		-1724.41		1215.74	1215.74
50	518305		-1528.45		1191.86	1191.86
50	536921		3170.43		1018.82	1018.82
50	512474		6142.74		1040.06	1040.06
50	572467		-2010.96		1180.81	1180.81
50	491960		12195.2		1080.27	1080.27
50	435791		-1311.84		1183.53	1183.53
50	465170		-10409.6		1150.41	1150.41
50	401201		-1083.85		1151.77	1151.77
50	449480		-4782.25		1143.69	1143.69
50	383478		-1019.59		1122.59	1122.59
50	445530		-4122.38		1207.39	1207.39
50	366364		-943.203		1086.45	1086.45
50	374308		-993.575		1052.24	1052.24
50	435390		-3122.28		1276.38	1276.38
50	418422		-2337.67		1335.87	1335.87
50	379001		-1072.8		1043.41	1043.41
50	387459		-1140.85		1002.83	1002.83
50	417843		-2256.72		1378.6	1378.6
50	413938		-2096.14		1424.22	1424.22
50	393506		-1207.43		974.305	974.305
50	412981		-2029.49		1467.89	1467.89
50	404391		-1398.72		962.392	962.392
50	411123		-1953.62		1502.33	1502.33
50	423250		-1679.87		932.483	932.483
50	404364		-1763.1		1539.51	1539.51
50	441787		-2142.57		932.16	932.16
50	434413		-2061.17		910.145	910.145
50	397636		-1577.24		1500.09	1500.09
50	376766		-1262.72		1468.33	1468.33
50	430860		-2060.3		901.516	901.516
50	369030		-1155.51		1449.74	1449.74
50	444410		-2525.57		878.646	878.646
50	363231		-1089.71		1501	1501
50	451462		-2911.41		860.061	860.061
50	353490		-993.892		1473.23	1473.23
50	446508		-2874.37		850.62	850.62
50	348268		-943.972		1436.96	1436.96
50	455142		-3540.72		832.788	832.788
50	463304		-4457.97		829.479	829.479
50	332216		-810.342		1411.6	1411.6
50	338936		-845.306		1366.25	1366.25
50	460526		-4620.22		824.999	824.999
50	458893		-4795.4		813.389	813.389
50	341744		-841.091		1339.99	1339.99
50	337980		-808.277		1328.76	1328.76
50	459984		-5377.96		809.675	809.675
50	343072		-827.75		1315.02	1315.02
50	460048		-5845.78		808.602	808.602
50	450762		-4879.97		813.717	813.717
50	341486		-801.712		1300.45	1300.45
50	343254		-781.996		1280.1	1280.1
50	461148		-7138.65		799.989	799.989
50	462572		-8578.15		803.566	803.566
50	328061		-722.906		1284.3	1284.3
50	314039		-656.637		1268.17	1268.17
50	454783		-7569.39		804.893	804.893
50	448404		-6337.07		810.641	810.641
50	309168		-630.33		1254.23	1254.23
50	441482		-5291.09		809.253	809.253
50	321825		-665.902		1252.4	1252.4
50	332566		-691.332		1239	1239
50	433948		-4463.57		797.539	797.539
50	445219		-7122.07		797.181	797.181
50	345851		-732.634		1235.46	1235.46
50	491547		-1361.61		1287.54	1287.54
50	432018		-4839.91		788.197	788.197
50	459352		-20297.1		786.474	786.474
50	540385		-1666.66		1349.19	1349.19
50	465414		-49331		795.183	795.183
50	610633		-2238.19		1334.26	1334.26
50	615680		-2452.52		1399.49	1399.49
50	485827		8479.18		805.193	805.193
50	362972		-806.049		1355.64	1355.64
50	479428		11491.8		806.087	806.087
50	467441		33517.1		799.27	799.27
50	353691		-770.841		1292.1	1292.1
50	338262		-724.488		1257.43	1257.43
50	453244		-30729.1		795.352	795.352
50	439501		-6989.1		804.226	804.226
50	340500		-734.657		1231.5	1231.5
50	437587		-5946.14		807.27	807.27
50	322344		-681.179		1207.94	1207.94
50	314919		-654.119		1150.99	1150.99
50	435531		-5436.99		836.102	836.102
50	442142		-8575.59		832.813	832.813
50	320798		-681.587		1219.72	1219.72
50	339180		-739.223		1213.07	1213.07
50	447061		-15203.5		830.005	830.005
50	362286		-822.172		1195.84	1195.84
50	452292		-91728.6		829.274	829.274
50	467906		9999.05		840.105	840.105
50	396480		-946.354		1255	1255
50	734216		-4890.04		1265.47	1265.47
50	469701		8711.95		896.811	896.811
50	704048		-4125.48		1235.77	1235.77
50	470668		7862.52		940.158	940.158
50	797418		-8789.94		1203.68	1203.68
50	477524		6275.36		927.034	927.034
50	472660		8461.74		948.617	948.617
50	947402		18980.7		1196.32	1196.32
50	929330		28716.9		1225.74	1225.74
50	475976		7323.93		961.564	961.564
50	483189		5979.29		941.568	941.568
50	1.00376e+06		11833.5		1209.79	1209.79
50	509686		3290.74		917.602	917.602
50	994997		12873		1276.53	1276.53
50	1.01872e+06		11028.1		1276.21	1276.21
50	512454		3128.62		898.927	898.927
50	1.04545e+06		9001.84		1254.16	1254.16
50	513334		3090.25		894.354	894.354
50	1.08914e+06		7225.4		1244.67	1244.67
50	518748		2909.81		897.563	897.563
50	1.13892e+06		5947.85		1226.18	1226.18
50	509771		3191.4		896.997	896.997
50	1.15607e+06		5767.18		1206.06	1206.06
50	516517		2860.33		874.126	874.126
50	1.26365e+06		4223.97		1270.48	1270.48
50	503303		3480.55		863.493	863.493
50	1.31614e+06		3794.79		1326.75	1326.75
50	497001		3727.45		861.53	861.53
50	1.28604e+06		3947.33		1373.48	1373.48
50	486705		4929.71		863.052	863.052
50	1.33931e+06		3565.76		1413.2	1413.2
50	465339		11155.6		855.266	855.266
50	1.37337e+06		3471.08		1455.03	1455.03
50	460345		17641.2		849.751	849.751
50	467205		11006		821.344	821.344
50	1.30633e+06		3787.67		1494.89	1494.89
50	1.23729e+06		4244.53		1443.96	1443.96
50	489675		4488.63		846.769	846.769
50	487277		4723.82		844.862	844.862
50	1.28759e+06		3640.32		1488.62	1488.62
50	1.27567e+06		3714.33		1486.83	1486.83
50	483039		5174.44		915.584	915.584
50	1.39846e+06		2937.57		1466.91	1466.91
50	484109		5037.81		907.525	907.525
50	494028		4179.31		979.853	979.853
50	1.0051e+06		7047.92		1418.44	1418.44
50	1.12252e+06		4198		1368.93	1368.93
50	481657		5911.89		980.865	980.865
50	482795		5830.99		951.764	951.764
50	1.02493e+06		5371.48		1417.94	1417.94
50	957116		7601.97		1368.54	1368.54
50	503118		3729.73		943.981	943.981
50	503524		3733.09		938.356	938.356
50	631478		-3941.28		1323.76	1323.76
50	626135		-3906.17		1289.53	1289.53
50	509540		3640.64		971.18	971.18
50	507072		4097.5		940.881	940.881
50	588477		-3612.82		1247.09	1247.09
50	587547		-3640.04		1222.23	1222.23
50	508025		3956.5		937.701	937.701
50	605987		-4356.02		1219.56	1219.56
50	516861		3476.7		906.601	906.601
50	602312		-4261.44		1285.72	1285.72
50	519924		3522.65		893.787	893.787
50	605818		-4449.91		1275.67	1275.67
50	526388		3203.5		875.449	875.449
50	624878		-5473.81		1273.91	1273.91
50	529153		3147.05		866.152	866.152
50	535065		2903.18		868.875	868.875
50	651286		-7628.52		1337.49	1337.49
50	651286		-7628.52		1339.36	1339.36
50	543113		2675.97		880.46	880.46
50	654356		-8272.19		1399.45	1399.45
50	560332		2329.99		867.996	867.996
50	618129		-4915.83		1378.59	1378.59
50	544296		2749.73		861.249	861.249
50	617335		-4813.88		1357.23	1357.23
50	540299		2870.8		842.74	842.74
50	536800		3070.79		836.176	836.176
50	591386		-3605.54		1336.16	1336.16
50	558780		-2577.45		1322.15	1322.15
50	541171		2943.2		834.68	834.68
50	561308		2485.14		813.859	813.859
50	565054		-2454.6		1307.66	1307.66
50	564430		2517.51		823.834	823.834
50	565054		-2454.6		1374.74	1374.74
50	565054		-2454.6		1419.83	1419.83
50	561156		2470.04		821.676	821.676
50	1.14753e+06		3807.9		1453.71	1453.71
50	561438		2424.83		825.208	825.208
50	1.07307e+06		4942.78		1495.87	1495.87
50	574462		2101.6		835.992	835.992
50	952693		11680.1		1464.22	1464.22
50	580147		2041.42		832.066	832.066
50	879606		71506.2		1503.93	1503.93
50	573560		2183.22		841.376	841.376
50	871804		150830		1458.29	1458.29
50	583063		2044.53		862.646	862.646
50	890711		49610.8		1421.52	1421.52
50	593698		1913.7		866.009	866.009
50	1.10768e+06		5033.12		1383.94	1383.94
50	579660		2086.19		853.606	853.606
50	1.37595e+06		3169.91		1355.85	1355.85
50	591760		1877.45		855.625	855.625
50	1.28667e+06		3679.97		1322.4	1322.4
50	583738		1934.42		868.154	868.154
50	846660		-11734.7		1295.66	1295.66
50	589510		1819.47		869.399	869.399
50	861543		-13621.2		1269.61	1269.61
50	585865		1812.32		895.232	895.232
50	786586		-6156.19		1255.89	1255.89
50	578356		1888.41		894.925	894.925
50	802719		-6686.63		1228.13	1228.13
50	564234		2056.39		882.894	882.894
50	815874		-7610.03		1216.22	1216.22
50	559588		2128.14		894.642	894.642
50	950557		56916.4		1206.64	1206.64
50	559641		2127.84		890.043	890.043
50	563817		2045.08		875.762	875.762
50	986902		18234.3		1276.92	1276.92
50	824648		-9636.54		1212.18	1212.18
50	568742		1997.44		851.622	851.622
50	825966		-10182.5		1155.29	1155.29
50	566018		2074.31		883.222	883.222
50	565431		2077.84		970.871	970.871
50	770790		-5528.02		1160.98	1160.98
50	797288		-7030.34		1127.91	1127.91
50	570387		2004.18		1022.33	1022.33
50	569026		2016.83		1095.86	1095.86
50	808853		-7558.56		1089.19	1089.19
50	550635		2388.27		1097.92	1097.92
50	808853		-7558.56		1078.46	1078.46
50	535877		2792.75		1095.92	1095.92
50	276798		-497.803		1080.64	1080.64
50	511936		4261.36		1098.13	1098.13
50	264954		-466.382		1067.57	1067.57
50	443064		-6269.88		1100.48	1100.48
50	258871		-453.593		1052.66	1052.66
50	418787		-3192.07		1095.77	1095.77
50	248514		-421.464		1034.71	1034.71
50	405512		-2511.07		1089.25	1089.25
50	242880		-407.256		1025.61	1025.61
50	395555		-2133.2		1085.6	1085.6
50	235010		-388.36		1017.55	1017.55
50	376619		-1597.49		1074.27	1074.27
50	233114		-385.372		1000.54	1000.54
50	230115		-378.45		1000.86	1000.86
50	350665		-1133.16		1070.96	1070.96
50	338601		-994.135		1132.1	1132.1
50	228734		-376.474		988.739	988.739
50	232356		-385.718		958.123	958.123
50	299807		-669.593		1135.91	1135.91
50	293322		-630.683		1130.54	1130.54
50	231281		-385.258		938.619	938.619
50	230333		-383.203		909.732	909.732
50	286328		-597.107		1189.9	1189.9
50	292601		-632.053		1160.08	1160.08
50	229600		-382.947		893.607	893.607
50	291932		-620.883		1135.45	1135.45
50	229729		-384.19		902.153	902.153
50	231380		-389.827		934.997	934.997
50	282125		-576.529		1102.6	1102.6
50	231798		-390.582		938.152	938.152
50	295269		-642.712		1071.6	1071.6
50	239753		-414.267		910.822	910.822
50	301025		-683.747		1066.18	1066.18
50	302498		-688.894		1050.34	1050.34
50	243657		-424.999		902.881	902.881
50	252026		-449.797		892.509	892.509
50	296057		-652.991		1125.71	1125.71
50	314719		-765.8		1128.91	1128.91
50	252811		-451.892		958.943	958.943
50	256373		-466.078		952.37	952.37
50	301133		-684.99		1147.63	1147.63
50	261428		-482.586		944.817	944.817
50	305619		-710.624		1127.21	1127.21
50	317591		-750.507		905.271	905.271
50	293334		-638.83		1126.14	1126.14
50	283478		-593.192		1138.32	1138.32
50	326366		-825.768		932.288	932.288
50	275048		-554.918		1130.76	1130.76
50	328726		-858.186		924.405	924.405
50	340143		-951.396		903.98	903.98
50	267853		-529.376		1136.96	1136.96
50	257957		-491.302		1138.5	1138.5
50	348431		-1026.02		887.864	887.864
50	353154		-1075.18		870.826	870.826
50	259303		-495.761		1186.43	1186.43
50	351015		-1065.79		881.195	881.195
50	284675		-605.781		1162.49	1162.49
50	293767		-645.996		1129.09	1129.09
50	361130		-1179.06		873.278	873.278
50	365294		-1255.43		919.307	919.307
50	301814		-687.173		1092.06	1092.06
50	300252		-679.648		1069.2	1069.2
50	364291		-1243.05		936.472	936.472
50	370168		-1360.91		931.704	931.704
50	305714		-701.175		1150.5	1150.5
50	314944		-741.759		1140.24	1140.24
50	382121		-1567.35		918.032	918.032
50	382296		-1622.07		906.817	906.817
50	318448		-753.417		1153.39	1153.39
50	388685		-1804.09		922.812	922.812
50	321199		-761.566		1123.96	1123.96
50	316332		-733.37		1070.17	1070.17
50	377778		-1552.72		958.516	958.516
50	312351		-710.433		1046.86	1046.86
50	372786		-1452.54		984.321	984.321
50	369398		-1392.61		1005.54	1005.54
50	317231		-746.824		1038.57	1038.57
50	319909		-749.631		1012.43	1012.43
50	369261		-1385.1		1017.91	1017.91
50	365626		-1327.45		1034.63	1034.63
50	318821		-769.144		1018.78	1018.78
50	366401		-1336.26		1041.74	1041.74
50	318260		-760.581		987.555	987.555
50	361308		-1259.33		1053.28	1053.28
50	315607		-749.448		980.166	980.166
50	361361		-1258.31		1128.23	1128.23
50	321717		-758.833		950.197	950.197
50	353734		-1154.76		1137.89	1137.89
50	321206		-780.553		951.036	951.036
50	349491		-1084.31		1133.24	1133.24
50	326621		-812.429		922.981	922.981
50	327465		-815.799		901.9	901.9
50	342959		-1009.08		1139.82	1139.82
50	339806		-976.817		1155.7	1155.7
50	328986		-801.788		881.611	881.611
50	339197		-961.496		1223.81	1223.81
50	323839		-776.086		889.085	889.085
50	327064		-798.191		891.003	891.003
50	336056		-925.294		1295.46	1295.46
50	333656		-896.64		1359.35	1359.35
50	331786		-829.663		880.709	880.709
50	331364		-836.916		869.624	869.624
50	333252		-884.4		1353.51	1353.51
50	332926		-869.907		1330.62	1330.62
50	333099		-853.609		849.615	849.615
50	334211		-872.684		839.136	839.136
50	332113		-854.477		1324.96	1324.96
50	331682		-838.179		1331.38	1331.38
50	336188		-891.264		831.9	831.9
50	335373		-894.406		818.976	818.976
50	329813		-811.646		1334.26	1334.26
50	330428		-808.015		1317.86	1317.86
50	329920		-857.708		818.145	818.145
50	327322		-842.104		819.469	819.469
50	330560		-797.177		1315.76	1315.76
50	330822		-781.792		1290.33	1290.33
50	328569		-849.121		809.483	809.483
50	331807		-783.676		1281.32	1281.32
50	332376		-890.088		798.908	798.908
50	336822		-947.063		799.768	799.768
50	331258		-770.986		1277.94	1277.94
50	325525		-741.737		1253.79	1253.79
50	349292		-1093.88		784.095	784.095
50	325220		-723.416		1253.8	1253.8
50	341437		-1011.41		789.113	789.113
50	344190		-1048.7		810.991	810.991
50	324941		-721.772		1228.55	1228.55
50	316667		-687.323		1198.66	1198.66
50	343254		-1024.82		819.22	819.22
50	341364		-1005.41		812.107	812.107
50	312014		-659.578		1171.07	1171.07
50	327573		-851.089		825.73	825.73
50	310862		-655.323		1114.74	1114.74
50	325162		-834.654		816.131	816.131
50	309264		-649.375		1090.47	1090.47
50	307753		-644.06		1069.76	1069.76
50	340743		-1005.26		841.325	841.325
50	335695		-950.33		814.335	814.335
50	308729		-653.63		1103.4	1103.4
50	315365		-670.078		1073.37	1073.37
50	343285		-1047.41		855.784	855.784
50	326234		-704.458		1049.19	1049.19
50	344391		-1062.18		892.057	892.057
50	347567		-1111.63		940.354	940.354
50	323346		-687.917		1031.46	1031.46
50	335560		-723.526		1004.69	1004.69
50	348086		-1112.56		967.37	967.37
50	349702		-1141.42		1024.16	1024.16
50	347550		-776.167		1044.52	1044.52
50	347260		-785.125		1040.07	1040.07
50	362739		-1363.45		1028.6	1028.6
50	341757		-767.494		1014.34	1014.34
50	351596		-1164.73		1039.45	1039.45
50	359873		-1300.9		1037.03	1037.03
50	338417		-754.679		997.016	997.016
50	342909		-782.788		975.149	975.149
50	337520		-960.862		1058.02	1058.02
50	326183		-717.761		964.11	964.11
50	331489		-889.087		1126.35	1126.35
50	333657		-904.783		1144.19	1144.19
50	360316		-856.304		1008.78	1008.78
50	359980		-846.064		1064.76	1064.76
50	337823		-950.605		1145.93	1145.93
50	377197		-918.392		1148.33	1148.33
50	347231		-1082.76		1113.22	1113.22
50	385063		-956.289		1150.71	1150.71
50	344107		-1048.85		1072.01	1072.01
50	413986		-1085.46		1156.87	1156.87
50	361561		-1345.55		1032.72	1032.72
50	358038		-1263.94		1002.23	1002.23
50	466288		-1354.86		1163.79	1163.79
50	457765		-1279.69		1204.41	1204.41
50	361403		-1284.77		965.417	965.417
50	358195		-1202.33		1044.1	1044.1
50	457443		-1299.1		1173.89	1173.89
50	353995		-1130.16		1028.84	1028.84
50	425438		-1139.94		1141.33	1141.33
50	352994		-1101.61		1046.15	1046.15
50	438272		-1230.32		1106.2	1106.2
50	348591		-1039.75		1064.18	1064.18
50	446204		-1347.8		1089.19	1089.19
50	456733		-1440.27		1058.77	1058.77
50	350934		-1043.51		1072.73	1072.73
50	458656		-1467.95		1047.87	1047.87
50	353872		-1064.99		1092.71	1092.71
50	352914		-1066.2		1055.4	1055.4
50	457036		-1445.02		1031.59	1031.59
50	461647		-1494.42		1014.16	1014.16
50	345911		-988.518		1037.9	1037.9
50	342569		-972.1		1005.84	1005.84
50	456753		-1448.09		1030.01	1030.01
50	345685		-993.419		982.837	982.837
50	457376		-1449.64		1082.8	1082.8
50	459131		-1461.69		1083.06	1083.06
50	342716		-983.867		979.033	979.033
50	343871		-990.175		941.629	941.629
50	461475		-1464.6		1084.65	1084.65
50	463866		-1496.69		1161.18	1161.18
50	349864		-1077.13		938.997	938.997
50	477082		-1624.28		1143.56	1143.56
50	348639		-1061.95		933.773	933.773
50	349821		-1077.34		921.346	921.346
50	480075		-1664.48		1214.84	1214.84
50	479629		-1666.14		1214.55	1214.55
50	359158		-1221.96		931.134	931.134
50	487749		-1767.16		1199.74	1199.74
50	361072		-1275.4		918.556	918.556
50	488439		-1794.87		1194.41	1194.41
50	359173		-1275.17		909.701	909.701
50	493593		-1860.3		1186.97	1186.97
50	358833		-1283.27		915.41	915.41
50	491935		-1846.41		1180.46	1180.46
50	361202		-1331.27		900.862	900.862
50	381413		-1677.03		901.133	901.133
50	498883		-1993.06		1157.04	1157.04
50	502506		-2056.23		1168.23	1168.23
50	379075		-1620.91		905.145	905.145
50	378442		-1617.43		886.94	886.94
50	505081		-2097.83		1178.07	1178.07
50	378074		-1607		898.95	898.95
50	515201		-2311		1177.92	1177.92
50	518081		-2430.6		1247.72	1247.72
50	377537		-1639.58		890.059	890.059
50	376000		-1615.91		871.021	871.021
50	525607		-2601.73		1266.97	1266.97
50	370729		-1530.14		871.039	871.039
50	468778		-1687.2		1234.36	1234.36
50	464729		-1613.97		1220.96	1220.96
50	368012		-1502.27		864.359	864.359
50	465328		-1617.15		1278.26	1278.26
50	353462		-1306.25		873.207	873.207
50	346300		-1224.39		870.602	870.602
50	464316		-1552.35		1257.59	1257.59
50	465735		-1577.23		1238.16	1238.16
50	341142		-1162.66		857.901	857.901
50	467775		-1586.93		1223.05	1223.05
50	334315		-1054.23		872.932	872.932
50	465797		-1541.57		1285.81	1285.81
50	323456		-948.259		861.085	861.085
50	447333		-1400.37		1248.11	1248.11
50	318235		-880.12		863.355	863.355
50	326263		-949.485		872.031	872.031
50	420110		-1216.76		1245.72	1245.72
50	420181		-1257.24		1212.39	1212.39
50	330759		-999.251		885.129	885.129
50	333123		-1027.66		887.656	887.656
50	395868		-1078.26		1173.5	1173.5
50	392225		-1023.37		1166.05	1166.05
50	333645		-1049.77		893.764	893.764
50	408937		-1083.88		1168.53	1168.53
50	331609		-1043.64		898.714	898.714
50	361028		-1500.43		857.169	857.169
50	460850		-1322.69		1226.1	1226.1
50	367198		-1696.26		851.177	851.177
50	460850		-1322.69		1214.48	1214.48
50	460850		-1322.69		1185.93	1185.93
50	379336		-2130.81		861.363	861.363
50	535970		-1906.83		1162.77	1162.77
50	403602		-3567.07		836.125	836.125
50	543096		-2040.7		1125.78	1125.78
50	397406		-3151.71		827.641	827.641
50	553924		-2253.63		1092.93	1092.93
50	415091		-5554.41		804.18	804.18
50	420825		-6735.83		792.264	792.264
50	557407		-2546.62		1083.66	1083.66
50	564293		-3009.6		1073.04	1073.04
50	412693		-4697.08		775.817	775.817
50	557373		-3048.62		1063.56	1063.56
50	413891		-4579.73		776.824	776.824
50	555482		-3211.96		1053.37	1053.37
50	409625		-3946.77		779.409	779.409
50	552759		-3282.05		1039.35	1039.35
50	410221		-3879.28		782.174	782.174
50	549434		-3252.91		1053.31	1053.31
50	414768		-4281.66		789.66	789.66
50	418463		-4764.78		792.172	792.172
50	595391		-4639.73		1095.49	1095.49
50	423366		-5511.82		804.413	804.413
50	664635		-12170.1		1078.45	1078.45
50	743083		118545		1076.12	1076.12
50	450748		56861.6		810.153	810.153
50	459345		11940.8		804.67	804.67
50	1.51468e+06		1942.25		1159.9	1159.9
50	515130		2391.93		823.084	823.084
50	1.7134e+06		1778.25		1159.62	1159.62
50	1.9336e+06		1617.51		1186.33	1186.33
50	513252		2492.4		817.218	817.218
50	513804		2676.4		918.805	918.805
50	1.15785e+06		2649.21		1208.66	1208.66
50	508988		2912.72		902.805	902.805
50	785426		9246.01		1216.26	1216.26
50	817553		6313.67		1187.9	1187.9
50	493306		3888.64		893.039	893.039
50	492464		4178.59		891.513	891.513
50	643705		-11720.7		1157.61	1157.61
50	492209		4392.59		980.151	980.151
50	503773		-2569.25		1149.54	1149.54
50	490739		4757.11		989.548	989.548
50	410055		-1387.01		1092.21	1092.21
50	484950		5573.38		979.872	979.872
50	390334		-1281.17		1097.08	1097.08
50	393842		-1330.31		1079.03	1079.03
50	493882		4090.26		962.671	962.671
50	398687		-1390.52		1058.33	1058.33
50	484846		5869.51		958.835	958.835
50	539812		2454.75		931.331	931.331
50	398145		-1381.11		1067.26	1067.26
50	402469		-1446.2		1091.55	1091.55
50	539599		2514.99		935.108	935.108
50	404044		-1480.23		1098.38	1098.38
50	549276		2360.72		904.99	904.99
50	405527		-1511.32		1114.43	1114.43
50	557830		2185.5		894.988	894.988
50	404804		-1503.39		1096.01	1096.01
50	536631		2710.94		891.271	891.271
50	407463		-1544.4		1075.4	1075.4
50	562629		2099.37		937.404	937.404
50	567248		2050.29		934.743	934.743
50	395806		-1510.49		1082.95	1082.95
50	551970		2469.62		974.724	974.724
50	442172		-2240.44		1107.3	1107.3
50	514776		4452.36		1006.14	1006.14
50	459890		-2587.56		1087.21	1087.21
50	513530		4934.12		1015.57	1015.57
50	508196		-4585.66		1060.59	1060.59
50	513823		5067.23		1094.23	1094.23
50	695332		7830.1		1046.83	1046.83
50	768503		4408.03		1124.07	1124.07
50	512187		5376.18		1136.66	1136.66
50	815031		3523.89		1118.89	1118.89
50	508378		6362.81		1116.7	1116.7
50	536053		3677.77		1097.62	1097.62
50	786117		3974.46		1121.43	1121.43
50	786117		3974.46		1178.85	1178.85
50	548898		3173.51		1072.16	1072.16
50	793544		3826.86		1247.95	1247.95
50	572810		2398.98		1043.81	1043.81
50	935534		2477.67		1310.64	1310.64
50	570755		2423.81		1005.65	1005.65
50	933907		2498.74		1308.19	1308.19
50	584939		1972.63		967.049	967.049
50	1.01539e+06		2140.9		1306.8	1306.8
50	571226		2088.9		942.225	942.225
50	963200		2349.64		1238.34	1238.34
50	565251		2250.32		929.217	929.217
50	1.10309e+06		1935.38		1213.25	1213.25
50	592296		1893.09		923.529	923.529
50	1.13162e+06		1856.52		1220.62	1220.62
50	595677		1954.27		922.607	922.607
50	580982		2169.34		925.838	925.838
50	1.18262e+06		1702.06		1192.63	1192.63
50	1.17165e+06		1726.04		1198.61	1198.61
50	625913		1678.34		916.542	916.542
50	1.31131e+06		1499.94		1212.4	1212.4
50	605897		1904.64		907.64	907.64
50	628420		1727.97		943.925	943.925
50	1.34044e+06		1489.86		1196.31	1196.31
50	645834		1620.52		981.16	981.16
50	1.37385e+06		1470.38		1160.58	1160.58
50	678175		1457.68		1059.27	1059.27
50	1.32985e+06		1555.39		1133.19	1133.19
50	678501		1468.71		1048.87	1048.87
50	1.22418e+06		1687.03		1186.07	1186.07
50	732873		1248.47		1012.36	1012.36
50	1.18432e+06		1738.59		1208.93	1208.93
50	1.17785e+06		1717.82		1179.61	1179.61
50	783273		1089.98		975.826	975.826
50	1.18243e+06		1695.18		1154.3	1154.3
50	795110		1073.42		960.569	960.569
50	1.14104e+06		1806.52		1224.52	1224.52
50	825651		1023.01		940.466	940.466
50	1.15199e+06		1833.69		1197.32	1197.32
50	786293		1079.24		921.65	921.65
50	1.19645e+06		1737.65		1263.51	1263.51
50	786397		1075.57		909.578	909.578
50	1.18078e+06		1771.01		1265.18	1265.18
50	835981		983.295		911.169	911.169
50	1.19825e+06		1703.87		1229.12	1229.12
50	788567		1049.26		905.209	905.209
50	1.15679e+06		1786.79		1248.44	1248.44
50	743509		1170.4		902.583	902.583
50	791982		1046.88		873.207	873.207
50	1.2449e+06		1614.59		1180.38	1180.38
50	1.33178e+06		1488.78		1247.45	1247.45
50	697543		1311.21		857.471	857.471
50	1.2817e+06		1545.05		1242.69	1242.69
50	680400		1305.38		852.101	852.101
50	1.29573e+06		1555.27		1301.52	1301.52
50	639762		1463.81		860.014	860.014
50	1.29241e+06		1592.67		1234.51	1234.51
50	653909		1357.4		875.694	875.694
50	1.30315e+06		1534.99		1306.84	1306.84
50	659355		1304.15		906.1	906.1
50	661941		1285.84		924.359	924.359
50	1.16132e+06		1690.71		1252.27	1252.27
50	1.14654e+06		1741.36		1252.6	1252.6
50	670557		1237.88		925.509	925.509
50	1.14669e+06		1749.41		1224.56	1224.56
50	665036		1288.69		908.059	908.059
50	1.02675e+06		2261.18		1236.89	1236.89
50	665366		1301.01		922.898	922.898
50	990276		2499.06		1301.92	1301.92
50	631021		1501.63		912.934	912.934
50	935053		3028.42		1290.93	1290.93
50	619964		1548.03		903.72	903.72
50	921836		3166.11		1282.53	1282.53
50	515732		3365.37		895.672	895.672
50	911333		3403.11		1264.92	1264.92
50	481178		6746.31		895.528	895.528
50	479169		7083.08		860.61	860.61
50	945210		2959.5		1315.87	1315.87
