2.16714e-07 2.20216e-07 0.233639 290880 165 6.329e-06
2.26965e-07 2.81138e-07 0.243456 290880 165 3.891e-06
2.19846e-07 2.96353e-07 0.121521 265920 14 1.321e-06
1.12164e-07 3.25597e-07 0.177396 120000 14 0.0872393
6.84204e-08 2.53228e-07 0.33691 118080 38 0.105851
1.58974e-07 2.97645e-07 0.338661 103680 26 0.118524
7.65499e-08 2.7421e-07 0.124076 307200 44 1.296e-06
1.69746e-07 3.10853e-07 0.12426 296160 29 2.434e-06
6.74178e-08 3.57395e-07 0.212636 115680 25 0.0954489
1.94855e-07 3.41246e-07 0.17295 294240 29 1.269e-06
5.89336e-08 3.17078e-07 0.141326 100800 31 0.120389
1.69381e-07 3.32203e-07 0.163765 85440 21 0.130838
5.56072e-08 3.11496e-07 0.114281 113760 17 0.0691541
1.76978e-07 3.15319e-07 0.120747 291840 29 1.266e-06
1.85281e-07 3.22224e-07 0.145372 286080 30 1.312e-06
5.0943e-08 3.2718e-07 0.321296 114720 40 0.0694391
4.61546e-07 6.57227e-07 0.537862 95040 19 0.0671615
7.14007e-08 3.28272e-07 0.122518 110400 24 0.0628418
4.17649e-07 6.02226e-07 0.124024 80640 7 0.0763621
7.42539e-08 3.16802e-07 0.153889 107040 32 0.0915559
3.84449e-07 5.66439e-07 0.117016 80640 10 0.0601501
7.95434e-08 3.05828e-07 0.107157 115200 34 0.0450445
3.15974e-07 4.78038e-07 0.459311 80640 8 0.114239
7.2172e-08 7.97977e-07 0.42931 117120 24 0.0967965
2.56844e-07 4.06824e-07 0.168944 80640 8 0.156275
6.63451e-08 6.8783e-07 0.198664 80640 13 0.171113
2.31786e-07 3.82027e-07 0.189388 95040 21 0.124594
6.27319e-08 6.40174e-07 0.184136 80640 8 0.110822
2.5306e-07 3.43893e-07 0.155448 108480 16 0.0961517
2.59129e-07 3.34134e-07 0.118189 274080 27 1.146e-06
6.10356e-08 5.5205e-07 0.394073 87360 28 0.0615456
2.66814e-07 3.39281e-07 0.131289 301440 43 1.432e-06
7.2087e-08 5.752e-07 0.155258 92160 17 0.0691776
2.7095e-07 3.24907e-07 0.100027 298560 29 1.612e-06
6.75134e-08 5.70498e-07 0.170906 87360 21 0.0833264
2.6016e-07 3.1045e-07 0.0927088 288000 30 1.301e-06
7.27591e-08 5.92634e-07 0.147769 88320 20 0.0636506
2.50589e-07 2.9965e-07 0.109704 281760 14 1.291e-06
6.93647e-08 5.35412e-07 0.116427 90240 20 0.0486852
2.27525e-07 2.83959e-07 0.101349 280800 29 1.36e-06
7.28081e-08 4.94005e-07 0.13843 94560 20 0.0711256
2.14383e-07 2.82241e-07 0.118116 284160 46 1.503e-06
7.74369e-08 4.58375e-07 0.150804 93600 16 0.0824108
2.0141e-07 2.72503e-07 0.0879991 289920 29 1.404e-06
1.17462e-07 4.99399e-07 0.175485 98880 21 0.0698759
1.91166e-07 2.77686e-07 0.106441 288960 30 1.252e-06
1.02387e-07 4.55859e-07 0.160601 84960 16 0.0973734
2.04195e-07 2.88799e-07 0.127882 300000 30 1.371e-06
1.00763e-07 4.86395e-07 0.212324 98400 21 0.115129
2.02111e-07 2.92254e-07 0.117926 300960 34 1.234e-06
9.33514e-08 4.47638e-07 0.145341 96480 18 0.0797108
2.11712e-07 2.78307e-07 0.124855 306240 30 1.762e-06
1.22987e-07 4.70342e-07 0.152758 105600 17 0.0558152
2.14366e-07 2.80839e-07 0.108676 307200 32 1.454e-06
1.18942e-07 4.74518e-07 0.142752 114720 42 0.0623606
2.26982e-07 2.94024e-07 0.145313 306240 43 2.119e-06
2.1664e-07 5.06592e-07 0.246306 112800 24 0.0768985
2.34533e-07 3.02299e-07 0.139112 297600 29 1.452e-06
1.82528e-07 5.04877e-07 0.186739 98880 33 0.0973283
