1.9142e-07 1.27949e-07 0.193598 96960 110 0.0640646
1.74807e-07 3.03134e-07 0.200308 96960 110 0.081783
2.05053e-07 2.26826e-07 0.101718 267840 14 1.519e-06
1.82852e-07 2.93525e-07 0.137976 121920 19 0.0828677
1.97607e-07 2.8201e-07 0.131959 269760 27 1.35e-06
1.92776e-07 3.34715e-07 0.155934 284160 47 1.307e-06
1.61174e-07 2.42917e-07 0.129906 80640 9 0.103577
1.68319e-07 3.63904e-07 0.162103 91680 18 0.103801
1.62322e-07 2.64474e-07 0.132415 272160 20 1.426e-06
1.45198e-07 3.2551e-07 0.421296 93600 16 0.136182
1.73183e-07 2.90295e-07 0.17945 287040 48 1.391e-06
1.75724e-07 3.43368e-07 0.199261 302400 34 1.125e-06
1.71698e-07 2.84868e-07 0.107356 274080 14 1.299e-06
1.67356e-07 3.25924e-07 0.123847 96000 17 0.0624624
1.66953e-07 2.81039e-07 0.109443 273120 25 1.28e-06
1.60851e-07 3.20453e-07 0.173322 101760 17 0.106011
1.62541e-07 3.10332e-07 0.104635 292800 32 1.837e-06
1.65829e-07 2.74978e-07 0.0826867 277440 19 1.225e-06
1.67831e-07 3.04154e-07 0.114727 307200 30 5.719e-06
1.80691e-07 2.80085e-07 0.172765 280800 25 1.378e-06
1.82992e-07 2.94302e-07 0.152167 307200 47 2.611e-06
1.81681e-07 2.69641e-07 0.0912381 272640 20 1.144e-06
1.84089e-07 3.09814e-07 0.151757 307200 41 1.493e-06
1.72543e-07 2.87221e-07 0.133005 270720 20 2.583e-06
2.07954e-07 3.49591e-07 0.178502 307200 43 1.305e-06
2.04683e-07 3.41177e-07 0.231073 307200 55 1.267e-06
2.39938e-07 3.64776e-07 0.164784 292800 43 1.258e-06
2.2642e-07 3.45089e-07 0.203909 307200 37 1.258e-06
2.48559e-07 3.60656e-07 0.135382 279360 14 1.177e-06
2.12209e-07 3.17034e-07 0.108985 300480 44 2.036e-06
2.0706e-07 6.73337e-07 0.300071 113760 39 0.0808839
2.06701e-07 3.00415e-07 0.0892922 295680 26 8.87e-07
1.77848e-07 6.72269e-07 0.175262 86400 21 0.108481
2.065e-07 2.95792e-07 0.104737 300480 34 1.636e-06
1.5297e-07 5.81869e-07 0.427594 89280 18 0.0798419
1.34976e-07 5.06678e-07 0.102225 99840 19 0.072758
2.21822e-07 2.7913e-07 0.143424 299520 29 5.8e-06
2.14296e-07 2.5602e-07 0.091821 297600 30 1.239e-06
1.39977e-07 4.77298e-07 0.149772 106080 17 0.0722602
1.96812e-07 2.53318e-07 0.121177 293280 30 1.202e-06
1.44743e-07 4.45897e-07 0.135578 107040 34 0.062114
2.0043e-07 2.58668e-07 0.118828 294240 30 1.679e-06
1.26597e-07 4.71225e-07 0.177619 103680 25 0.0782522
1.82132e-07 2.55296e-07 0.107866 288960 34 1.353e-06
1.30119e-07 4.29743e-07 0.130949 97920 19 0.0677135
2.04249e-07 2.68533e-07 0.134363 302880 29 1.378e-06
1.41056e-07 4.89725e-07 0.198266 98880 19 0.0862339
2.09248e-07 2.94378e-07 0.152386 289440 34 1.231e-06
1.30797e-07 5.41345e-07 0.203945 87840 16 0.0999774
2.20794e-07 2.90216e-07 0.119615 291360 29 1.551e-06
1.46006e-07 5.85888e-07 0.197451 86880 19 0.0921189
1.53398e-07 6.24239e-07 0.167759 81600 17 0.0681488
2.71652e-07 2.71723e-07 0.196843 282240 14 1.474e-06
2.64072e-07 2.63039e-07 0.104873 273120 27 1.921e-06
1.3399e-07 6.33199e-07 0.18038 80640 8 0.0893882
2.52186e-07 2.66347e-07 0.104763 275040 19 1.486e-06
1.33853e-07 5.71234e-07 0.172363 81600 23 0.106197
