10.296	2.26099 3 720 
6.64259	6.37308 3 720 
6.93995	6.49755 3 720 
6.79861	6.66724 3 720 
6.76116	6.63769 3 720 
7.01003	6.55534 3 720 
7.10878	6.68951 3 720 
6.83222	6.62189 3 720 
7.03112	6.53493 3 720 
6.91533	6.70073 3 720 
6.75094	6.55316 3 720 
6.86411	6.69199 3 720 
7.19225	6.71555 3 720 
7.16959	6.51039 3 720 
7.26014	6.67864 3 720 
7.26005	6.90498 3 720 
7.38899	6.92466 3 720 
7.16265	7.00439 3 720 
7.45827	6.92017 3 720 
7.11335	7.00125 3 720 
7.27825	6.85532 3 720 
7.20106	6.90689 3 720 
7.25087	6.78548 3 720 
7.15129	7.06762 3 720 
7.87616	6.79929 3 720 
7.19779	6.93133 3 720 
7.31551	6.87824 3 720 
7.26802	6.88297 3 720 
7.53455	7.05051 3 720 
7.20186	6.98985 3 720 
7.46823	6.90035 3 720 
7.09962	6.99388 3 720 
7.51241	6.84173 3 720 
7.21535	6.76116 3 720 
7.15604	6.87052 3 720 
7.23125	6.8271 3 720 
7.35201	6.85344 3 720 
7.04149	7.04342 3 720 
7.39077	6.76074 3 720 
7.30557	6.98139 3 720 
7.24986	6.98481 3 720 
7.10448	6.83266 3 720 
7.47428	6.83819 3 720 
7.32022	6.68105 3 720 
7.3565	6.72316 3 720 
7.2398	6.90139 3 720 
7.41593	6.98455 3 720 
7.35845	7.06653 3 720 
7.4497	6.96243 3 720 
7.07288	7.04527 3 720 
7.32463	6.91596 3 720 
6.97344	6.93205 3 720 
7.3724	6.64467 3 720 
7.08169	6.80617 3 720 
7.42278	6.96796 3 720 
7.26794	6.83357 3 720 
7.34372	7.05272 3 720 
7.26028	7.07643 3 720 
7.26066	6.74487 3 720 
7.25745	7.08814 3 720 
7.24416	6.79469 3 720 
7.30201	6.94476 3 720 
7.22459	7.09644 3 720 
7.33441	6.72555 3 720 
7.17822	7.03832 3 720 
7.17971	6.94083 3 720 
7.25732	6.69909 3 720 
7.27312	6.98428 3 720 
7.26275	6.96589 3 720 
7.41477	6.93042 3 720 
7.11847	6.81792 3 720 
7.33714	6.92913 3 720 
7.23866	6.8965 3 720 
7.30564	6.9712 3 720 
7.25464	7.01112 3 720 
7.47464	6.83093 3 720 
7.00517	6.88835 3 720 
7.33688	7.09271 3 720 
7.00289	6.8166 3 720 
7.28655	6.82256 3 720 
7.47293	6.8858 3 720 
7.51088	6.94105 3 720 
7.133	6.57505 3 720 
7.50951	6.54865 3 720 
7.04553	6.67571 3 720 
7.34129	6.64808 3 720 
7.23774	6.7836 3 720 
7.43503	6.6306 3 720 
7.32875	6.80305 3 720 
7.3545	6.62578 3 720 
7.06562	6.76828 3 720 
7.27325	6.40289 3 720 
7.06091	6.787 3 720 
7.29491	6.48501 3 720 
7.31805	6.67774 3 720 
7.16784	6.67012 3 720 
7.25109	6.72171 3 720 
7.22927	6.51123 3 720 
7.23284	6.62763 3 720 
7.50709	6.87083 3 720 
7.06299	6.52303 3 720 
7.48497	6.84068 3 720 
7.25995	6.53434 3 720 
7.27706	6.65085 3 720 
7.29275	6.96092 3 720 
7.58652	6.76648 3 720 
6.68572	6.85898 3 720 
7.46313	6.40748 3 720 
7.34733	6.77404 3 720 
7.05352	6.47444 3 720 
7.36217	6.71375 3 720 
7.28276	6.71499 3 720 
7.24771	6.66855 3 720 
7.27951	6.61555 3 720 
7.24787	6.65338 3 720 
7.21626	6.66138 3 720 
7.15555	6.6155 3 720 
7.44198	6.58102 3 720 
7.15241	6.76882 3 720 
7.35975	6.78224 3 720 
7.19424	6.60846 3 720 
7.34946	6.7229 3 720 
7.24818	6.6442 3 720 
7.43262	6.57597 3 720 
7.09847	6.72426 3 720 
7.43059	6.66898 3 720 
7.23979	6.74277 3 720 
7.03734	6.31295 3 720 
7.32151	6.70573 3 720 
7.13071	6.54262 3 720 
7.35606	6.76634 3 720 
7.29902	6.70342 3 720 
7.33538	6.72639 3 720 
7.138	6.62461 3 720 
7.30511	6.77577 3 720 
7.167	6.59849 3 720 
7.16677	6.61809 3 720 
7.45179	6.82618 3 720 
7.15078	6.80742 3 720 
7.38498	6.66681 3 720 
7.27644	6.56956 3 720 
7.22698	6.4831 3 720 
7.28976	6.80584 3 720 
7.27408	6.58704 3 720 
7.21325	6.71313 3 720 
7.29535	6.47948 3 720 
7.28963	6.53324 3 720 
7.16532	6.81215 3 720 
7.18111	6.39596 3 720 
7.14432	6.58052 3 720 
7.40003	6.81608 3 720 
7.09966	6.27427 3 720 
7.24911	7.0029 3 720 
7.29039	6.56566 3 720 
7.15347	6.67296 3 720 
7.30741	6.50631 3 720 
7.25259	6.70829 3 720 
7.25437	6.47434 3 720 
7.26451	7.03135 3 720 
7.18804	6.56388 3 720 
7.31933	6.45074 3 720 
7.13645	6.93771 3 720 
7.20245	6.76681 3 720 
7.28678	6.32496 3 720 
7.40097	7.00154 3 720 
7.09052	6.50905 3 720 
7.37268	6.74023 3 720 
7.03548	6.57552 3 720 
7.42018	6.79675 3 720 
7.1028	6.55854 3 720 
7.32916	6.8191 3 720 
7.36373	6.75016 3 720 
7.14251	6.50105 3 720 
7.39778	6.93462 3 720 
7.06394	6.62961 3 720 
7.27823	6.53622 3 720 
7.12381	6.80989 3 720 
7.34889	6.5404 3 720 
7.18668	6.59175 3 720 
7.22003	6.60416 3 720 
7.20492	6.72407 3 720 
7.20068	6.60802 3 720 
7.18298	6.87148 3 720 
7.3048	6.50942 3 720 
7.33151	6.58148 3 720 
7.25946	6.54364 3 720 
7.45917	6.92755 3 720 
7.2165	6.54662 3 720 
7.02297	6.7553 3 720 
7.40554	6.24127 3 720 
7.11604	6.54232 3 720 
7.23412	6.60305 3 720 
7.16008	6.78953 3 720 
7.29836	6.62423 3 720 
7.04096	6.72339 3 720 
7.47206	6.75618 3 720 
7.15641	6.63449 3 720 
7.20705	6.64525 3 720 
7.32122	6.69223 3 720 
7.35113	6.63421 3 720 
7.29638	6.68281 3 720 
7.38655	6.61579 3 720 
6.97767	6.75625 3 720 
7.36021	6.44155 3 720 
7.17472	6.55408 3 720 
7.30969	6.68826 3 720 
7.27029	6.71718 3 720 
6.99972	6.4252 3 720 
7.35117	6.84398 3 720 
7.10061	6.50966 3 720 
7.43153	6.73385 3 720 
7.18026	6.60743 3 720 
7.29219	6.81461 3 720 
7.31251	6.73694 3 720 
7.14975	6.44989 3 720 
7.45117	6.78251 3 720 
6.93423	6.72191 3 720 
7.31449	6.46114 3 720 
7.10814	6.56119 3 720 
7.41019	6.64307 3 720 
7.14867	6.75104 3 720 
7.30079	6.47135 3 720 
7.30109	6.74837 3 720 
7.33599	6.54242 3 720 
7.21712	6.8689 3 720 
7.28356	6.61095 3 720 
7.60575	6.71013 3 720 
7.18406	6.60848 3 720 
7.29044	6.86042 3 720 
7.31028	6.64943 3 720 
7.12969	6.63272 3 720 
7.39361	6.66675 3 720 
7.06824	6.88179 3 720 
7.37276	6.9655 3 720 
7.15001	7.00842 3 720 
7.35794	6.81487 3 720 
7.21161	6.9816 3 720 
7.45075	6.97132 3 720 
7.05207	6.86463 3 720 
7.40831	6.99845 3 720 
7.29906	6.94117 3 720 
7.23796	6.8681 3 720 
7.1224	7.03426 3 720 
7.45484	6.85107 3 720 
7.08877	6.54012 3 720 
7.34349	6.94177 3 720 
7.26885	7.04792 3 720 
7.38659	6.90153 3 720 
7.26188	7.02123 3 720 
7.34549	6.80218 3 720 
7.06305	7.13411 3 720 
7.31902	6.87452 3 720 
7.25421	6.9049 3 720 
7.30004	6.95013 3 720 
7.29755	6.70262 3 720 
7.34167	7.053 3 720 
7.2313	6.43508 3 720 
7.0342	7.46569 3 720 
7.18702	6.34617 3 720 
7.29676	6.98962 3 720 
7.28983	7.27108 3 720 
7.27604	6.59035 3 720 
7.16155	6.93312 3 720 
7.36448	6.84773 3 720 
7.34751	6.77358 3 720 
7.55301	6.96072 3 720 
7.05414	7.1531 3 720 
7.60877	6.83712 3 720 
7.0338	6.95959 3 720 
7.47735	6.80586 3 720 
7.13757	7.01336 3 720 
7.29364	6.99237 3 720 
7.09614	6.86943 3 720 
7.48753	6.95761 3 720 
7.15018	6.89512 3 720 
7.42779	6.98111 3 720 
7.24821	7.05547 3 720 
7.19181	6.71457 3 720 
7.31069	7.00463 3 720 
7.20355	6.58584 3 720 
7.1666	7.09009 3 720 
7.21695	6.92315 3 720 
7.27636	6.77586 3 720 
7.31769	6.96872 3 720 
6.94943	6.85906 3 720 
7.39041	6.75828 3 720 
7.08161	7.09232 3 720 
7.47052	6.86358 3 720 
7.04887	6.7782 3 720 
7.11102	6.65494 3 720 
7.34476	7.01544 3 720 
7.13354	6.88761 3 720 
7.44515	6.88912 3 720 
7.21721	6.91839 3 720 
7.19523	6.7853 3 720 
7.21253	6.91152 3 720 
7.16681	6.82568 3 720 
7.3982	6.89444 3 720 
7.09098	7.01781 3 720 
7.39728	6.81392 3 720 
7.15796	6.90901 3 720 
7.38032	6.96737 3 720 
7.08676	6.92967 3 720 
7.46866	6.95665 3 720 
7.02347	6.85002 3 720 
7.37266	6.91984 3 720 
7.21769	6.94368 3 720 
7.34636	6.95845 3 720 
7.21071	6.86229 3 720 
7.39656	6.84654 3 720 
7.26752	6.94496 3 720 
7.05912	7.09928 3 720 
7.21436	6.94231 3 720 
7.20422	6.70705 3 720 
7.49567	6.89508 3 720 
7.21417	6.77744 3 720 
7.34222	6.74931 3 720 
7.13713	6.94092 3 720 
7.34565	6.75446 3 720 
7.32088	7.02332 3 720 
7.29339	6.93965 3 720 
7.21559	6.99071 3 720 
7.30351	6.72321 3 720 
7.20584	6.89923 3 720 
7.5685	6.93047 3 720 
7.1293	7.02541 3 720 
7.3029	6.94986 3 720 
7.11201	6.8817 3 720 
7.5405	6.73019 3 720 
7.12043	6.96878 3 720 
7.42872	7.00839 3 720 
7.10048	6.67464 3 720 
7.27241	6.84891 3 720 
7.31844	6.90998 3 720 
7.25551	6.80792 3 720 
7.3186	7.1218 3 720 
7.31872	6.83117 3 720 
7.18603	6.84704 3 720 
7.20527	6.95261 3 720 
7.14091	6.84474 3 720 
7.16485	6.54322 3 720 
7.38738	6.89051 3 720 
7.19919	7.03325 3 720 
7.30323	6.84298 3 720 
