3.99944	0 3 360  4 720 
3.01043	0 4 360  3 720 
2.68494	0 4 360  3 720 
2.75587	0 3 360  4 720 
2.70096	0 4 360  3 720 
2.74326	0 3 360  4 720 
2.74039	0 4 360  3 720 
2.79763	0 3 360  4 720 
2.6932	0 4 360  3 720 
2.21515	0 4 360  3 720 
2.49697	2.22973 4 526  3 720 
2.45088	2.23031 4 548  3 720 
2.87852	2.32227 3 636  4 720 
2.29941	1.91329 4 616  3 720 
2.1225	1.59831 4 557  3 720 
2.00359	1.66319 4 504  3 720 
2.34889	1.81428 4 511  3 720 
2.08023	1.98843 4 513  3 720 
2.30657	1.96633 4 525  3 720 
2.19566	1.99696 4 515  3 720 
2.62913	2.01962 4 511  3 720 
2.3437	2.34623 4 604  3 720 
2.16485	1.93267 4 572  3 720 
2.56541	1.95464 4 573  3 720 
2.36864	1.79164 3 573  4 720 
2.63761	1.60324 4 572  3 720 
2.16108	1.48616 3 563  4 720 
2.07082	1.79594 3 538  4 720 
2.2557	1.83371 3 537  4 720 
2.33218	2.0534 3 531  4 720 
2.16166	2.07603 3 511  4 720 
2.26276	2.08545 3 530  4 720 
2.17759	2.21877 3 535  4 720 
2.24854	2.19596 3 540  4 720 
2.14462	1.93866 4 580  3 720 
2.64885	1.44312 4 431  3 720 
2.38832	2.63928 3 454  4 720 
2.12056	2.03696 4 562  3 720 
2.30429	1.84257 4 521  3 720 
2.50608	1.98919 4 538  3 720 
2.22032	2.01658 4 539  3 720 
2.64121	2.02823 4 548  3 720 
2.41244	1.94178 4 570  3 720 
2.10246	1.90899 4 497  3 720 
2.26589	1.85694 4 515  3 720 
1.93899	1.87613 4 492  3 720 
1.97604	1.79841 4 498  3 720 
2.01436	1.72572 4 481  3 720 
2.07404	1.78605 4 473  3 720 
1.91894	1.75096 4 468  3 720 
1.97562	1.75885 4 470  3 720 
2.62895	1.71619 4 480  3 720 
2.1802	1.75031 4 483  3 720 
2.61223	1.78428 4 464  3 720 
2.07596	1.85501 4 502  3 720 
2.42925	1.82934 4 501  3 720 
2.63207	2.79041 3 353  4 720 
2.53585	1.82574 3 614  4 720 
1.89732	1.72561 4 501  3 720 
2.09071	1.54226 4 454  3 720 
2.31774	1.93602 4 526  3 720 
2.41364	1.81876 4 492  3 720 
2.17688	2.20958 4 458  3 720 
2.16992	1.95421 4 508  3 720 
3.79831	1.73915 4 442  3 720 
2.11952	1.62937 4 442  3 720 
2.02952	1.85839 4 442  3 720 
2.14193	1.68276 4 433  3 720 
2.1186	2.4832 3 496  4 720 
2.59769	1.8797 3 604  4 720 
1.9663	2.15794 3 419  4 720 
2.22953	1.6145 3 587  4 720 
2.52395	1.72618 4 528  3 720 
2.41778	2.13889 4 525  3 720 
2.46293	2.23465 4 542  3 720 
2.43109	2.1919 4 542  3 720 
2.15384	1.99159 4 515  3 720 
2.30183	1.81135 4 472  3 720 
2.26482	1.6295 4 456  3 720 
2.13353	1.95422 4 521  3 720 
2.33523	1.89722 4 510  3 720 
2.12557	1.96862 4 495  3 720 
2.30623	1.91358 4 521  3 720 
2.25533	2.01229 4 528  3 720 
2.14656	2.05819 4 542  3 720 
2.26716	1.97931 4 526  3 720 
6.98262	1.99903 4 513  3 720 
2.31009	1.86667 4 523  3 720 
1.974	2.0074 4 504  3 720 
2.3116	1.86495 4 505  3 720 
1.81885	1.9882 4 501  3 720 
2.52244	1.76457 4 493  3 720 
2.47102	2.18576 3 636  4 720 
2.24061	2.09809 3 586  4 720 
2.24802	1.91231 3 565  4 720 
2.26439	1.86948 3 544  4 720 
2.29804	2.19814 3 564  4 720 
2.38802	1.93928 3 476  4 720 
2.45084	1.73039 4 445  3 720 
2.36162	1.97494 4 513  3 720 
1.89775	1.96852 4 489  3 720 
2.09052	1.5488 4 429  3 720 
2.09584	1.88833 4 461  3 720 
2.07003	1.88359 4 467  3 720 
1.9527	1.85223 4 494  3 720 
2.0043	1.82889 4 492  3 720 
2.19666	1.89021 4 512  3 720 
2.16217	1.66954 4 460  3 720 
2.12279	1.85876 4 467  3 720 
2.17805	1.91534 4 509  3 720 
2.72469	1.59827 4 423  3 720 
2.42674	2.58955 3 401  4 720 
2.21107	1.75364 4 486  3 720 
2.53162	2.07115 4 574  3 720 
2.32428	2.4323 3 404  4 720 
2.14819	1.90996 4 569  3 720 
2.3981	1.90901 4 553  3 720 
2.20083	1.86365 4 498  3 720 
2.52032	2.0606 4 580  3 720 
2.88946	2.26429 3 458  4 720 
2.06934	1.91699 3 551  4 720 
2.23655	1.95785 3 558  4 720 
2.69724	1.45968 4 565  3 720 
2.62873	2.04599 3 584  4 720 
2.59277	2.36311 3 597  4 720 
2.48305	2.10612 3 435  4 720 
2.39395	1.82981 4 552  3 720 
2.20677	1.69624 3 572  4 720 
2.78294	1.98624 3 591  4 720 
2.22349	1.85687 4 474  3 720 
2.69275	2.34218 3 505  4 720 
2.19387	2.04384 4 539  3 720 
2.24342	1.97509 4 533  3 720 
2.1702	1.92648 4 512  3 720 
2.06479	1.8792 4 478  3 720 
2.20074	1.74721 4 457  3 720 
2.24933	1.93356 4 507  3 720 
2.0756	1.80053 4 495  3 720 
2.08577	1.78293 4 466  3 720 
2.22929	1.92791 4 517  3 720 
1.89547	1.8522 4 493  3 720 
1.95402	1.73859 4 488  3 720 
2.12089	1.74141 4 496  3 720 
2.00246	1.85671 4 471  3 720 
2.09299	1.75965 4 464  3 720 
2.2671	1.89764 4 511  3 720 
1.89822	1.81452 4 475  3 720 
1.98274	1.68551 4 468  3 720 
2.68665	1.73938 4 479  3 720 
1.98607	1.74487 4 473  3 720 
1.99329	1.77508 4 473  3 720 
1.97626	1.70068 4 474  3 720 
1.97265	1.75932 4 470  3 720 
2.02784	1.75583 4 469  3 720 
2.09767	1.72209 4 464  3 720 
2.27213	1.8366 4 514  3 720 
1.91698	1.88759 4 497  3 720 
1.99737	1.73189 4 488  3 720 
1.95144	1.80743 4 483  3 720 
2.13828	1.7812 4 494  3 720 
1.98637	1.85027 4 484  3 720 
2.07544	1.71054 4 474  3 720 
2.46499	1.85937 4 486  3 720 
2.03412	1.69685 4 492  3 720 
1.99093	1.86186 4 487  3 720 
1.95115	1.70856 4 495  3 720 
2.00473	1.80777 4 490  3 720 
1.97253	1.82592 4 495  3 720 
1.96568	1.83021 4 484  3 720 
2.20219	1.77377 4 485  3 720 
2.20709	1.95538 4 555  3 720 
1.96755	1.6755 4 490  3 720 
1.96727	1.7602 4 492  3 720 
1.92989	1.8161 4 480  3 720 
1.97621	1.77264 4 488  3 720 
1.87805	1.82257 4 490  3 720 
1.99779	1.81436 4 503  3 720 
1.96415	1.81501 4 502  3 720 
1.95751	1.78179 4 497  3 720 
1.97145	1.84284 4 498  3 720 
2.19144	1.81833 4 510  3 720 
2.19631	1.89717 4 516  3 720 
2.15356	1.99845 4 516  3 720 
2.25474	1.96381 4 518  3 720 
2.15613	1.95904 4 517  3 720 
2.20794	2.00561 4 531  3 720 
2.12054	2.06375 4 534  3 720 
2.22737	1.88294 4 535  3 720 
2.76098	2.2264 4 543  3 720 
2.30046	2.00301 4 556  3 720 
2.90122	1.86402 3 608  4 720 
2.9112	2.17694 4 636  3 720 
3.03051	2.14935 3 623  4 720 
2.70308	1.99097 4 618  3 720 
2.15753	2.17986 4 563  3 720 
2.23711	1.81187 4 524  3 720 
2.06469	1.88298 4 536  3 720 
2.09925	1.99161 4 548  3 720 
2.19223	2.13782 4 583  3 720 
2.69171	1.85433 3 615  4 720 
2.37702	1.90536 3 590  4 720 
1.954	2.05856 3 587  4 720 
2.60334	1.89721 4 581  3 720 
2.50332	1.65912 3 599  4 720 
2.10845	1.97995 3 586  4 720 
2.21975	1.94946 3 580  4 720 
2.35115	1.86285 3 574  4 720 
2.4473	1.85136 3 576  4 720 
2.52829	1.84513 3 382  4 720 
2.46725	1.93544 3 509  4 720 
2.62825	1.83475 4 450  3 720 
2.55289	2.7056 3 329  4 720 
2.26451	1.92002 4 455  3 720 
2.05803	2.00599 4 548  3 720 
2.2439	1.67521 4 507  3 720 
2.01751	1.7584 4 496  3 720 
2.2174	1.97783 3 564  4 720 
2.3876	1.75991 3 444  4 720 
2.46656	1.67544 4 455  3 720 
2.15435	2.08611 4 583  3 720 
2.23041	1.80102 4 519  3 720 
2.11397	2.05132 4 577  3 720 
2.3153	1.75844 4 519  3 720 
2.53928	2.0484 4 574  3 720 
2.18375	1.95423 3 539  4 720 
2.46815	2.06054 3 562  4 720 
2.02999	1.65152 4 469  3 720 
2.28407	1.76942 4 531  3 720 
2.41475	2.03216 4 570  3 720 
2.4226	1.65113 3 587  4 720 
2.80226	1.6573 4 591  3 720 
2.38212	2.12147 3 569  4 720 
2.25111	1.66938 3 415  4 720 
2.19114	1.69621 4 492  3 720 
2.49351	1.87752 4 568  3 720 
2.22176	1.60477 3 578  4 720 
2.15748	1.88844 3 541  4 720 
2.14048	2.07924 3 579  4 720 
2.28638	1.87899 3 582  4 720 
2.57088	1.93071 3 556  4 720 
2.27967	1.5501 4 574  3 720 
2.51132	1.93093 4 556  3 720 
2.18402	1.88207 3 542  4 720 
2.19905	1.95669 3 585  4 720 
3.34856	1.88315 3 565  4 720 
2.44613	1.9144 3 538  4 720 
2.37271	1.97274 3 568  4 720 
2.60905	1.74738 4 606  3 720 
2.50203	1.92483 3 560  4 720 
2.25693	1.70009 3 403  4 720 
2.21911	1.78929 4 516  3 720 
2.4881	1.9966 4 558  3 720 
2.15203	1.9393 3 546  4 720 
2.48029	1.92216 3 593  4 720 
2.19898	2.14744 3 575  4 720 
2.33961	1.8634 3 556  4 720 
2.42635	1.8587 3 534  4 720 
2.27635	2.25347 3 546  4 720 
2.08448	1.99845 3 522  4 720 
2.1235	1.90264 3 524  4 720 
2.16151	1.97284 3 528  4 720 
2.10915	1.93014 3 524  4 720 
2.1869	1.9775 3 524  4 720 
2.19304	1.9533 3 516  4 720 
2.12915	1.95448 3 508  4 720 
2.12644	1.98925 3 511  4 720 
1.96484	1.86619 3 504  4 720 
2.57459	1.80248 3 511  4 720 
1.88031	1.88806 3 496  4 720 
1.95404	1.79014 3 484  4 720 
1.97266	1.76672 3 484  4 720 
1.98358	1.76164 3 472  4 720 
1.93834	1.7816 3 482  4 720 
2.03885	1.71212 3 471  4 720 
1.94198	1.83571 3 490  4 720 
2.06071	1.74334 3 479  4 720 
1.97731	1.79973 3 493  4 720 
2.17515	1.85364 3 516  4 720 
2.13733	1.84032 3 514  4 720 
2.44319	1.56798 3 447  4 720 
2.16263	1.92117 3 529  4 720 
2.34619	1.87676 3 547  4 720 
1.95647	1.86102 3 490  4 720 
2.22573	1.5294 3 439  4 720 
1.99782	1.93236 3 493  4 720 
2.64263	1.75784 3 444  4 720 
2.162	2.67215 4 329  3 720 
3.01853	1.69514 4 522  3 720 
2.28228	1.86675 4 392  3 720 
2.70379	1.83657 3 603  4 720 
2.59069	2.39776 3 613  4 720 
2.33168	2.29118 4 536  3 720 
1.99866	1.9061 4 503  3 720 
2.57447	1.87997 4 516  3 720 
1.96751	2.37438 4 498  3 720 
2.18686	1.81191 4 539  3 720 
2.22167	1.93604 4 518  3 720 
2.00313	1.88047 4 498  3 720 
2.93815	1.74707 4 543  3 720 
2.00848	2.10195 4 552  3 720 
2.23921	1.88171 4 573  3 720 
2.17899	2.01421 4 582  3 720 
2.31213	1.99021 4 575  3 720 
2.54152	1.90889 4 509  3 720 
2.17431	2.10537 4 530  3 720 
2.28009	2.08672 4 578  3 720 
2.3144	1.89699 4 539  3 720 
2.45836	2.14588 4 581  3 720 
2.6476	2.03107 3 427  4 720 
2.12798	2.29241 4 489  3 720 
2.30843	1.82775 4 558  3 720 
2.26583	1.84691 4 491  3 720 
2.75779	1.83542 4 597  3 720 
2.52134	1.77962 4 443  3 720 
2.4935	2.27232 3 540  4 720 
2.19752	2.37777 3 587  4 720 
2.23648	1.80449 3 510  4 720 
