3.0847e-06 3.18485e-06 614400 3960 1.442e-06 1.95677 0.126984 19.5953 1376.57
1.65076e-06 3.15446e-06 129024 23 1.41868 0.403081 0.00724825 2.12099 46683.6
1.17717e-06 3.05211e-06 129024 25 2.07238 0.367383 0.0150566 2.75316 41952.7
9.15611e-07 2.98259e-06 193536 51 0.720921 0.536876 0.00856938 1.66351 51224.7
7.58535e-07 2.95093e-06 193536 46 0.731512 0.546598 0.00910958 1.67679 56099.4
6.61184e-07 3.01729e-06 129024 23 1.1418 0.432115 0.00892358 1.86287 55749.5
5.93483e-07 3.00529e-06 129024 20 1.15335 0.378465 0.00899838 1.80292 55614.4
5.4034e-07 3.03916e-06 129024 25 1.1532 0.422714 0.010506 1.86903 54185
5.04463e-07 3.07354e-06 129024 18 1.21863 0.432054 0.00924054 1.93065 54395.7
4.71025e-07 3.08853e-06 129024 25 1.27881 0.415899 0.00906275 1.9927 54124.4
4.48081e-07 3.09499e-06 129024 18 1.15956 0.407665 0.00967062 1.8508 54404.4
3.91307e-07 3.12225e-06 129024 25 1.16811 0.416911 0.00828029 1.87722 54586.3
3.56368e-07 3.22957e-06 129024 18 1.19615 0.472084 0.00814333 1.94973 55233.5
3.17822e-07 3.14854e-06 129024 25 1.19846 0.364414 0.00981983 1.85538 54712.1
2.98398e-07 3.20706e-06 129024 18 1.14794 0.443994 0.00800183 1.87375 55453.1
2.72448e-07 3.21746e-06 129024 25 1.15564 0.420491 0.00947683 1.87218 55138.9
2.61126e-07 3.21681e-06 129024 18 1.15616 0.414713 0.0090915 1.85465 55208.4
2.42363e-07 3.17505e-06 129024 25 1.16123 0.388105 0.00830533 1.84125 55224.5
2.35338e-07 3.16544e-06 129024 18 1.18934 0.403456 0.00710892 1.86676 55881.9
2.20461e-07 3.20992e-06 129024 25 1.20343 0.437114 0.00842346 1.93153 56052
2.35076e-07 3.23697e-06 129024 18 1.19671 0.431606 0.00737821 1.90333 38656.1
2.39484e-07 3.19178e-06 129024 25 1.168 0.388492 0.00880367 1.84461 34873.4
2.60133e-07 3.1767e-06 129024 18 1.13893 0.402087 0.00870533 1.81865 32097
2.68088e-07 3.22117e-06 129024 25 1.19433 0.43856 0.00845625 1.92248 28705.3
2.97515e-07 3.22079e-06 129024 18 1.2363 0.415362 0.00919429 1.92739 26505
3.10897e-07 3.22394e-06 129024 25 1.16113 0.41759 0.00863458 1.86662 24151.7
3.46602e-07 3.31563e-06 129024 18 1.12841 0.475121 0.00829775 1.8894 21987.1
3.63748e-07 3.40792e-06 129024 25 1.18157 0.487334 0.00885992 1.96417 20021.5
4.05819e-07 3.30643e-06 129024 18 1.15813 0.374232 0.00881183 1.81172 18580.6
4.2309e-07 3.30676e-06 129024 25 1.12355 0.426817 0.00782992 1.84653 17000.9
4.68675e-07 3.37007e-06 129024 18 1.13268 0.467497 0.008865 1.87796 15762.2
4.92305e-07 3.43172e-06 129024 23 1.19406 0.474589 0.00976992 1.96613 14365.4
5.35255e-07 3.35287e-06 129024 20 1.14965 0.391907 0.00975987 1.81832 13121.8
5.67928e-07 3.27443e-06 129024 23 1.14203 0.381998 0.00918771 1.81836 12066.3
6.12105e-07 3.28594e-06 129024 20 1.16239 0.429908 0.00884738 1.86831 10940
6.50169e-07 3.29558e-06 129024 23 1.21924 0.430183 0.00918258 1.93702 10037.8
7.07118e-07 3.26576e-06 129024 20 1.16311 0.405974 0.0104225 1.8546 9291.32
7.47419e-07 3.23579e-06 129024 23 1.13935 0.402024 0.00914925 1.82989 8595.98
8.07858e-07 3.24989e-06 129024 20 1.2043 0.426591 0.00982488 1.91729 8008.98
8.41372e-07 3.23747e-06 129024 23 1.18778 0.411304 0.00941308 1.88135 7416.03
8.9547e-07 3.2531e-06 129024 20 1.14715 0.42779 0.00905075 1.85874 6920.78
9.38885e-07 3.25893e-06 129024 23 1.13715 0.423492 0.00836463 1.85445 6453.25
1.00575e-06 3.28881e-06 129024 20 1.21649 0.439756 0.00888342 1.94228 6077.89
1.0542e-06 3.34114e-06 129024 23 1.18746 0.458093 0.00824933 1.94851 5658.16
1.11508e-06 3.25339e-06 129024 20 1.15478 0.374478 0.00876512 1.81392 5258.74
1.15683e-06 3.35976e-06 129024 23 1.16816 0.488384 0.00975508 1.94827 4954.09
1.21698e-06 3.34428e-06 129024 20 1.17682 0.423507 0.008488 1.88472 4707.3
1.25712e-06 3.28572e-06 129024 23 1.16955 0.393711 0.00821179 1.85756 4492.04
1.30825e-06 3.27715e-06 129024 20 1.28359 0.418412 0.00891346 1.9794 4302.48
1.34534e-06 3.21165e-06 129024 23 2.25487 0.380572 0.00836062 2.92292 4049.18
1.40464e-06 3.19539e-06 129024 20 1.1599 0.403893 0.00988304 1.85484 3890.53
1.4386e-06 3.28999e-06 129024 23 1.18248 0.473309 0.00991054 1.95073 3704.73
1.49075e-06 3.30318e-06 129024 20 1.24804 0.432997 0.00965238 1.96558 3530.37
1.49999e-06 3.23499e-06 129024 23 1.16654 0.382202 0.00876008 1.84215 4056.25
1.53585e-06 3.23153e-06 129024 20 1.14904 0.415159 0.009161 1.85826 3965.01
1.53398e-06 3.24786e-06 129024 23 1.20376 0.427477 0.00840071 1.91904 3845.13
1.56154e-06 3.2472e-06 129024 20 1.17066 0.418625 0.00916463 1.87292 3763.49
1.56135e-06 3.27655e-06 129024 23 1.15446 0.437901 0.00918567 1.87533 3568.91
1.58994e-06 3.31588e-06 129024 20 1.16631 0.448129 0.00948479 1.89438 3482.04
1.61124e-06 3.36128e-06 129024 23 1.15815 0.457116 0.00935171 1.90934 3333.93
1.64051e-06 3.28229e-06 129024 20 1.1883 0.382725 0.00829392 1.84483 3191.11
1.65478e-06 3.26408e-06 129024 23 1.14861 0.411748 0.00947 1.85284 3278.54
1.67351e-06 3.31948e-06 129024 20 1.18784 0.456883 0.00969067 1.92405 3326.9
1.67623e-06 3.3768e-06 129024 23 1.17407 0.465272 0.0100918 1.9287 3324.32
1.69197e-06 3.30007e-06 129024 20 1.1718 0.386189 0.00901337 1.83863 3365.75
1.68672e-06 3.26249e-06 129024 23 1.17635 0.401544 0.00732758 1.86131 3289.72
1.70667e-06 3.28726e-06 129024 20 1.1652 0.436918 0.00954975 1.88358 3281.61
1.70639e-06 3.26651e-06 129024 23 1.16401 0.410749 0.00908004 1.8648 3193.69
1.71397e-06 3.26464e-06 129024 20 1.17282 0.420251 0.00951838 1.86181 3174.5
1.71113e-06 3.19417e-06 129024 23 1.15384 0.375755 0.010542 1.82397 3254.95
1.74055e-06 3.17861e-06 129024 20 1.15948 0.402091 0.00945033 1.8551 3156.44
1.72518e-06 3.19207e-06 129024 23 1.14181 0.418797 0.00888567 1.84183 3169.62
1.73794e-06 3.16723e-06 129024 20 1.10232 0.39583 0.00895158 1.77662 3135.3
1.74857e-06 3.16871e-06 129024 23 1.13619 0.409604 0.00932104 1.8414 3100.61
1.77747e-06 3.16186e-06 129024 20 1.14652 0.404419 0.00875125 1.83933 3018.95
1.78055e-06 3.16103e-06 129024 23 1.13691 0.40742 0.00888163 1.83767 2908.07
1.80404e-06 3.13172e-06 129024 20 1.11857 0.388944 0.00889613 1.79707 2921.55
1.80199e-06 3.16762e-06 129024 23 1.11045 0.427228 0.00834646 1.81354 2777.07
1.83025e-06 3.24995e-06 129024 20 1.14711 0.461811 0.00830604 1.89595 2775.83
1.83423e-06 3.18786e-06 129024 23 1.17636 0.379266 0.00887988 1.84287 2641.99
1.85991e-06 3.20353e-06 129024 20 1.1398 0.421416 0.00849204 1.84478 2595.72
1.8607e-06 3.16647e-06 129024 23 1.17792 0.389422 0.00831971 1.85075 2541.06
1.88437e-06 3.20677e-06 129024 20 1.14817 0.434549 0.0102104 1.856 2547.03
1.88825e-06 3.19615e-06 129024 23 1.17535 0.406899 0.0093035 1.86856 2509.48
1.91107e-06 3.32375e-06 129024 20 1.16593 0.494699 0.00920642 1.93931 2530.47
1.90788e-06 3.26717e-06 129024 23 1.13181 0.392344 0.00825133 1.81 2448.93
1.93023e-06 3.27014e-06 129024 20 1.11014 0.423461 0.00965092 1.81335 2426.56
1.93376e-06 3.26545e-06 129024 23 1.5439 0.418896 0.00925017 2.24074 2302.71
1.96742e-06 3.2297e-06 129024 20 1.12714 0.398258 0.00883888 1.81112 2356.83
1.95848e-06 3.20579e-06 129024 26 1.50717 0.401288 0.00611083 2.21543 2602.24
1.94374e-06 3.33696e-06 129024 22 1.53975 0.498243 0.00902667 2.32204 2534.24
1.93303e-06 3.25702e-06 129024 25 1.12217 0.378975 0.00736804 1.80172 2468.97
1.93087e-06 3.22037e-06 129024 23 1.17271 0.396589 0.00876263 1.85427 2528.1
1.92077e-06 3.2697e-06 129024 25 1.15002 0.44733 0.00726492 1.89141 2415.85
1.92184e-06 3.34024e-06 129024 23 1.17142 0.467375 0.00833488 1.92866 2455.32
1.92314e-06 3.29039e-06 129024 25 1.15325 0.398812 0.00829933 1.8487 2472.91
1.92427e-06 3.28428e-06 129024 23 1.81491 0.420602 0.00981817 2.52093 2452.66
1.91553e-06 3.21475e-06 129024 25 1.10113 0.378893 0.00955667 1.77538 2583.85
1.90196e-06 3.21151e-06 129024 26 1.1506 0.412688 0.00939542 1.86211 2551.52
1.90632e-06 3.17881e-06 129024 23 1.15238 0.393265 0.00843996 1.83563 2554.69
1.89023e-06 3.14857e-06 129024 26 1.10787 0.390635 0.00831192 1.79276 2533.61
1.90034e-06 3.12564e-06 129024 23 1.14065 0.39145 0.00962858 1.8375 2580.97
1.89e-06 3.1541e-06 129024 26 1.19239 0.421644 0.00959554 1.91337 2587.11
1.89088e-06 3.13491e-06 129024 23 1.15775 0.394571 0.0124182 1.84651 2584.87
1.88477e-06 3.15633e-06 129024 26 1.1453 0.418299 0.00786796 1.86389 2614.68
1.88548e-06 3.1529e-06 129024 23 1.1248 0.405027 0.0113522 1.81458 2613.78
1.87599e-06 3.15345e-06 129024 26 1.14868 0.407155 0.00929221 1.84702 2560.89
1.885e-06 3.16432e-06 129024 23 1.15553 0.413884 0.00916933 1.8511 2599.35
1.86924e-06 3.21564e-06 129024 26 1.13206 0.441384 0.00946317 1.86632 2556.55
1.88547e-06 3.26924e-06 129024 23 1.17627 0.449469 0.00875425 1.92583 2559.24
1.88008e-06 3.22717e-06 129024 26 1.16318 0.394674 0.00858337 1.85329 2492.57
1.88331e-06 3.22722e-06 129024 23 1.13825 0.41641 0.00868888 1.84117 2486.43
1.87933e-06 3.29075e-06 129024 26 1.14099 0.457376 0.00912829 1.90393 2549.5
1.88253e-06 3.29209e-06 129024 23 1.17056 0.425451 0.00854046 1.88018 2550.08
1.87137e-06 3.23202e-06 129024 26 1.1378 0.386007 0.00965475 1.81461 2462.74
1.88843e-06 3.18699e-06 129024 23 1.11358 0.387959 0.00883038 1.7928 2457.05
1.88074e-06 3.25214e-06 129024 26 1.12929 0.453223 0.00864388 1.88461 2553.74
1.88918e-06 3.41145e-06 129024 23 1.15881 0.522379 0.00935813 1.9674 2559.2
1.88218e-06 3.32677e-06 129024 26 1.1855 0.385533 0.00853921 1.85642 2539.29
1.94698e-06 3.36568e-06 159744 75 1.20998 0.562505 0.0194705 2.46765 2532.92
1.92367e-06 3.35732e-06 129024 25 1.21034 0.428862 0.00931375 1.92568 2513.09
1.9271e-06 3.44825e-06 129024 25 1.15293 0.491836 0.00849388 1.94622 2521.06
1.91283e-06 3.36318e-06 129024 25 1.16539 0.390029 0.0101194 1.84602 2426.57
1.90705e-06 3.31062e-06 129024 26 1.16286 0.400024 0.0100538 1.85983 2437.08
1.90242e-06 3.37097e-06 129024 23 1.1524 0.466078 0.00847013 1.90677 2527.12
1.88049e-06 3.30145e-06 129024 29 1.17225 0.390087 0.00861892 1.86473 2426.74
1.89811e-06 3.25488e-06 129024 23 1.19056 0.395924 0.00787908 1.8788 2526.45
1.88941e-06 3.24654e-06 129024 26 1.14884 0.414578 0.00893567 1.85852 2443.53
1.90918e-06 3.24108e-06 129024 23 1.2425 0.415358 0.009115 1.94581 2379.99
1.89746e-06 3.27887e-06 129024 29 1.21165 0.442558 0.00903721 1.95831 2369.46
1.90436e-06 3.23264e-06 129024 23 1.18924 0.393226 0.00835863 1.86625 2379.47
1.90312e-06 3.24445e-06 129024 26 1.20312 0.424712 0.00890513 1.92612 2388.83
1.91129e-06 3.22441e-06 129024 23 1.1969 0.405683 0.00996375 1.88406 2451.49
1.90554e-06 3.23567e-06 129024 29 1.19862 0.423292 0.0097025 1.93162 2406.96
1.90523e-06 3.25492e-06 129024 23 1.15523 0.429894 0.009223 1.86869 2472.75
1.90672e-06 3.1832e-06 129024 26 1.14887 0.373693 0.00882917 1.81683 2467
1.88464e-06 3.15938e-06 129024 26 1.1628 0.395346 0.00836317 1.84845 2562.61
1.9375e-06 3.21526e-06 129024 18 1.33152 0.443684 0.00915213 2.05804 2394.31
1.92502e-06 3.19372e-06 129024 29 1.14727 0.400951 0.00733908 1.84516 2315.84
1.96373e-06 3.13897e-06 129024 18 1.12399 0.376745 0.00888892 1.77644 2284.13
1.96682e-06 3.25907e-06 129024 23 1.16242 0.482485 0.00848508 1.92089 2248.4
2.00064e-06 3.30125e-06 129024 18 1.21426 0.44771 0.00887192 1.95046 2399.71
1.98112e-06 3.22542e-06 129024 23 1.18264 0.377016 0.00837054 1.83941 2442.78
1.98915e-06 3.19193e-06 129024 18 1.13105 0.394556 0.00968642 1.85652 2370.95
1.98311e-06 3.22236e-06 129024 23 1.15024 0.431463 0.00838167 1.86619 2364.34
2.00995e-06 3.18322e-06 129024 18 1.19393 0.390511 0.00926104 1.8641 2431.53
2.00911e-06 3.23867e-06 129024 23 1.19004 0.446487 0.00952975 1.92629 2419.59
2.02671e-06 3.28154e-06 129024 18 1.18124 0.445519 0.00810729 1.90565 2419.36
2.01322e-06 3.20979e-06 129024 23 1.13411 0.377112 0.00878263 1.79922 2399.42
2.01497e-06 3.24957e-06 129024 18 1.15638 0.439805 0.00968421 1.86544 2497
2.00735e-06 3.30774e-06 129024 23 1.17101 0.456799 0.00863163 1.92197 2488.61
2.02089e-06 3.32252e-06 129024 18 1.12626 0.436314 0.00999071 1.84288 2544.05
1.99744e-06 3.46416e-06 129024 23 1.3755 0.520056 0.00695117 2.18476 2521.59
2.00581e-06 3.34947e-06 129024 18 1.19194 0.372971 0.00848117 1.84271 2577.75
1.95699e-06 3.26298e-06 129024 23 1.12919 0.376364 0.0080775 1.77255 2541.51
2.07969e-06 3.30464e-06 129024 18 1.0992 0.447878 0.00952088 1.89307 2643
2.04247e-06 3.29135e-06 129024 23 1.19288 0.417809 0.00949421 1.89884 2656.23
2.03437e-06 3.18642e-06 129024 18 1.20249 0.356968 0.00968262 1.82868 2609.68
2.0027e-06 3.14325e-06 129024 23 1.14033 0.383276 0.00943838 1.8072 2624.59
1.99626e-06 3.13053e-06 129024 18 1.13941 0.397348 0.00997858 1.81074 2671.6
1.97439e-06 3.14413e-06 129024 23 1.17867 0.41269 0.0104091 1.88746 2678.77
1.98893e-06 3.11128e-06 129024 18 1.16007 0.384478 0.00835867 1.81987 2684.94
1.97108e-06 3.11578e-06 129024 23 1.16917 0.404332 0.0109233 1.87024 2637.75
1.97852e-06 3.19098e-06 129024 18 1.18354 0.450523 0.00948633 1.9141 2688.72
1.96303e-06 3.31566e-06 129024 23 1.14338 0.492147 0.00836571 1.93347 2691.47
1.978e-06 3.23642e-06 129024 18 1.21332 0.37668 0.00877192 1.87164 2689.36
1.9688e-06 3.21044e-06 129024 23 1.11857 0.400816 0.00961229 1.81365 2656.04
1.97222e-06 3.30107e-06 129024 18 1.17924 0.472693 0.00845783 1.92926 2649.75
1.94699e-06 3.3212e-06 129024 23 1.14059 0.438904 0.00957129 1.86072 2606.31
1.96609e-06 3.29236e-06 129024 18 1.18592 0.409908 0.00912875 1.87353 2592.24
1.95804e-06 3.2874e-06 129024 23 1.15244 0.421594 0.0166119 1.87562 2592.83
1.97902e-06 3.27678e-06 129024 18 1.12918 0.417304 0.0101161 1.83209 2613.65
1.96325e-06 3.31885e-06 129024 23 1.22789 0.44992 0.00796554 1.97126 2609.08
1.98972e-06 3.28409e-06 129024 18 1.16086 0.405789 0.0102983 1.84909 2596.81
1.97329e-06 3.25346e-06 129024 23 1.15854 0.403966 0.00708196 1.8578 2580.64
1.99108e-06 3.40153e-06 129024 18 1.14095 0.515295 0.00925013 1.93932 2603.57
1.97533e-06 3.50805e-06 129024 23 1.20293 0.507598 0.00936312 2.00246 2624.52
1.98283e-06 3.44863e-06 129024 18 1.15048 0.414293 0.00902654 1.84301 2662.06
1.96787e-06 3.39807e-06 129024 23 1.19685 0.412338 0.00936288 1.89458 2642.98
1.98401e-06 3.37286e-06 129024 18 1.20389 0.422166 0.00865133 1.90885 2681.03
1.96369e-06 3.28421e-06 129024 23 1.17286 0.377993 0.00928946 1.84104 2693.83
1.96651e-06 3.23692e-06 129024 18 1.15199 0.393232 0.00939754 1.82152 2688.77
1.94211e-06 3.18661e-06 129024 23 1.14419 0.385187 0.00806329 1.82016 2662.54
1.95468e-06 3.16621e-06 129024 18 1.18585 0.397988 0.00931146 1.86736 2712
1.94018e-06 3.1166e-06 129024 23 1.16342 0.376512 0.00906113 1.82946 2694.77
1.96062e-06 3.20229e-06 129024 18 1.14063 0.457397 0.00886367 1.88431 2651.45
1.9437e-06 3.26749e-06 129024 23 1.24397 0.455234 0.00949833 1.99159 2643.69
1.96146e-06 3.27153e-06 129024 18 1.18157 0.42419 0.00917217 1.88535 2671.81
1.94997e-06 3.21035e-06 129024 23 1.18405 0.38264 0.00945096 1.86633 2771.51
1.96654e-06 3.22083e-06 129024 18 1.16193 0.420971 0.00921558 1.86626 2770.82
1.94061e-06 3.19784e-06 129024 23 1.19571 0.400732 0.0102326 1.89106 2829.9
1.94646e-06 3.19751e-06 129024 18 1.13912 0.412387 0.00830521 1.82786 2777.92
1.93151e-06 3.16692e-06 129024 23 1.10478 0.392819 0.00891779 1.79409 2818.53
1.9427e-06 3.13946e-06 129024 18 1.11985 0.390894 0.00979083 1.79207 2836.04
1.90838e-06 3.20453e-06 129024 23 1.22693 0.447047 0.00988783 1.9564 2795.91
1.93234e-06 3.2731e-06 129024 18 1.19291 0.457692 0.00860929 1.93498 2754.75
1.92446e-06 3.20905e-06 129024 23 1.18457 0.38099 0.00943883 1.85885 2690.99
1.945e-06 3.1701e-06 129024 18 1.14587 0.38892 0.0074505 1.81832 2735.49
1.93323e-06 3.19881e-06 129024 23 1.15743 0.427536 0.00895546 1.88285 2690.49
1.96592e-06 3.25185e-06 129024 18 1.15807 0.446942 0.00911958 1.89271 2612.8
1.95299e-06 3.26231e-06 129024 23 1.17814 0.426313 0.0093555 1.89243 2509.98
1.98502e-06 3.30478e-06 129024 18 1.15244 0.448317 0.00893208 1.88315 2497.75
1.97407e-06 3.32219e-06 129024 23 1.17277 0.437628 0.00985192 1.8954 2487.29
1.99232e-06 3.3118e-06 129024 18 1.21771 0.421937 0.00947138 1.91995 2452.23
1.99871e-06 3.31953e-06 129024 23 1.19094 0.432289 0.00967717 1.92352 2465.78
2.00959e-06 3.27579e-06 129024 18 1.11861 0.400079 0.00839404 1.79555 2510.05
1.98796e-06 3.24761e-06 129024 23 1.11951 0.404478 0.00990788 1.81207 2462.47
2.00538e-06 3.22382e-06 129024 18 1.1046 0.403669 0.00835783 1.78216 2423.22
1.9947e-06 3.23469e-06 129024 23 1.12178 0.422967 0.00911942 1.82928 2417.26
2.03144e-06 3.27939e-06 129024 18 1.12501 0.446187 0.00926908 1.85682 2384.61
2.02208e-06 3.29499e-06 129024 23 1.12099 0.433187 0.00784575 1.85235 2444.06
2.03987e-06 3.2298e-06 129024 18 1.16781 0.383077 0.009855 1.82578 2456.23
2.02349e-06 3.25561e-06 129024 23 1.13042 0.43337 0.00904671 1.84907 2410.31
2.05763e-06 3.25941e-06 129024 18 1.10952 0.422503 0.00785829 1.81793 2348.15
2.04874e-06 3.2212e-06 129024 23 1.15356 0.395893 0.00904188 1.84035 2312.13
2.08542e-06 3.19794e-06 129024 18 1.13757 0.400608 0.0087085 1.82614 2274.6
2.06541e-06 3.25229e-06 129024 23 1.21466 0.447674 0.00814483 1.94755 2251.81
2.07322e-06 3.29068e-06 129024 18 1.21383 0.444386 0.00915808 1.93184 2252.5
2.0633e-06 3.26828e-06 129024 23 1.11832 0.410131 0.00870129 1.82155 2294.57
2.08167e-06 3.22941e-06 129024 18 1.18062 0.396611 0.00819321 1.85431 2295.65
2.07873e-06 3.22461e-06 129024 23 1.12558 0.413575 0.00888367 1.83667 2258.5
2.09787e-06 3.27989e-06 129024 18 1.1732 0.451712 0.00938942 1.90748 2254.77
2.09144e-06 3.27232e-06 129024 23 1.13094 0.4183 0.00831375 1.84398 2234.42
2.11007e-06 3.28174e-06 129024 18 1.13471 0.428286 0.00857646 1.84761 2227.46
2.09809e-06 3.23341e-06 129024 23 1.14804 0.392248 0.00919996 1.82748 2202.71
2.10934e-06 3.20219e-06 129024 18 1.12794 0.397046 0.0100242 1.8051 2224.84
2.09667e-06 3.25826e-06 129024 23 1.1473 0.449328 0.00784604 1.87866 2210.89
2.11104e-06 3.22206e-06 129024 18 1.09055 0.397042 0.00860212 1.76512 2261.37
2.09181e-06 3.20917e-06 129024 23 1.11792 0.407407 0.00830129 1.81538 2280.58
2.12203e-06 3.23913e-06 129024 18 1.10642 0.433389 0.00923917 1.83229 2267.07
2.1052e-06 3.22241e-06 129024 23 1.1268 0.40714 0.009973 1.8205 2249.38
2.10792e-06 3.25932e-06 129024 18 1.16317 0.43958 0.00887483 1.88442 2253.8
2.11375e-06 3.27587e-06 129024 23 1.10959 0.431203 0.0087935 1.84802 2252.75
2.10776e-06 3.24012e-06 129024 18 1.13851 0.399604 0.00874579 1.81393 2289.4
2.08811e-06 3.19141e-06 129024 23 1.10779 0.386633 0.00974242 1.77898 2321.01
2.11318e-06 3.24881e-06 129024 18 1.12198 0.448799 0.00956196 1.85875 2320.34
2.10211e-06 3.27634e-06 129024 23 1.25728 0.436931 0.00945792 1.98564 2316.77
2.11424e-06 3.24608e-06 129024 18 1.13408 0.403205 0.0102447 1.82054 2358.65
2.09419e-06 3.18823e-06 129024 23 1.12914 0.381505 0.0107032 1.80361 2318.41
2.10925e-06 3.17684e-06 129024 18 1.11171 0.404011 0.00758338 1.7968 2335.5
2.08633e-06 3.14635e-06 129024 23 1.12767 0.390215 0.00739808 1.79949 2289.66
2.10127e-06 3.12314e-06 129024 18 1.1393 0.390981 0.00912092 1.81202 2343.87
2.08096e-06 3.12667e-06 129024 23 1.1414 0.405238 0.0100455 1.841 2374.41
2.08914e-06 3.13841e-06 129024 18 1.13964 0.410991 0.00801404 1.83128 2420.82
2.0623e-06 3.18108e-06 129024 23 1.14305 0.432457 0.0096115 1.87466 2467.8
2.06687e-06 3.17256e-06 129024 18 1.25879 0.404939 0.009373 1.946 2581.67
2.03209e-06 3.13499e-06 129024 23 1.1686 0.385098 0.00686208 1.83907 2618.81
2.03463e-06 3.14438e-06 129024 18 1.10497 0.410547 0.00809538 1.79528 2552.32
2.01509e-06 3.12702e-06 129024 23 1.13721 0.394504 0.00958604 1.82706 2595.45
2.01033e-06 3.17953e-06 129024 18 1.15494 0.437336 0.00899608 1.8691 2686.51
1.98257e-06 3.13254e-06 129024 23 1.19729 0.379922 0.00948579 1.86363 2718.99
1.99377e-06 3.13575e-06 129024 18 1.15111 0.40624 0.00779262 1.83689 2688.01
1.97136e-06 3.21427e-06 129024 23 1.21148 0.455242 0.00786063 1.95865 2683.35
1.97353e-06 3.25462e-06 129024 18 1.17276 0.44075 0.00929413 1.89109 2634.76
1.96979e-06 3.22532e-06 129024 23 1.13706 0.401024 0.00830954 1.83926 2683.06
1.96602e-06 3.22273e-06 129024 18 1.23226 0.414468 0.00853421 1.91732 2652.87
1.94228e-06 3.21786e-06 129024 23 1.14973 0.412671 0.00864904 1.8434 2621.34
1.9611e-06 3.26695e-06 129024 18 1.2129 0.446851 0.00824338 1.9385 2633.27
1.95198e-06 3.24863e-06 129024 23 1.1721 0.409692 0.00864996 1.87218 2609.24
1.98437e-06 3.25867e-06 129024 18 1.16079 0.425633 0.010603 1.86937 2602.18
1.97935e-06 3.28596e-06 129024 23 1.19274 0.438053 0.00823983 1.93089 2576.13
1.9877e-06 3.34174e-06 129024 18 1.13874 0.459949 0.00886671 1.87708 2624.82
1.96571e-06 3.26538e-06 129024 23 1.14672 0.381901 0.0100171 1.81701 2580.29
1.98977e-06 3.21143e-06 129024 18 1.33979 0.386511 0.00951558 2.01225 2601.54
1.96615e-06 3.20704e-06 129024 23 1.15253 0.411521 0.00950838 1.85459 2601.73
1.98884e-06 3.22198e-06 129024 18 1.16431 0.423423 0.00970158 1.87529 2651.41
1.96565e-06 3.18357e-06 129024 23 1.18098 0.390935 0.00785225 1.8557 2596.89
1.97992e-06 3.18966e-06 129024 18 1.13095 0.414682 0.00733088 1.82009 2619.61
1.96993e-06 3.21296e-06 129024 23 1.15548 0.426578 0.00788292 1.87224 2672.8
1.96954e-06 3.2438e-06 129024 18 1.19371 0.434439 0.00880979 1.90041 2708.29
1.95595e-06 3.22939e-06 129024 23 1.15868 0.409234 0.00993854 1.86415 2668.56
1.97716e-06 3.21921e-06 129024 18 1.14354 0.410103 0.00788988 1.83261 2644.25
1.98213e-06 3.29779e-06 129024 23 1.18278 0.466046 0.00843263 1.95323 2576.74
1.98488e-06 3.27693e-06 129024 18 1.18497 0.412037 0.0100538 1.87642 2643.64
1.97727e-06 3.25363e-06 129024 23 1.17821 0.407773 0.00876246 1.88046 2548.23
1.99955e-06 3.22346e-06 129024 18 1.1601 0.40033 0.0085225 1.84115 2533.73
1.98573e-06 3.28943e-06 129024 23 1.16751 0.458465 0.00847029 1.93172 2510.3
2.00703e-06 3.2837e-06 129024 18 1.15749 0.420717 0.00921704 1.86363 2477.78
1.99959e-06 3.2665e-06 129024 23 1.1705 0.412583 0.00832088 1.87564 2435.32
2.01087e-06 3.24233e-06 129024 18 1.14179 0.40586 0.00830371 1.82132 2466.5
1.97081e-06 3.27296e-06 129024 23 1.14927 0.438102 0.00955188 1.859 2422.5
2.01407e-06 3.23268e-06 129024 18 1.16942 0.396306 0.00844346 1.84928 2349.6
2.01349e-06 3.22457e-06 129024 23 1.15503 0.411862 0.00872942 1.8596 2335.06
2.05783e-06 3.19365e-06 129024 18 1.1183 0.396099 0.00803179 1.80934 2295.96
2.04974e-06 3.20035e-06 129024 23 1.11808 0.416382 0.0105214 1.81875 2263.66
2.06125e-06 3.20014e-06 129024 18 1.14875 0.412786 0.00871471 1.83848 2334.42
2.04749e-06 3.19091e-06 129024 23 2.02584 0.406937 0.00834012 2.73127 2288.63
2.0723e-06 3.25555e-06 129024 18 1.10689 0.453403 0.00914079 1.83738 2270.67
2.05853e-06 3.23145e-06 129024 25 1.13114 0.404498 0.00922075 1.83566 2233.05
2.04936e-06 3.21e-06 129024 23 1.14035 0.403098 0.00862392 1.82893 2249.99
2.04951e-06 3.21226e-06 129024 23 1.10162 0.415626 0.00959425 1.80536 2281.86
2.04966e-06 3.18384e-06 129024 23 1.17749 0.39612 0.00873004 1.86324 2243.18
2.05501e-06 3.15031e-06 129024 23 1.16383 0.389166 0.00913075 1.84586 2190.96
2.06756e-06 3.11444e-06 129024 23 1.13836 0.383325 0.00675708 1.81688 2171.44
2.06599e-06 3.17818e-06 129024 23 1.15393 0.442957 0.00901483 1.88489 2122.56
2.06447e-06 3.15612e-06 129024 23 1.18237 0.395827 0.00887667 1.86436 2048.89
2.08199e-06 3.14026e-06 129024 23 1.14341 0.396988 0.00893112 1.82882 2025.08
2.08836e-06 3.12796e-06 129024 23 1.14139 0.397234 0.00827871 1.82785 2070.88
2.09538e-06 3.1426e-06 129024 23 1.1556 0.413021 0.0104372 1.85222 2065.27
2.10076e-06 3.14466e-06 129024 23 1.13274 0.406805 0.00757121 1.829 2026.34
2.11286e-06 3.13322e-06 129024 23 1.11729 0.398354 0.00955758 1.81058 2023.8
2.12479e-06 3.14003e-06 129024 23 1.10753 0.408654 0.00908842 1.81478 2096.52
2.12514e-06 3.14266e-06 129024 23 1.11942 0.406832 0.00907892 1.81629 2091.39
2.11973e-06 3.15241e-06 129024 23 1.12025 0.411774 0.0102156 1.81861 2081.7
2.13484e-06 3.16009e-06 129024 23 1.12775 0.41169 0.00834825 1.83122 2064.45
2.13799e-06 3.19183e-06 129024 23 1.11299 0.428206 0.00887404 1.83205 2017.9
2.13287e-06 3.18921e-06 129024 23 1.14787 0.410132 0.00952775 1.84979 2011.96
2.14779e-06 3.1475e-06 129024 23 1.12194 0.384572 0.00921262 1.8075 2082.27
2.13893e-06 3.17012e-06 129024 23 1.11599 0.420698 0.0102145 1.82688 2082.18
2.12649e-06 3.18723e-06 129024 23 1.16198 0.42006 0.00876363 1.87711 2131.88
2.12196e-06 3.23727e-06 129024 23 1.15852 0.443508 0.00661342 1.89166 2105.45
2.1168e-06 3.23367e-06 129024 23 1.15594 0.415369 0.00885654 1.85704 2016.97
2.11724e-06 3.17456e-06 129024 23 1.14422 0.379084 0.00781129 1.81085 2015.42
2.114e-06 3.16451e-06 129024 23 1.13741 0.403113 0.00675525 1.82518 2077.95
2.11474e-06 3.15156e-06 129024 23 1.08251 0.399939 0.00956979 1.77509 2067.9
2.11317e-06 3.13425e-06 129024 23 1.10164 0.395463 0.00823658 1.79152 2104.19
2.09696e-06 3.14655e-06 129024 23 1.13342 0.412331 0.00966721 1.82764 2118.01
2.10011e-06 3.27628e-06 129024 23 1.12699 0.489669 0.0104157 1.91022 2065.69
2.10267e-06 3.28379e-06 129024 23 1.1669 0.427562 0.00929783 1.88065 2042.56
2.10531e-06 3.27713e-06 129024 23 1.15842 0.419391 0.00954833 1.86329 1972.3
2.10075e-06 3.19657e-06 129024 23 1.14153 0.370859 0.00958396 1.79237 1956.34
2.10994e-06 3.27091e-06 129024 23 1.24659 0.460389 0.00890646 2.00097 2070.25
2.0977e-06 3.21332e-06 129024 23 1.30362 0.384873 0.00843421 1.97732 2069.59
2.11467e-06 3.53741e-06 129024 23 1.62421 0.623672 0.00736071 2.54308 1950.79
2.14163e-06 3.7055e-06 129024 20 2.40495 0.564848 0.00910046 3.25111 2000.45
2.14699e-06 3.58942e-06 129024 23 1.14473 0.403216 0.00829746 1.83561 1892.86
2.14855e-06 3.50502e-06 129024 22 1.13869 0.408675 0.00827112 1.82684 1935.22
2.15301e-06 3.4852e-06 129024 23 1.15127 0.439445 0.008527 1.87733 2004.15
2.14923e-06 3.39532e-06 129024 18 1.13888 0.391692 0.0102141 1.80159 2203.7
2.11323e-06 3.3443e-06 129024 29 1.14542 0.405163 0.00937625 1.84388 2043.02
2.15531e-06 3.26552e-06 129024 14 1.25263 0.380674 0.00787075 1.90074 2243.28
2.13095e-06 3.19391e-06 129024 23 1.24032 0.375129 0.00889038 1.90606 2363.57
2.1429e-06 3.14759e-06 129024 11 1.1537 0.382208 0.00968204 1.79307 2678.65
2.03909e-06 3.46988e-06 129024 32 1.18033 0.614029 0.00641292 2.32895 2372.32
2.07434e-06 3.44324e-06 129024 18 1.19818 0.430514 0.00827113 1.91927 2325.39
2.04895e-06 3.45515e-06 129024 26 1.1863 0.451943 0.0130521 1.92837 2269.5
2.08547e-06 3.40392e-06 129024 18 1.21642 0.412749 0.00896042 1.91791 2259.09
2.02921e-06 3.3344e-06 129024 30 1.14744 0.394339 0.00940921 1.9583 2474.62
2.09698e-06 3.2905e-06 129024 10 1.23834 0.401898 0.00986683 1.90124 2643.49
2.06949e-06 3.2692e-06 129024 18 1.2786 0.410813 0.0104935 1.96439 2673.09
2.10656e-06 3.24217e-06 129024 13 1.23342 0.404364 0.00839171 1.90762 2603.15
2.06856e-06 3.51565e-06 129024 23 1.21178 0.59475 0.00939013 2.12282 2601.94
2.08036e-06 3.405e-06 129024 14 1.10766 0.382217 0.00788075 1.75905 2613.34
2.04939e-06 3.39333e-06 129024 23 1.15965 0.431798 0.00854038 1.87508 2606.34
2.033e-06 3.37679e-06 129024 18 1.12069 0.427152 0.00900538 1.82392 2638.4
2.01055e-06 3.34789e-06 129024 22 1.15476 0.417043 0.0173963 1.86265 2649.27
2.00341e-06 3.29911e-06 129024 18 1.14863 0.400487 0.0109029 1.83272 2690.87
2.00256e-06 3.251e-06 129024 20 1.14051 0.394627 0.0112275 1.824 2670.74
2.00176e-06 3.23382e-06 129024 18 1.14692 0.408379 0.00885396 1.83453 2660.09
1.97843e-06 3.17878e-06 129024 22 1.16868 0.381733 0.00854588 1.83727 2659.38
1.97809e-06 3.20276e-06 129024 18 1.11226 0.425605 0.00919196 1.81698 2699.19
1.96609e-06 3.23169e-06 129024 22 1.146 0.431899 0.00881058 1.86852 2668.25
1.97833e-06 3.20864e-06 129024 18 1.139 0.402093 0.00878775 1.82257 2659.12
1.97827e-06 3.18492e-06 129024 20 1.1415 0.39869 0.009134 1.82382 2647.47
2.00753e-06 3.21309e-06 129024 18 1.12685 0.429107 0.00840608 1.84595 2632.4
2.00212e-06 3.18993e-06 129024 20 1.15193 0.399625 0.00979958 1.84055 2635.71
2.00031e-06 3.15516e-06 129024 18 1.14672 0.389142 0.0107955 1.81328 2676.13
1.99978e-06 3.14956e-06 129024 20 1.13476 0.403482 0.00960738 1.82191 2697.82
1.9947e-06 3.1619e-06 129024 18 1.1523 0.41433 0.0104105 1.83457 2658.63
1.96901e-06 3.16408e-06 129024 22 1.15056 0.409368 0.00906533 1.84878 2654.9
1.99149e-06 3.19547e-06 129024 18 1.16857 0.428488 0.00742671 2.01551 2674.38
1.99029e-06 3.1985e-06 129024 18 1.28829 0.414249 0.00833154 1.98045 2713.91
1.99117e-06 3.23965e-06 129024 18 1.15824 0.439227 0.008874 2.13884 2678.65
1.98579e-06 3.45445e-06 129024 20 1.17798 0.556569 0.00862554 2.01327 2672.66
1.99991e-06 3.42286e-06 129024 18 1.09928 0.425326 0.00856283 1.80957 2690.41
1.97274e-06 3.3704e-06 129024 22 1.21984 0.407787 0.00927879 1.90836 2653.83
1.984e-06 3.29401e-06 129024 18 1.12191 0.38558 0.00933446 1.78581 2672.1
1.96753e-06 3.2448e-06 129024 22 1.19121 0.393262 0.00851333 2.44059 2645.16
1.97709e-06 3.20695e-06 129024 18 1.12074 0.394237 0.00874512 1.78992 2640.46
1.96689e-06 3.20221e-06 129024 22 1.16985 0.410715 0.00860763 1.87683 2636.22
1.97876e-06 3.2001e-06 129024 18 1.18823 0.411804 0.00814429 1.88956 2655.61
1.99634e-06 3.169e-06 129024 18 1.15265 0.392825 0.00847029 1.82879 2640.85
2.01576e-06 3.1685e-06 129024 18 1.13655 0.408552 0.00826079 1.83166 2618.19
2.02202e-06 3.16908e-06 129024 18 1.12455 0.409188 0.00949504 1.82227 2625.86
2.01853e-06 3.19622e-06 129024 20 1.16816 0.426398 0.0089375 1.88024 2635.52
2.02122e-06 3.13511e-06 129024 18 1.18158 0.372962 0.00941825 1.83968 2666.95
1.9984e-06 3.1888e-06 129024 20 1.12972 0.439142 0.00796658 1.85077 2653.33
1.9962e-06 3.21977e-06 129024 18 1.1196 0.431411 0.00924471 1.82195 2633.74
1.98916e-06 3.29333e-06 129024 22 1.18058 0.462885 0.00949304 1.93724 2634.56
2.00194e-06 3.22613e-06 129024 18 1.20045 0.381565 0.00680413 1.8596 2681.37
1.96618e-06 3.17237e-06 129024 22 1.14118 0.381567 0.00993304 3.25885 2640.9
1.97287e-06 3.23081e-06 129024 18 1.19155 0.447015 0.00898346 1.91818 2627.01
1.98243e-06 3.19865e-06 129024 20 1.14526 0.396103 0.00871121 1.82688 2503.98
1.9961e-06 3.29746e-06 129024 18 1.21858 0.476446 0.00747863 1.98226 2664.18
1.98325e-06 3.26894e-06 129024 20 1.11996 0.407055 0.00842183 1.811 2665.65
1.98186e-06 3.22616e-06 129024 18 1.13906 0.394168 0.00856571 1.80788 2673.03
2.00815e-06 3.22429e-06 129024 18 1.17133 0.415048 0.00846842 1.8842 2689.69
2.00863e-06 3.22949e-06 129024 18 1.15759 0.419366 0.00892463 1.86399 2653.98
2.01832e-06 3.23029e-06 129024 20 1.15615 0.417199 0.00839317 1.86073 2531.27
2.04318e-06 3.19893e-06 129024 18 1.15812 0.39655 0.00867821 1.83999 2509.57
2.04186e-06 3.2283e-06 129024 22 1.22876 0.431689 0.00838896 1.95248 2559.73
2.08238e-06 3.18906e-06 129024 17 1.29326 0.391214 0.00925117 1.97902 2434.62
2.07989e-06 3.15946e-06 129024 20 1.11508 0.39237 0.00903808 1.79499 2412.88
2.0765e-06 3.25828e-06 129024 18 1.14175 0.471397 0.00947275 1.89101 2417.03
2.07076e-06 3.26584e-06 129024 22 1.12227 0.425274 0.00904404 1.84805 2446.49
2.07042e-06 3.22833e-06 129024 18 1.13686 0.397171 0.0101858 1.82018 2504.65
2.07515e-06 3.24223e-06 129024 20 1.15284 0.425499 0.00833317 1.87468 2506.81
2.07983e-06 3.19337e-06 129024 18 1.20095 0.386805 0.00852642 1.86935 2427.02
2.07631e-06 3.1606e-06 129024 20 1.12896 0.390881 0.00902054 1.8087 2393.42
2.06952e-06 3.14999e-06 129024 18 1.12803 0.400945 0.0103084 1.80153 2459.73
2.08694e-06 3.11713e-06 129024 18 1.09923 0.385229 0.0101175 1.76737 2420.52
2.07542e-06 3.16364e-06 129024 20 1.11803 0.432188 0.0096995 1.83516 2490.48
2.06971e-06 3.25089e-06 129024 18 1.14451 0.464475 0.00873038 1.87717 2462.86
2.11786e-06 3.2413e-06 129024 18 1.138 0.413253 0.0084855 1.85483 2430.45
2.10026e-06 3.24209e-06 129024 20 1.14667 0.418719 0.00923183 1.84628 2444.84
2.08635e-06 3.22061e-06 129024 18 1.11325 0.404451 0.00834675 1.78776 2451.82
2.07833e-06 3.30189e-06 129024 20 1.17081 0.467972 0.0090085 1.92871 2437.38
2.10378e-06 3.26963e-06 129024 18 1.10991 0.405211 0.008485 1.7991 2444.71
2.08578e-06 3.23916e-06 129024 20 1.10683 0.402205 0.0102837 1.79243 2409.74
2.07178e-06 3.19643e-06 129024 18 1.12678 0.39036 0.00715179 1.78192 2403.61
2.08539e-06 3.21582e-06 129024 18 1.14002 0.424924 0.00889575 1.84131 2391.58
2.07081e-06 3.22233e-06 129024 23 1.11381 0.419117 0.010164 1.8246 2309.78
2.12648e-06 3.17029e-06 129024 14 1.1743 0.382189 0.00882912 1.83472 2266.46
2.10721e-06 3.12348e-06 129024 23 1.12004 0.378848 0.00847042 1.79291 2354.31
