10.7125	2.26099 3 720 
6.93874	3.89775 3 720 
6.99399	6.72305 3 720 
6.72711	6.19487 3 720 
6.86931	6.46097 3 720 
6.91814	6.32874 3 720 
6.82356	6.54911 3 720 
7.18077	6.16865 3 720 
6.98924	6.64225 3 720 
6.91921	6.48575 3 720 
6.74663	6.2904 3 720 
6.76807	6.22589 3 720 
6.98357	6.53199 3 720 
6.76074	6.1877 3 720 
7.28622	6.26311 3 720 
7.2322	6.63017 3 720 
7.40486	6.7445 3 720 
7.18668	6.61804 3 720 
7.5001	6.70203 3 720 
7.06861	6.52684 3 720 
7.31857	6.91906 3 720 
7.1981	6.36788 3 720 
7.29395	6.83541 3 720 
7.07467	6.4427 3 720 
7.92147	6.90659 3 720 
7.18521	6.82803 3 720 
7.32096	6.79011 3 720 
7.25524	6.65137 3 720 
7.55182	7.08403 3 720 
7.16945	6.60606 3 720 
7.50173	7.01365 3 720 
7.08407	6.44534 3 720 
7.54241	6.78142 3 720 
7.24284	6.81965 3 720 
7.13656	6.70531 3 720 
7.19968	6.59506 3 720 
7.43117	6.77301 3 720 
6.97169	6.43195 3 720 
7.44915	6.76129 3 720 
7.30069	6.42759 3 720 
7.22518	6.68759 3 720 
7.08248	6.49187 3 720 
7.49232	6.86993 3 720 
7.31787	6.91357 3 720 
7.37399	7.00488 3 720 
7.23751	6.58263 3 720 
7.40619	6.67931 3 720 
7.32647	6.66673 3 720 
7.49644	6.75355 3 720 
7.05265	6.523 3 720 
7.3396	6.92866 3 720 
6.8963	6.45932 3 720 
7.42028	6.58981 3 720 
7.12723	6.70181 3 720 
7.4163	6.73267 3 720 
7.25939	6.60127 3 720 
7.3156	6.6601 3 720 
7.27827	6.68343 3 720 
7.2534	6.80954 3 720 
7.18696	6.46054 3 720 
7.29881	7.16009 3 720 
7.29441	6.70493 3 720 
7.17799	6.42681 3 720 
7.35202	6.90438 3 720 
7.19357	6.50338 3 720 
7.17904	6.80472 3 720 
7.23669	6.50138 3 720 
7.25623	6.67364 3 720 
7.23958	6.55018 3 720 
7.42271	6.84482 3 720 
7.12092	6.5945 3 720 
7.36835	6.75604 3 720 
7.20338	6.69783 3 720 
7.31447	6.6976 3 720 
7.24178	6.59136 3 720 
7.52178	6.63623 3 720 
6.98851	6.60083 3 720 
7.36583	6.86619 3 720 
6.98648	6.5546 3 720 
7.26813	6.60859 3 720 
7.31358	6.86645 3 720 
7.46685	6.83134 3 720 
7.20774	6.87157 3 720 
7.48698	6.85202 3 720 
7.04442	6.61656 3 720 
7.38258	7.55742 3 720 
7.19794	6.65337 3 720 
7.51374	7.30582 3 720 
7.28539	6.73367 3 720 
7.38883	7.28148 3 720 
7.07321	6.39503 3 720 
7.35382	7.51684 3 720 
7.02451	6.6859 3 720 
7.29344	7.29779 3 720 
7.40729	6.81348 3 720 
7.1184	6.89442 3 720 
7.24134	6.89643 3 720 
7.25777	6.94966 3 720 
7.24256	7.08426 3 720 
7.46122	6.81837 3 720 
7.06012	6.97677 3 720 
7.41058	7.06303 3 720 
7.29999	6.93089 3 720 
7.33343	7.13443 3 720 
7.19744	6.74193 3 720 
7.62301	7.11963 3 720 
6.68612	7.08133 3 720 
7.45848	6.64803 3 720 
7.31698	6.91185 3 720 
7.13888	7.63529 3 720 
7.31028	6.81147 3 720 
7.27914	6.7712 3 720 
7.23429	6.95075 3 720 
7.3017	7.13055 3 720 
7.27917	6.88904 3 720 
7.25474	7.13055 3 720 
7.16937	6.83795 3 720 
7.48453	7.17601 3 720 
7.09641	6.81036 3 720 
7.43202	7.15155 3 720 
7.14238	6.84584 3 720 
7.31781	7.10772 3 720 
7.33586	6.91519 3 720 
7.43402	7.1769 3 720 
7.0549	6.90869 3 720 
7.4435	6.82237 3 720 
7.22934	6.87304 3 720 
7.13268	7.33811 3 720 
7.26339	6.63162 3 720 
7.20857	6.94802 3 720 
7.3081	6.99191 3 720 
7.25687	6.7528 3 720 
7.30953	7.01126 3 720 
7.15617	7.11756 3 720 
7.25317	6.76238 3 720 
7.21161	7.15403 3 720 
7.16101	6.92614 3 720 
7.39837	7.01143 3 720 
7.13766	6.61471 3 720 
7.35935	7.12409 3 720 
7.28616	6.95627 3 720 
7.26577	6.89154 3 720 
7.25637	6.87639 3 720 
7.32341	6.7958 3 720 
7.19094	6.89354 3 720 
7.35401	7.04224 3 720 
7.26306	6.93667 3 720 
7.13387	6.8374 3 720 
7.16538	6.75069 3 720 
7.22304	7.07539 3 720 
7.3302	6.72043 3 720 
7.16367	7.28281 3 720 
7.20692	6.77827 3 720 
7.27572	7.03871 3 720 
7.10909	6.88176 3 720 
7.34931	7.1143 3 720 
7.25512	7.01744 3 720 
7.2853	6.94378 3 720 
7.20952	6.78784 3 720 
7.23642	7.17761 3 720 
7.34766	7.00804 3 720 
7.1462	7.0839 3 720 
7.17085	6.55547 3 720 
7.33731	7.11669 3 720 
7.27417	6.77188 3 720 
7.17427	7.15607 3 720 
7.35944	6.82606 3 720 
7.05191	6.92973 3 720 
7.43039	7.10345 3 720 
7.10425	6.86653 3 720 
7.34231	7.21622 3 720 
7.3047	6.97683 3 720 
7.1857	7.15582 3 720 
7.35572	6.71306 3 720 
7.07458	6.94177 3 720 
7.32609	6.8953 3 720 
7.09661	6.58518 3 720 
7.40946	7.31228 3 720 
7.14567	6.85068 3 720 
7.27384	7.06589 3 720 
7.20691	6.92549 3 720 
7.24721	7.06507 3 720 
7.1494	6.81195 3 720 
7.36088	7.23305 3 720 
7.33027	6.81465 3 720 
7.2525	7.06758 3 720 
7.4103	6.86168 3 720 
7.24823	7.16202 3 720 
7.00425	6.86193 3 720 
7.50796	6.94331 3 720 
7.10147	6.79794 3 720 
7.27313	7.24764 3 720 
7.15889	6.92432 3 720 
7.31609	6.95126 3 720 
7.03909	6.93339 3 720 
7.49386	7.00351 3 720 
7.13954	6.92049 3 720 
7.22422	7.1229 3 720 
7.32677	6.91856 3 720 
7.35669	7.04444 3 720 
7.30554	7.0053 3 720 
7.37601	7.06791 3 720 
7.01156	6.89463 3 720 
7.3857	6.93096 3 720 
7.16766	6.89609 3 720 
7.31786	7.11926 3 720 
7.23053	6.83137 3 720 
7.05125	7.07228 3 720 
7.29952	6.89484 3 720 
7.12851	7.04348 3 720 
7.40809	6.91517 3 720 
7.18393	6.90981 3 720 
7.29364	7.09897 3 720 
7.31707	7.01395 3 720 
7.17445	7.04264 3 720 
7.4354	6.98959 3 720 
6.92803	6.99404 3 720 
7.31455	6.77863 3 720 
7.14734	6.75183 3 720 
7.41973	7.0874 3 720 
7.12068	6.88121 3 720 
7.34297	6.89106 3 720 
7.29554	6.95251 3 720 
7.36691	7.03758 3 720 
7.16362	6.89738 3 720 
7.32747	7.03094 3 720 
7.57198	6.94361 3 720 
7.20509	7.0998 3 720 
7.26569	6.95963 3 720 
7.4295	7.07505 3 720 
7.23827	6.96645 3 720 
7.43083	6.99158 3 720 
7.02805	6.65066 3 720 
7.4232	6.7784 3 720 
7.10313	6.45514 3 720 
7.41587	6.90163 3 720 
7.18721	6.61472 3 720 
7.51635	6.84769 3 720 
7.08124	6.62596 3 720 
7.39766	6.70406 3 720 
7.32431	6.60074 3 720 
7.18136	6.78216 3 720 
7.08601	6.51922 3 720 
7.54555	6.88745 3 720 
7.00177	6.28852 3 720 
7.41991	6.99534 3 720 
7.28792	6.82464 3 720 
7.36862	6.55941 3 720 
7.20071	6.62746 3 720 
7.39548	6.86654 3 720 
7.01581	6.28683 3 720 
7.3913	7.04902 3 720 
7.28245	6.62797 3 720 
7.29828	6.62293 3 720 
7.32115	6.68361 3 720 
7.28502	6.58832 3 720 
7.24011	6.74796 3 720 
6.95152	6.49979 3 720 
7.23452	6.66231 3 720 
7.25701	6.59502 3 720 
7.27297	6.68984 3 720 
7.28826	6.81481 3 720 
7.18428	6.57741 3 720 
7.33077	6.50922 3 720 
7.35118	6.71663 3 720 
7.59135	6.82535 3 720 
7.05573	6.53094 3 720 
7.65745	6.81477 3 720 
6.9845	6.40462 3 720 
7.52119	6.9528 3 720 
7.12149	6.4378 3 720 
7.32449	6.81887 3 720 
7.07276	6.52549 3 720 
7.51946	6.72174 3 720 
7.12529	6.50336 3 720 
7.47003	6.99241 3 720 
7.22348	6.50387 3 720 
7.31953	7.08628 3 720 
7.23799	6.57735 3 720 
7.24701	6.77551 3 720 
7.13159	6.47227 3 720 
7.24876	6.87172 3 720 
7.25092	6.51945 3 720 
7.33211	6.86454 3 720 
6.94954	6.48173 3 720 
7.47147	6.92502 3 720 
7.03674	6.34911 3 720 
7.54289	6.96008 3 720 
7.01516	6.37051 3 720 
7.14444	6.97717 3 720 
7.31374	6.64464 3 720 
7.15111	6.51088 3 720 
7.47299	6.81484 3 720 
7.20004	6.53251 3 720 
7.27406	6.84586 3 720 
7.17168	6.67767 3 720 
7.15315	6.81332 3 720 
7.39263	6.63065 3 720 
7.11025	6.50882 3 720 
7.40976	6.74093 3 720 
7.17342	6.7419 3 720 
7.38937	6.65224 3 720 
7.12766	6.65928 3 720 
7.4744	6.71444 3 720 
6.99188	6.70486 3 720 
7.34168	6.65266 3 720 
7.23889	6.70913 3 720 
7.32509	6.5852 3 720 
7.16331	6.73781 3 720 
7.44266	6.59578 3 720 
7.23555	6.73088 3 720 
7.05249	6.46586 3 720 
7.24805	6.78566 3 720 
7.18336	6.28503 3 720 
7.51888	6.77612 3 720 
7.14612	6.4906 3 720 
7.43925	7.0303 3 720 
7.09818	6.59249 3 720 
7.40147	6.94719 3 720 
7.28989	6.65124 3 720 
7.38972	6.8937 3 720 
7.15319	6.55839 3 720 
7.26876	6.67946 3 720 
7.20094	6.54036 3 720 
7.62451	6.91622 3 720 
7.10882	6.50861 3 720 
7.34026	6.79866 3 720 
7.07262	6.62603 3 720 
7.63493	7.19427 3 720 
7.03853	6.64983 3 720 
7.52262	7.07523 3 720 
7.06361	6.5098 3 720 
7.31211	6.83635 3 720 
7.32187	6.65479 3 720 
7.31535	6.70357 3 720 
7.28486	6.65767 3 720 
7.34447	6.7661 3 720 
7.16216	6.71256 3 720 
7.17525	6.52714 3 720 
7.13691	6.80803 3 720 
7.1543	6.48324 3 720 
7.45975	6.74746 3 720 
7.19024	6.45814 3 720 
7.19871	7.06456 3 720 
