10.5494	2.26099 3 720 
6.8534	3.82114 3 720 
7.10561	7.24574 3 720 
6.82747	6.79728 3 720 
7.05406	7.17447 3 720 
6.89721	6.96478 3 720 
6.92282	7.29221 3 720 
6.83126	6.89872 3 720 
6.81162	6.99255 3 720 
6.85135	6.86896 3 720 
6.86284	6.86061 3 720 
6.96578	6.67551 3 720 
7.21647	7.31171 3 720 
7.00821	6.87625 3 720 
7.02166	7.38961 3 720 
6.86296	6.71016 3 720 
6.96822	6.84503 3 720 
6.82315	6.58865 3 720 
7.05488	6.94082 3 720 
6.72392	6.36758 3 720 
6.80058	7.21091 3 720 
6.87673	6.51874 3 720 
6.77222	7.19395 3 720 
6.76317	6.45376 3 720 
6.67176	7.08228 3 720 
6.53069	6.548 3 720 
6.75375	6.74997 3 720 
6.60278	6.51725 3 720 
6.77908	6.90215 3 720 
6.5243	6.4749 3 720 
7.25353	6.87055 3 720 
6.69584	6.53833 3 720 
6.96879	7.03441 3 720 
6.72185	6.70755 3 720 
6.85382	6.79855 3 720 
6.87362	6.87474 3 720 
7.00375	6.99465 3 720 
6.73105	6.55776 3 720 
6.93546	7.11694 3 720 
6.75792	6.54514 3 720 
6.99387	6.78 3 720 
6.82108	6.86328 3 720 
7.11913	7.22389 3 720 
6.80737	6.98584 3 720 
7.11965	6.96018 3 720 
6.78897	6.96894 3 720 
7.18555	6.79505 3 720 
6.91974	6.92501 3 720 
6.98244	6.93866 3 720 
6.8785	6.61674 3 720 
7.42372	7.33882 3 720 
6.9517	6.51161 3 720 
7.08213	7.10584 3 720 
6.86566	6.8184 3 720 
7.07394	7.10625 3 720 
6.77562	6.64523 3 720 
6.65364	6.67824 3 720 
6.87256	6.58683 3 720 
6.76749	6.8648 3 720 
6.40223	6.38876 3 720 
6.63189	7.06195 3 720 
6.68881	6.64866 3 720 
6.66496	6.27428 3 720 
6.69344	6.95937 3 720 
6.58158	6.45726 3 720 
7.03533	6.80405 3 720 
6.9053	6.88046 3 720 
6.80241	6.77992 3 720 
6.67502	6.66222 3 720 
7.07733	6.93088 3 720 
6.72419	6.79308 3 720 
6.88233	6.88897 3 720 
6.88594	6.70625 3 720 
6.80135	6.78205 3 720 
6.81088	6.61408 3 720 
6.82808	6.80875 3 720 
6.96084	6.39434 3 720 
7.22	6.6716 3 720 
6.8105	6.82576 3 720 
7.36648	6.84641 3 720 
6.88891	7.01356 3 720 
7.0412	6.78603 3 720 
6.93197	6.67866 3 720 
7.29132	7.08271 3 720 
6.58518	6.81381 3 720 
7.21091	7.27018 3 720 
6.73451	6.6727 3 720 
7.0515	7.07574 3 720 
6.82592	6.54167 3 720 
6.84735	7.0878 3 720 
6.80272	6.31642 3 720 
7.0262	7.40591 3 720 
6.85222	6.59741 3 720 
6.69256	7.25184 3 720 
6.79935	6.63097 3 720 
6.84372	6.73667 3 720 
6.88133	6.8502 3 720 
6.9453	6.92987 3 720 
6.78564	6.91479 3 720 
7.02957	6.68296 3 720 
6.63972	6.80083 3 720 
7.1848	6.80775 3 720 
6.80774	6.85958 3 720 
6.89309	6.87712 3 720 
6.8132	6.51596 3 720 
6.9049	7.08631 3 720 
6.27723	6.71685 3 720 
6.81647	6.74833 3 720 
6.6036	6.57801 3 720 
6.65748	7.15447 3 720 
6.82097	6.73355 3 720 
6.82194	6.75534 3 720 
6.82843	6.82151 3 720 
6.85516	7.06977 3 720 
6.71656	6.855 3 720 
7.1162	6.94482 3 720 
6.54794	6.81215 3 720 
7.11561	6.964 3 720 
6.52492	6.53921 3 720 
7.11986	6.97365 3 720 
6.70383	6.81395 3 720 
6.81583	7.11434 3 720 
6.6273	6.68301 3 720 
6.92827	6.8838 3 720 
6.54348	6.67442 3 720 
6.81006	6.78131 3 720 
6.74635	6.52595 3 720 
6.75643	7.35474 3 720 
6.75759	6.77502 3 720 
6.79365	6.9247 3 720 
6.82674	7.00748 3 720 
6.79221	6.6406 3 720 
6.7547	6.71483 3 720 
6.72856	6.8774 3 720 
6.7255	6.55724 3 720 
6.79522	6.91921 3 720 
6.72624	6.67845 3 720 
7.32956	6.96436 3 720 
6.6206	7.06714 3 720 
6.76754	7.06349 3 720 
6.7398	6.59706 3 720 
6.74227	6.93432 3 720 
6.76147	6.64379 3 720 
6.90119	6.99918 3 720 
6.67014	6.67331 3 720 
6.81955	6.95559 3 720 
6.68482	6.64101 3 720 
6.96608	6.74313 3 720 
6.63233	6.80544 3 720 
6.95703	6.85576 3 720 
6.64444	6.42257 3 720 
6.70826	6.99592 3 720 
6.79101	6.31781 3 720 
6.86913	6.97182 3 720 
7.10932	6.54437 3 720 
7.00366	7.15834 3 720 
7.01605	6.76515 3 720 
6.84387	6.83785 3 720 
6.8949	6.51263 3 720 
6.97708	7.24097 3 720 
6.86287	6.79678 3 720 
6.98646	6.84966 3 720 
7.02357	6.55622 3 720 
7.08104	7.19287 3 720 
6.95274	6.65111 3 720 
6.82361	7.41332 3 720 
7.30003	6.83354 3 720 
6.77361	6.96572 3 720 
7.05599	7.12451 3 720 
6.56651	6.67713 3 720 
7.16169	7.16006 3 720 
6.87108	6.65533 3 720 
6.84944	6.98111 3 720 
7.14648	6.65824 3 720 
6.97995	6.94862 3 720 
6.98465	7.25412 3 720 
6.9625	6.577 3 720 
7.19266	7.55093 3 720 
6.77263	6.77906 3 720 
7.05438	7.06385 3 720 
6.74674	6.8017 3 720 
6.9086	6.9002 3 720 
7.13166	6.59314 3 720 
7.15108	7.76281 3 720 
6.9323	6.7485 3 720 
6.95215	6.97885 3 720 
6.9855	6.68333 3 720 
7.10335	6.98585 3 720 
6.85211	6.82941 3 720 
7.06494	7.44593 3 720 
6.786	6.48168 3 720 
6.90917	7.27186 3 720 
6.85897	6.72991 3 720 
6.9074	6.80265 3 720 
6.68811	6.75071 3 720 
7.22623	6.95485 3 720 
6.905	6.70317 3 720 
6.96117	7.18914 3 720 
6.8279	6.88297 3 720 
6.91562	6.93274 3 720 
7.00199	6.92777 3 720 
7.13151	6.96186 3 720 
6.97059	6.6754 3 720 
7.10609	7.10937 3 720 
6.87113	6.6685 3 720 
6.96719	7.21452 3 720 
7.03812	6.50921 3 720 
6.89944	7.1955 3 720 
7.90008	6.88187 3 720 
6.81076	6.99599 3 720 
7.17944	6.76346 3 720 
6.97105	6.68422 3 720 
7.05526	7.12377 3 720 
7.09191	6.95042 3 720 
6.82569	6.97335 3 720 
7.03806	6.9612 3 720 
6.94806	6.77431 3 720 
7.06715	7.13078 3 720 
6.4738	6.82947 3 720 
7.06683	6.91036 3 720 
6.65408	6.59015 3 720 
6.72897	6.91481 3 720 
6.79297	6.46215 3 720 
6.65888	6.81826 3 720 
6.73897	6.40359 3 720 
6.75041	7.25766 3 720 
6.74329	6.6487 3 720 
6.68056	6.87017 3 720 
6.72099	6.81968 3 720 
6.91996	6.93056 3 720 
6.66773	6.85679 3 720 
6.86547	7.03688 3 720 
6.64776	6.73421 3 720 
7.06576	7.15349 3 720 
6.75802	6.51562 3 720 
6.99294	7.23205 3 720 
6.85378	6.65407 3 720 
6.99607	6.97514 3 720 
6.89247	6.73216 3 720 
6.9872	7.08791 3 720 
6.85771	6.89417 3 720 
7.00856	7.10678 3 720 
6.89836	6.95145 3 720 
7.15238	7.18537 3 720 
6.76517	6.63627 3 720 
6.82348	7.31609 3 720 
6.97188	6.92049 3 720 
7.06942	6.85145 3 720 
6.89564	6.89418 3 720 
7.03215	7.18438 3 720 
6.60973	6.58773 3 720 
6.84879	7.21492 3 720 
6.87053	6.82181 3 720 
6.99453	6.74636 3 720 
6.98885	6.99893 3 720 
7.07525	6.9576 3 720 
6.86063	7.12029 3 720 
6.89091	6.77557 3 720 
6.90485	7.28381 3 720 
6.5315	6.76274 3 720 
7.00568	6.58236 3 720 
6.74078	6.91784 3 720 
7.0264	6.57667 3 720 
6.72734	6.77659 3 720 
6.79978	6.80265 3 720 
6.81465	7.00006 3 720 
6.50804	6.64037 3 720 
6.97108	6.77209 3 720 
6.55681	6.44499 3 720 
7.08518	7.2062 3 720 
6.47502	6.61442 3 720 
6.8333	6.88324 3 720 
6.56995	6.67212 3 720 
6.81687	6.90801 3 720 
6.55666	6.66101 3 720 
6.82457	7.07624 3 720 
6.67841	6.68365 3 720 
6.83905	7.27211 3 720 
6.7264	6.65983 3 720 
7.09972	6.96314 3 720 
6.91052	6.61601 3 720 
6.92242	7.20973 3 720 
6.90683	6.80103 3 720 
6.99209	7.06222 3 720 
6.75139	6.7559 3 720 
7.12497	7.3513 3 720 
6.75323	6.61036 3 720 
7.12794	7.27143 3 720 
6.78831	6.62646 3 720 
6.91073	7.28402 3 720 
7.00756	6.92259 3 720 
6.80319	6.71975 3 720 
6.98891	6.98792 3 720 
7.33449	6.64282 3 720 
6.92923	7.07045 3 720 
6.7404	6.84896 3 720 
6.86213	6.88288 3 720 
6.94531	6.96478 3 720 
6.80647	6.59951 3 720 
6.69171	7.02642 3 720 
6.8775	6.52969 3 720 
6.83772	6.65767 3 720 
6.65335	6.60979 3 720 
6.67996	6.89633 3 720 
6.51564	6.5489 3 720 
6.71548	6.79377 3 720 
7.40388	6.60469 3 720 
6.96453	6.54651 3 720 
7.0706	6.85868 3 720 
6.93957	6.85239 3 720 
7.0737	6.86066 3 720 
6.96707	6.72354 3 720 
6.89965	7.22906 3 720 
7.23907	6.55626 3 720 
7.09314	6.86503 3 720 
6.7769	6.52448 3 720 
6.9867	7.27742 3 720 
6.92369	6.56169 3 720 
6.96792	7.29652 3 720 
6.98693	6.73514 3 720 
7.06458	7.09312 3 720 
