2	232457		1765.54		445.457	2.35591e+06
3	232211		1768.22		408.323	2.64036e+06
4	237057		1712.99		378.585	2.62752e+06
5	237737		1706.01		363.782	2.73152e+06
6	236202		1723		353.039	2.7109e+06
7	236323		1721.63		349.091	2.72263e+06
8	235398		1732.07		343.745	2.73831e+06
9	237443		1709.74		341.214	2.69791e+06
10	238596		1698.46		340.094	2.69117e+06
11	238914		1695.54		340.041	2.71132e+06
12	239549		1687.62		335.479	2.73744e+06
13	238128		1698.49		334.024	2.75094e+06
14	239847		1678.48		331.817	2.72105e+06
15	237772		1690.7		332.361	2.72774e+06
16	237175		1696.19		332.377	2.76327e+06
17	328037		609.961		332.795	2.76885e+06
18	326331		614.698		331.971	2.77506e+06
19	333712		592.148		333.108	2.79008e+06
20	318763		636.434		331.23	2.79706e+06
21	235891		1706.89		331.953	2.77676e+06
22	236549		1696.93		331.666	2.49911e+06
23	237232		1698.95		332.906	2.24924e+06
24	237939		1688.55		333.15	2.02435e+06
25	236781		1694.18		341.453	1.82195e+06
26	236598		1695.96		346.629	1.6398e+06
27	235871		1701.94		339.365	1.47584e+06
28	234482		1725.13		331.145	1.32829e+06
29	234453		1725.54		342.701	1.1955e+06
30	234283		1729.06		335.11	1.07598e+06
31	233912		1727.68		331.655	968411
32	234677		1715.19		329.131	871600
33	234711		1714.85		330.182	784474
34	235128		1710.12		330.089	706060
35	235472		1706.73		329.465	635486
36	235911		1700.74		328.039	571969
37	235575		1690.69		331.572	514808
38	235746		1687.38		329.721	463359
39	235903		1695.21		332.044	417058
40	236356		1690.69		331.543	375385
41	236739		1688.37		331.774	337880
42	237334		1679.08		328.029	304121
43	236381		1685.67		329.411	273743
44	236898		1677.05		329.011	246402
45	237241		1675.11		328.346	221794
46	236471		1684.3		328.559	199647
47	236737		1683.44		328.818	179716
48	236639		1684.49		328.152	161776
49	236276		1680.59		330.502	145634
50	287073		801.608		327.29	131100
50	286872		803.961		329.672	118025
50	297055		745.373		328.767	106255
50	301165		718.876		329.891	95663.4
50	295302		747.077		326.989	86127.2
50	294825		749.218		327.515	77547.7
50	296645		737.858		328.439	69826.6
50	296637		744.484		329.91	62878.2
50	293618		758.995		330.403	56623.9
50	284474		819.533		330.879	50995
50	273999		898.431		334.455	45932.2
50	273112		903.467		345.51	41383.5
50	269783		934.693		356.246	37290.4
50	264144		996.508		367.661	33608.4
50	258638		1066.64		377.596	30294.3
50	245869		1294.88		380.402	27305.4
50	245992		1291.6		384.306	24616.8
50	243029		1356.01		379.297	22188.6
50	243442		1323.94		375.107	20003.4
50	240875		1401.45		370.293	18035.8
50	235198		1646.16		367.133	16266.1
50	245592		1304.4		364.093	14673.1
50	241404		1430.61		361.75	13239.9
50	247761		1210.83		360.247	11950.6
50	237576		1492.12		358.526	10789.8
50	232619		1702.19		356.158	9744.33
50	242601		1347.61		352.039	8801.39
50	232932		1597.98		345.478	7949.9
50	242502		1347.54		343.72	7187.69
50	245448		1282.06		340.816	6500.39
50	243523		1326.18		356.66	5900.28
50	236048		1572.43		352.736	5341.99
50	228281		1930.52		352.383	4842.71
50	222932		2270.92		348.255	4389.55
50	217480		2931.11		346.594	3983.76
50	231377		1674.39		341.821	3615.27
50	234011		1550.9		341.271	3287.38
50	231150		1681.84		338.513	2990.01
50	231150		1681.84		339.41	2725.76
50	232237		1627.31		336.459	2484.17
50	219253		2579.78		339.308	2272.25
50	219253		2579.78		335.707	2075.35
50	215147		3157.23		336.236	1901.92
50	215147		3157.23		333.502	1742.61
50	215386		3412.28		334.012	1602.21
50	215033		3508.02		334.409	1475.79
50	216370		3330.13		334.264	1361.51
50	218739		2947.53		333.764	1258.28
50	217764		3022.61		332.866	1164.93
50	214204		4050.48		333.238	1082.1
50	210414		5339.06		333.88	1007.85
50	213074		4289.93		332.901	939.478
50	208146		6953.37		333.643	879.562
50	208226		7668.83		334.813	826.141
50	210561		5392.57		337.143	779.337
50	214805		3880.95		334.787	732.762
50	212411		4862.61		335.42	693.598
50	204076		17707.1		340.018	662.378
50	207249		8236.66		350.285	640.409
50	203927		6895.44		358.917	620.028
50	210102		3259.9		366.547	601.547
50	215255		2446.64		370.291	581.791
50	207940		3821.91		378.008	568.358
50	214077		2622.14		383.528	554.843
50	212427		2866.87		384.046	538.23
50	210357		3059.2		386.216	524.981
50	215181		2357.39		387.949	512.837
50	208296		3246.64		384.817	497.217
50	224159		1565.08		393.938	495.098
50	213750		2115.58		389.075	480.119
50	230344		1239.56		389.97	471.909
50	218241		1605.49		387.165	460.911
50	225297		1275.14		391.993	458.364
50	217186		1510.76		397.45	457.184
50	230914		1067.95		405.559	459.319
50	223622		1196.6		405.657	454.042
50	227178		1110.19		405.803	449.349
50	217251		1355.28		402.923	442.115
50	222391		1162.18		408.85	444.122
50	214689		1325.49		411.399	443.144
50	209248		1480.79		412.076	440.646
50	211324		1355.27		402.077	427.79
50	217678		1160.37		388.493	411.636
50	211810		1298.53		389.289	410.117
50	229900		888.136		394.604	413.35
50	205175		1432.63		394.81	411.68
50	215594		1080.89		403.433	418.617
50	201345		1497.73		400.331	413.996
50	212187		1112.67		389.556	401.854
50	193215		1887.69		392.675	403.744
50	224980		835.759		395.878	405.84
50	196842		1477.69		398.334	407.3
50	225429		785.657		401.953	410.022
50	199181		1252.22		399.793	407.055
50	204135		1062.76		404.368	410.904
50	208897		931.77		401.807	407.69
50	202077		1067.4		388.222	393.516
50	203593		1029.59		374.448	379.213
50	200602		1060.02		376.32	380.609
50	204158		938.507		377.029	380.888
50	220025		690.113		385.8	389.274
50	230929		607.713		387.352	390.478
50	239623		536.133		397.633	400.446
50	239623		536.133		398.865	401.397
50	225446		592.477		404.004	406.283
50	251612		487.11		397.813	399.864
50	252746		491.459		406.256	408.102
50	224379		599.588		398.263	399.924
50	235306		541.459		392.321	393.816
50	259174		460.501		382.589	383.935
50	266029		468.1		376.999	378.21
50	272065		458.19		371.583	372.673
50	235572		615.169		369.318	370.299
50	258640		521.221		363.756	364.639
50	223207		744.881		360.085	360.88
50	253267		564.824		355.844	356.559
50	252210		581.365		350.938	351.581
50	240643		647.589		361.936	362.516
50	236019		691.959		355.432	355.953
50	213127		969.533		357.889	358.358
50	206932		1117		355.161	355.583
50	212574		979.443		365.281	365.661
50	214988		965.512		359.661	360.003
50	212146		1052.71		357.331	357.638
50	191954		2065.34		353.733	354.01
50	208773		1216.71		348.663	348.913
50	187945		2938.77		347.603	347.827
50	226971		905.501		340.807	341.009
50	207066		1425.81		338.872	339.054
50	220798		1071.87		336.035	336.199
50	219389		1144.16		335.298	335.445
50	223498		1077.77		335.008	335.141
50	219475		1163.13		338.664	338.784
50	227631		1015.66		333.263	333.37
50	215951		1328.88		332.283	332.38
50	224632		1139.9		331.083	331.17
50	216073		1447.36		330.811	330.889
50	222190		1305.86		329.897	329.968
50	222205		1310.39		328.876	328.94
50	251282		849.081		325.848	325.905
50	235582		1114.8		327.112	327.163
50	230688		1538.36		325.087	325.133
50	228128		1784.46		325.965	326.007
50	233331		1597.24		325.016	325.053
50	233750		1605.95		325.398	325.432
50	236542		1510.21		323.157	323.188
50	239592		1406.04		324.677	324.705
50	231119		1690.31		322.636	322.66
50	230937		1709.53		321.306	321.328
50	233095		1631.83		320.263	320.283
50	232678		1663.75		319.139	319.157
50	238932		1439.54		320.031	320.047
50	241904		1352.49		321.235	321.25
50	238335		1447.41		319.113	319.126
50	240344		1383.28		320.207	320.219
50	250893		1159.41		318.77	318.78
50	252709		1137.55		320.166	320.176
50	254907		1110.41		318.312	318.321
50	260429		1026.01		318.954	318.962
50	256552		1081.84		318.428	318.435
50	253176		1123.12		319.664	319.67
50	260281		1018.12		321.324	321.33
50	259189		1020.53		320.112	320.117
50	258454		1026.09		318.555	318.559
50	260884		989.737		318.275	318.279
50	260348		997.355		318.013	318.016
50	256299		1056.21		318.444	318.447
50	256507		1065.17		316.119	316.122
50	258323		1045.17		316.758	316.761
50	247512		1222.89		324.089	324.092
50	256814		1067.28		339.283	339.285
50	256792		1067.59		344.94	344.942
50	254625		1095.47		355.125	355.127
50	255837		1074.52		357.873	357.875
50	255914		1068.55		368.51	368.511
50	252611		1116.59		370.789	370.791
50	249339		1178.58		375.398	375.399
50	247801		1207.67		381.897	381.898
50	252498		1106.5		391.335	391.336
50	250263		1141.62		393.674	393.675
50	253431		1085.34		398.418	398.419
50	218741		1634.14		398.028	398.028
50	230060		1181.29		398.415	398.416
50	211932		1790.57		402.729	402.73
50	239544		938.673		407.697	407.698
50	216762		1378.48		405.599	405.6
50	215835		1408.37		393.607	393.607
50	202449		2087.08		395.587	395.587
50	201817		2143.19		392.569	392.569
50	190182		4729.71		385.809	385.809
50	188422		6260.87		380.684	380.684
50	177443		-8256.28		374.458	374.458
50	176125		-6154.15		370.447	370.447
50	184974		15128.5		363.972	363.973
50	182608		62917.6		366.462	366.462
50	190576		4690.36		359.599	359.599
50	194624		3279.66		356.594	356.594
50	190739		4718.98		354.811	354.812
50	191320		4353.03		351.372	351.372
50	196888		2796.67		346.128	346.128
50	184946		13367.6		346.416	346.416
50	198120		2644.57		341.096	341.096
50	199501		2489.42		339.368	339.368
50	194894		3443.67		337.233	337.233
50	198227		2796.59		337.094	337.094
50	188891		6983.62		334.423	334.423
50	194104		3832.37		332.525	332.525
50	184346		36148.4		331.626	331.626
50	189656		6318.1		329.022	329.022
50	189630		5804.38		336.574	336.574
50	188422		6133.53		343.502	343.502
50	189693		4871.78		336.452	336.452
50	185616		9575.22		331.299	331.299
50	188623		4810.38		342.628	342.628
50	188281		4412.36		349.205	349.205
50	180851		14050.8		354.714	354.714
50	193530		2379.25		360.491	360.491
50	181250		6862.22		362.29	362.29
50	199622		1624.02		369.213	369.213
50	184164		3676.82		369.326	369.326
50	181845		4918.74		380.03	380.03
50	187177		3086.21		381.099	381.099
50	187850		2927.81		386.86	386.86
50	183623		4169.86		390.977	390.978
50	186488		3191.26		395.02	395.02
50	183721		4029.56		394.259	394.259
50	187370		2932.31		396.63	396.63
50	179367		7303.58		400.991	400.991
50	184272		3710.62		403.557	403.557
50	188364		2819.46		401.963	401.963
50	185211		4067.54		389.467	389.467
50	198101		1933.6		379.124	379.124
50	193304		2656.73		374.187	374.187
50	207318		1542.06		367.813	367.813
50	192450		3406.1		365.209	365.209
50	216352		1319.44		356.71	356.71
50	210299		1559.91		355.119	355.119
50	230951		1025.72		349.291	349.291
50	227925		1083.84		347.901	347.901
50	235548		963.323		344.092	344.092
50	243439		862.549		340.638	340.638
50	236234		961.761		340.588	340.588
50	243338		871.196		337.953	337.953
50	232772		1006.21		337.941	337.941
50	250792		794.564		334.529	334.529
50	239835		912.418		331.546	331.546
50	244511		863.976		330.465	330.465
50	248768		823.977		327.889	327.889
50	248022		829.058		329.428	329.428
50	246683		842.22		326.564	326.564
50	274232		639.729		335.448	335.448
50	255900		743.654		329.371	329.371
50	263278		681.329		335.191	335.191
50	250309		747.449		343.21	343.21
50	253026		711.873		350.49	350.49
50	243341		768.93		355.883	355.883
50	244243		743.745		361.454	361.454
50	254881		653.669		371.266	371.266
50	243269		729.463		365.305	365.305
50	244447		722.567		359.664	359.664
50	244237		733.934		354.403	354.403
50	239726		783.763		351.441	351.441
50	250775		698.174		347.419	347.419
50	232596		888.801		346.045	346.045
50	239223		836.335		343.306	343.306
50	230084		984.858		343.507	343.507
50	229533		1024.81		338.957	338.957
50	227491		1098.28		340.06	340.06
50	213731		1586.04		335.866	335.866
50	236895		1014.57		335.355	335.355
50	220498		1495.04		332.27	332.27
50	226755		1318.87		330.056	330.056
