7.46406e-06 9.18049e-06 614400 3960 1.694e-06 5.6405 42.0084 1166.67
7.7636e-06 1.31135e-05 614400 3960 7.76e-06 8.05695 42.7452 1166.67
5.45367e-06 6.55168e-06 129024 23 5.35806 0.506144 6.36777 2472.96
5.62108e-06 8.52188e-06 129024 18 5.97434 0.507093 6.9586 2585.03
5.24392e-06 6.47609e-06 129024 25 4.60844 0.816066 6.15884 2092.64
4.69676e-06 8.77712e-06 129024 25 4.53128 1.19833 6.10822 3039.33
5.5431e-06 6.02447e-06 129024 29 4.21924 0.602491 5.67661 1605.19
4.18794e-06 7.99908e-06 129024 18 4.46762 0.730915 5.54476 3455.61
4.40337e-06 7.91439e-06 129024 22 3.87114 0.977441 5.7049 2685.41
5.72353e-06 6.94273e-06 130560 58 4.43474 1.386 6.74414 1463.29
5.9738e-06 6.57658e-06 129024 18 4.45962 0.61232 6.45474 1440.85
3.95236e-06 7.84272e-06 143616 228 4.19755 1.07487 6.45783 2441.7
3.95577e-06 7.29708e-06 129024 10 5.0323 0.519101 5.96853 2396.87
6.0016e-06 6.22447e-06 175104 36 4.66586 0.719994 6.4763 1369.8
6.18965e-06 5.93803e-06 184320 73 5.4454 0.724921 8.04736 1202.4
4.08298e-06 7.16469e-06 129792 57 5.13052 0.809634 7.00651 2191.11
6.32969e-06 5.80706e-06 175104 49 5.3524 0.833381 7.57799 1169.31
4.13076e-06 6.90695e-06 129024 10 6.04095 0.625129 7.13013 2173.09
6.66842e-06 5.70848e-06 301056 97 2.9963 1.45145 6.65937 1059.12
4.21788e-06 6.84403e-06 205824 81 4.26124 1.29211 6.82178 2229.11
4.14496e-06 6.65699e-06 129024 23 4.53296 0.617586 5.79398 2448.23
6.88524e-06 5.5821e-06 343296 111 2.36414 1.48248 6.10198 928.888
4.32181e-06 6.52922e-06 142080 51 4.09862 0.855057 6.22476 2441.68
7.48427e-06 5.3434e-06 358656 78 2.42074 1.57399 6.39031 926.825
7.84167e-06 5.1989e-06 357120 148 2.38058 1.65021 6.82351 908.459
4.60501e-06 6.64312e-06 131328 45 4.29644 0.932258 6.28845 2368.56
8.25877e-06 5.09999e-06 294144 64 2.9697 1.38377 6.12037 930.221
4.41991e-06 6.43771e-06 129024 22 4.30708 0.724611 5.43254 2484.72
4.68353e-06 7.11179e-06 153600 49 4.87628 1.50652 7.73962 2485.12
8.18329e-06 5.01911e-06 356352 165 2.99706 1.67328 7.04564 971.688
4.38201e-06 6.61076e-06 129024 20 4.41933 0.594366 5.64441 2616.59
8.27158e-06 4.90137e-06 351744 123 2.37889 1.55836 6.2573 953.618
8.34313e-06 4.77214e-06 363264 137 2.43073 1.54577 6.55718 944.577
4.66979e-06 6.40052e-06 144384 39 4.33116 0.802716 6.28746 2490.23
8.77345e-06 4.7787e-06 328704 96 2.99147 1.57941 7.06394 935.927
4.77176e-06 6.5575e-06 157440 54 4.31634 1.13127 6.51625 2492.05
4.90579e-06 6.82364e-06 145920 52 4.4203 1.15105 6.88 2494.91
8.81912e-06 4.74442e-06 360960 99 2.43702 1.66304 6.36614 966.681
4.78432e-06 6.94912e-06 129024 23 4.83875 0.961361 6.4536 2605.99
8.81249e-06 4.68374e-06 360192 71 2.44797 1.59963 6.0212 991.913
5.10394e-06 8.3689e-06 132096 45 5.79328 1.85569 8.99576 2593.55
8.63898e-06 4.88834e-06 356352 129 3.55961 2.0336 7.4759 1011.38
4.85232e-06 7.81066e-06 129024 17 5.25902 0.719657 6.64858 2747.6
8.69149e-06 4.76899e-06 533760 112 2.75e-06 2.29068 5.94889 1026.13
4.58648e-06 7.21359e-06 129024 26 5.05618 0.62258 6.34329 2705.36
8.64943e-06 4.7227e-06 637440 153 2.334e-06 2.89241 6.96142 1026.01
4.69049e-06 6.834e-06 129024 18 5.07829 0.685844 6.39205 2714.73
8.58318e-06 4.78771e-06 608256 207 1.436e-06 3.07033 6.90842 950.012
4.91315e-06 6.37588e-06 129024 14 4.65864 0.586207 6.06797 2739.29
8.51186e-06 4.83816e-06 593664 286 1.452e-06 2.99203 7.30552 903.2
5.12715e-06 6.12207e-06 324096 115 2.65872 1.6551 6.97033 2580.8
8.65527e-06 4.87564e-06 611328 244 1.733e-06 3.07227 7.92691 887.336
5.31648e-06 6.09535e-06 322560 52 2.61195 1.93165 6.35147 2650.47
8.76419e-06 4.90227e-06 597504 257 3.178e-06 2.99276 7.73885 870.667
5.39718e-06 6.24248e-06 310272 64 2.34068 2.11946 6.27902 2686.66
8.8456e-06 4.92532e-06 598272 269 2.717e-06 3.00185 7.8 861.221
5.31773e-06 6.79971e-06 351744 135 2.43865 3.17577 7.56976 2700.1
8.99434e-06 5.19119e-06 602112 278 1.548e-06 3.76602 8.19352 847.753
5.02481e-06 6.38718e-06 129024 18 4.5364 0.611198 5.83158 2802.2
7.86013e-06 5.0243e-06 559104 289 3.524e-06 2.43586 6.62731 4391.23
7.96379e-06 4.89515e-06 436224 68 1.611e-06 1.91003 4.29866 866.473
4.77684e-06 6.07096e-06 152064 70 5.18384 0.730827 7.08194 2778.06
5.19276e-06 6.16888e-06 146688 25 3.93526 0.962361 6.09445 2875.82
8.05365e-06 4.85304e-06 640512 239 1.547e-06 3.00054 7.45285 884.345
5.08231e-06 6.23543e-06 158976 54 3.96536 1.0336 6.36586 2902.38
7.69303e-06 4.74559e-06 600576 294 1.64e-06 2.59195 7.60013 1854.31
5.6249e-06 6.16058e-06 145920 25 4.02707 0.855265 6.2015 2826.12
7.5956e-06 4.62899e-06 554496 172 1.363e-06 2.30814 6.50169 1745.35
5.14192e-06 6.03564e-06 147456 129 4.03751 0.816297 6.398 2584.98
7.5184e-06 4.53653e-06 556800 192 1.504e-06 2.32002 6.73362 1730.05
4.98792e-06 5.82052e-06 129024 11 3.93834 0.639962 5.18671 2729.5
7.29336e-06 4.47036e-06 556800 220 7.781e-06 2.3417 6.36536 1742.35
7.1781e-06 4.41967e-06 559104 184 1.658e-06 2.35769 6.15249 1691.04
7.07464e-06 4.35383e-06 562944 188 1.681e-06 2.30271 6.09165 1661.99
6.94837e-06 4.31628e-06 562944 206 1.402e-06 2.34529 6.41297 1669.06
6.91245e-06 4.29898e-06 564480 183 1.984e-06 2.38762 6.2057 1636.98
6.80943e-06 4.26665e-06 566016 220 2.43e-06 2.34178 6.26877 1651.26
6.84213e-06 4.21497e-06 568320 161 1.501e-06 2.27799 6.01206 1590.4
6.76338e-06 4.18959e-06 574464 206 8.002e-06 2.34845 6.14902 1597.44
6.76948e-06 4.14232e-06 577536 176 1.3107e-05 2.28312 6.07515 1578.06
6.70393e-06 4.1353e-06 571392 224 2.576e-06 2.34684 6.31579 1579.74
6.62719e-06 4.18932e-06 527616 266 1.631e-06 2.32437 6.36814 1613.31
6.18384e-06 4.08868e-06 129024 12 6.536e-06 0.475593 0.917013 1692.03
5.76927e-06 4.08248e-06 129024 15 7.357e-06 0.523537 0.97137 1745.23
5.46088e-06 4.04169e-06 129024 13 4.438e-06 0.500424 0.952565 1818.63
5.18736e-06 4.06508e-06 129024 15 1.702e-06 0.536567 1.00327 1884.42
4.9806e-06 4.05997e-06 129024 13 1.777e-06 0.521193 0.958808 1980.67
4.80089e-06 4.0539e-06 129024 15 6.131e-06 0.519921 0.999906 2001.25
4.6811e-06 3.99335e-06 129024 13 2.244e-06 0.483989 0.95446 2041.82
4.88541e-06 4.21297e-06 591360 286 1.669e-06 3.01087 7.17079 2067.96
5.12761e-06 4.36672e-06 583680 239 1.0095e-05 2.90774 7.01211 2113.22
5.22105e-06 4.49967e-06 586752 298 1.591e-06 2.95223 7.15627 2108.51
5.48589e-06 4.59548e-06 589056 204 1.499e-06 2.93274 6.86727 2023.24
5.54567e-06 4.5693e-06 595968 278 1.761e-06 2.66074 7.20871 2052.28
5.71391e-06 4.58808e-06 617472 207 1.975e-06 2.87939 6.90016 1995.32
