3.49199e-06 2.94163e-06 129024 440 6.93986 0.379541 9.476 1166.67
6.81989e-06 4.07483e-06 129024 440 9.95517 0.52575 14.6486 1166.67
8.05774e-06 4.66063e-06 721920 296 1.3367e-05 4.60558 10.6895 423.553
7.12377e-06 5.30815e-06 708096 219 9.395e-06 4.63199 10.0307 2311.79
8.43514e-06 4.69926e-06 311808 54 3.11907 1.48936 6.44022 727.912
6.86736e-06 4.89491e-06 561408 292 5.928e-06 2.28404 7.2614 1786.09
8.57474e-06 4.80213e-06 336384 134 2.50007 1.71917 6.83347 791.921
7.11066e-06 4.82788e-06 570624 237 7.544e-06 2.64015 7.50549 1518.74
8.68746e-06 5.03274e-06 347904 98 2.3629 2.07183 7.02316 983.205
7.10251e-06 4.69862e-06 571392 302 2.687e-06 2.38934 7.48015 1465.15
8.85644e-06 5.0857e-06 324864 66 2.72144 1.73818 6.92007 1191.07
7.45119e-06 4.66515e-06 568320 216 4.962e-06 2.55619 7.30272 958.112
8.59649e-06 5.06391e-06 314112 56 3.11628 1.54958 6.50289 1979.76
7.85249e-06 4.62564e-06 721920 160 3.305e-06 3.1682 8.85557 830.155
8.33488e-06 5.65339e-06 287232 87 2.63633 2.80905 7.00831 2101.56
7.86843e-06 4.80023e-06 608256 502 1.61e-06 3.66313 8.68847 873.037
8.16228e-06 6.18844e-06 288768 65 2.32933 3.02307 6.45611 2097.5
7.98046e-06 4.93382e-06 613632 235 6.193e-06 3.68337 7.68928 960.352
7.78244e-06 6.17241e-06 129024 25 4.44776 0.777773 5.8731 2116.53
8.07643e-06 4.9322e-06 592128 206 6.399e-06 2.91188 7.01362 850.689
7.55586e-06 6.18277e-06 129024 14 3.84662 0.811093 5.34061 2239.93
8.10883e-06 4.92134e-06 625920 236 6.146e-06 3.01238 7.20268 844.337
6.99145e-06 5.8849e-06 129024 10 3.99474 0.605565 5.23512 2374.25
8.16427e-06 4.80125e-06 595200 309 1.0059e-05 2.57179 7.36598 815.305
6.29922e-06 6.00822e-06 132096 38 4.03081 0.85882 6.14493 7112.71
8.33551e-06 4.72164e-06 589824 308 1.644e-06 2.59712 7.79566 815.255
5.53488e-06 6.00765e-06 129024 18 4.35347 0.774835 5.79732 8028.21
8.38801e-06 4.65296e-06 588288 278 1.578e-06 2.57565 7.21378 816.504
8.32064e-06 4.59331e-06 569088 275 2.795e-06 2.47821 6.67082 812.655
4.88806e-06 5.96428e-06 129024 20 4.67034 0.747155 5.9294 8633.02
4.23913e-06 5.68742e-06 129024 18 3.93726 0.590928 5.15255 9725.36
8.4346e-06 4.58298e-06 581376 280 5.607e-06 2.64042 7.36986 806.558
3.83687e-06 5.81392e-06 130560 50 3.9765 0.825128 6.39687 9482.15
8.63823e-06 4.66887e-06 582912 196 4.282e-06 2.92181 7.15048 803.467
3.38115e-06 5.6721e-06 129024 18 4.57088 0.658642 5.86181 11586.7
8.65416e-06 4.64071e-06 587520 307 1.799e-06 2.66031 7.53986 804.821
8.69132e-06 4.55678e-06 568320 206 1.706e-06 2.39892 6.71918 805.172
3.40917e-06 5.91563e-06 132864 24 4.10007 0.915398 6.17028 10519.8
3.66428e-06 5.88988e-06 158976 22 4.0476 0.919978 6.33048 8321.2
8.79009e-06 4.66703e-06 591360 248 1.908e-06 3.02068 7.44343 796.811
8.59322e-06 4.59499e-06 578304 271 1.409e-06 2.49067 6.4921 796.882
3.46232e-06 5.58261e-06 169728 36 5.59322 0.738918 7.40381 7386.77
8.78624e-06 4.59763e-06 662784 196 1.796e-06 3.05423 7.97387 795.156
3.78792e-06 5.9342e-06 137472 20 5.18067 1.00912 7.23783 7040.22
3.68046e-06 5.73263e-06 129024 12 5.79829 0.635618 7.19228 7895.08
8.70247e-06 4.54744e-06 602880 318 1.471e-06 2.62052 7.38121 782.148
3.62378e-06 6.3091e-06 255744 29 3.07034 2.20323 6.43903 8639.21
8.80553e-06 4.74289e-06 587520 270 1.581e-06 3.24587 7.59711 785.377
3.401e-06 6.39348e-06 281088 76 2.99204 1.89201 6.70371 8593.42
9.13188e-06 4.83143e-06 589824 175 2.439e-06 3.05857 7.67188 778.164
3.47699e-06 6.30757e-06 289536 47 3.07228 1.72677 6.57388 7584.07
9.10433e-06 4.78585e-06 577536 270 1.584e-06 2.65872 7.25783 769.226
3.36592e-06 5.97065e-06 310272 66 2.99276 1.43437 6.24841 7564.96
9.13075e-06 4.70976e-06 592896 352 1.904e-06 2.61194 8.1905 761.45
3.39131e-06 5.78812e-06 315648 62 3.00185 1.59655 6.15497 6816.17
9.22865e-06 4.586e-06 572160 173 1.778e-06 2.34067 6.99389 788.742
9.17048e-06 4.53519e-06 562944 277 2.149e-06 2.43865 7.2103 772.524
3.61866e-06 5.61973e-06 313344 47 3.76603 1.54985 6.87649 5914.06
3.40393e-06 5.47579e-06 345600 182 2.43587 1.69345 6.64818 5621.48
9.49852e-06 4.64397e-06 585216 198 2.557e-06 2.97236 8.09301 781.433
3.50375e-06 6.00636e-06 401664 130 1.91003 3.26499 7.95859 5519.93
9.44454e-06 4.97061e-06 573696 285 1.468e-06 3.60119 7.54954 751.371
3.52716e-06 5.90604e-06 274944 75 3.00054 1.5135 6.37644 5528.68
9.52803e-06 4.81309e-06 566784 141 2.02e-06 2.37087 6.81153 783.297
3.46084e-06 5.68041e-06 313344 81 2.59196 1.49713 6.0317 5600.46
9.39665e-06 4.72607e-06 568320 281 1.551e-06 2.48811 7.19407 768.214
9.63207e-06 4.69056e-06 552960 155 2.19e-06 2.51514 7.25621 756.35
3.43057e-06 5.48319e-06 345600 109 2.30815 1.62235 6.17198 5711.46
3.39716e-06 5.40744e-06 337152 119 2.32003 1.72098 6.6599 5649.44
9.71251e-06 4.65384e-06 536832 226 2.437e-06 2.41947 7.23938 742.303
3.36828e-06 5.35169e-06 331776 122 2.34172 1.70157 6.60711 5548.5
9.82861e-06 4.57107e-06 559104 144 2.378e-06 2.37061 7.02568 757.694
3.30837e-06 5.24099e-06 335616 127 2.3577 1.61036 6.11861 5534.94
3.33666e-06 5.16632e-06 328704 106 2.30271 1.60001 5.99517 5549.56
3.33864e-06 5.05988e-06 338688 117 2.34529 1.56953 6.35319 5559.84
3.27784e-06 4.99215e-06 336384 125 2.38763 1.58815 6.10269 5568.25
3.21015e-06 4.95376e-06 333312 133 2.34179 1.59997 6.10474 5561.37
3.2203e-06 4.91686e-06 334080 112 2.278 1.59331 5.96324 5574.93
3.22327e-06 4.89259e-06 327168 118 2.34846 1.56894 6.07428 5594.19
2.53938e-06 4.88019e-06 324864 106 2.28314 1.56928 5.951 -132043
1.98698e-06 4.85752e-06 344064 118 2.34685 1.6401 6.11769 -106512
1.53927e-06 4.91391e-06 387840 178 2.32438 1.99328 6.97987 -81862.3
1.15778e-06 4.78339e-06 721920 261 1.21547 3.07634 10.011 -83066.2
7.74936e-07 4.68037e-06 721920 344 1.24953 3.08136 10.2819 -32592
4.13255e-07 4.576e-06 721920 296 1.2203 3.00211 10.129 -28057.1
1.34337e-07 4.51487e-06 721920 344 1.30207 3.08284 10.4037 -25807.7
-1.23269e-07 4.45908e-06 721920 296 1.28489 3.05802 10.2631 -25535.8
-2.97329e-07 4.44483e-06 721920 344 1.29339 3.16764 10.4827 -25537.9
-4.6172e-07 4.40667e-06 721920 296 2.68819 3.07107 11.6659 -26185.4
-5.63133e-07 4.51038e-06 324096 101 3.01088 1.59625 6.68375 -29418.2
-5.88543e-07 4.56565e-06 331776 117 2.90776 1.58812 6.62474 -35579.3
-6.19079e-07 4.64687e-06 297216 83 2.95223 1.47769 5.90683 -34677.4
-6.97841e-07 4.66708e-06 323328 58 2.93274 1.53513 6.39713 -46333.7
-6.11743e-07 4.71434e-06 304896 65 2.66075 1.49503 5.55897 -112820
-4.63532e-07 5.0386e-06 217344 30 2.87939 1.37701 4.99338 302692
