8.0747e-07 1.62149e-06 301056 1320 1.95678 0.488159 0.0170875 3.96646 1376.57
4.33615e-07 2.16297e-06 193536 57 0.89527 0.523409 0.00444597 1.56266 33633.7
3.04844e-07 3.44371e-06 193536 61 0.910153 1.16222 0.00317976 2.22463 42233.2
2.52202e-07 3.15003e-06 220416 111 1.2578 0.500122 0.0102937 2.03222 34053.6
2.22921e-07 2.9199e-06 238080 113 1.27812 0.476016 0.0118315 2.03671 30088.9
1.92478e-07 2.66175e-06 193536 106 0.876466 0.265334 0.00359593 1.31017 32713.4
1.72133e-07 2.4853e-06 193536 70 0.877252 0.276093 0.00373505 1.30169 34841.3
1.54686e-07 2.32564e-06 193536 114 0.919389 0.233799 0.00244876 1.33017 39209
1.42223e-07 2.25552e-06 193536 64 0.890663 0.327966 0.00362847 1.36179 43572.2
1.31999e-07 2.2305e-06 193536 114 0.890715 0.388094 0.00403901 1.45678 32243.7
1.23768e-07 2.1424e-06 193536 64 0.915434 0.244122 0.00329834 1.3036 44570.3
1.06705e-07 1.95438e-06 193536 114 0.93541 0.232687 0.00380164 1.34606 32527.9
9.67715e-08 1.88179e-06 193536 64 0.888143 0.308006 0.00333822 1.34394 32646.4
8.52462e-08 1.82041e-06 193536 114 0.893661 0.304794 0.00353276 1.37851 33103.1
7.89891e-08 1.7022e-06 193536 64 0.910011 0.237922 0.00244397 1.29715 34709.6
7.05013e-08 1.65251e-06 193536 114 0.874274 0.281359 0.0035823 1.33218 34685.9
6.73639e-08 1.60313e-06 193536 64 0.884119 0.272029 0.00431484 1.30066 34252
6.14723e-08 1.5719e-06 193536 114 0.881176 0.280049 0.00412739 1.33966 33856.4
5.99587e-08 1.50887e-06 193536 64 0.946108 0.243222 0.00243784 1.33697 34982.6
5.52303e-08 1.53873e-06 193536 114 0.882505 0.320919 0.00321851 1.37347 35473.4
5.47964e-08 1.56175e-06 193536 64 0.876633 0.320075 0.00338059 1.34328 35327.6
5.18472e-08 1.52193e-06 193536 114 0.90427 0.263724 0.00368589 1.34539 31470.3
5.4275e-08 1.45429e-06 193536 64 0.909837 0.22909 0.00243097 1.28846 28740.8
5.33395e-08 1.49145e-06 193536 114 0.8769 0.317417 0.00244159 1.36427 25981.6
5.82639e-08 1.52502e-06 193536 64 0.915158 0.321136 0.00402851 1.38896 23565.8
5.85765e-08 1.49393e-06 193536 114 0.896063 0.265059 0.00370855 1.34108 21322.9
6.54772e-08 1.43008e-06 193536 64 0.901063 0.227348 0.00379276 1.28788 19474
6.6489e-08 1.45564e-06 193536 114 0.880068 0.301503 0.00428593 1.3548 17442
7.5869e-08 1.44644e-06 193536 64 0.885318 0.272812 0.00387647 1.29804 16083.8
7.77762e-08 1.39912e-06 193536 114 0.889401 0.234151 0.00315697 1.30322 14518
8.93177e-08 1.38155e-06 193536 64 0.878895 0.253776 0.00419268 1.2773 13369.2
9.30477e-08 1.43155e-06 193536 106 0.878297 0.315761 0.00347351 1.36701 12185.2
1.04766e-07 1.438e-06 193536 70 0.866341 0.283301 0.0041013 1.30306 11189.6
1.08935e-07 1.38783e-06 193536 106 0.91227 0.229758 0.00244547 1.31752 10160.1
1.2247e-07 1.41548e-06 193536 70 0.867035 0.295349 0.00402289 1.31245 9355.16
1.28137e-07 1.46299e-06 193536 106 0.899307 0.319925 0.00382814 1.39017 8586.94
1.43415e-07 1.42336e-06 193536 70 0.918321 0.244788 0.00276868 1.3169 7959.48
1.48827e-07 1.38808e-06 193536 106 0.898004 0.241334 0.00306714 1.3201 7299.78
1.64815e-07 1.44697e-06 193536 70 0.878668 0.32563 0.00339468 1.35645 6789.92
1.70846e-07 1.46721e-06 193536 106 0.888154 0.299625 0.00283676 1.35257 6239.5
1.89155e-07 1.42136e-06 193536 70 0.907555 0.239594 0.0024503 1.29644 5845.71
1.95412e-07 1.38786e-06 193536 106 0.89448 0.242663 0.0026763 1.30632 5398.82
2.16379e-07 1.46543e-06 193536 70 0.872812 0.343666 0.00352776 1.36286 5076.56
2.24359e-07 1.48852e-06 193536 106 0.881498 0.305954 0.00271634 1.35363 4758.35
2.45202e-07 1.44837e-06 193536 70 0.905548 0.249233 0.00353805 1.31053 4510.01
2.52112e-07 1.42295e-06 193536 106 0.912444 0.255717 0.00263159 1.35422 4238.07
2.74981e-07 1.44071e-06 193536 70 0.884231 0.292573 0.00282526 1.32807 4021.72
2.83092e-07 1.43241e-06 193536 106 0.89874 0.270803 0.00282055 1.3435 3825.64
3.05948e-07 1.44265e-06 193536 70 0.996455 0.287126 0.00286084 1.43304 3642.84
3.11539e-07 1.71394e-06 193536 106 1.71314 0.541727 0.00243934 2.42807 3451.08
3.3624e-07 1.66727e-06 193536 70 0.873346 0.28655 0.00334414 1.31273 3302.54
3.42754e-07 1.64338e-06 193536 106 0.882917 0.29956 0.00376839 1.35653 3143.01
3.65355e-07 1.68574e-06 193536 70 0.888991 0.359042 0.00389151 1.39935 3040.01
3.70131e-07 1.61868e-06 193536 106 0.905183 0.261356 0.00403689 1.34091 2917.78
3.91415e-07 1.54332e-06 193536 70 0.908671 0.240356 0.00244947 1.2975 2844.47
3.95366e-07 1.56613e-06 193536 106 0.882995 0.320762 0.00350193 1.37974 2760.49
4.13872e-07 1.55869e-06 193536 70 0.874756 0.295897 0.00375005 1.3196 2697.7
4.15304e-07 1.50002e-06 193536 106 0.909568 0.244893 0.00243097 1.32575 2608.77
4.35597e-07 1.45804e-06 193536 70 0.916617 0.249687 0.00313043 1.31086 2560.27
4.36335e-07 1.45707e-06 193536 106 0.876911 0.28124 0.00391626 1.33238 2477.37
4.58553e-07 1.48341e-06 193536 70 0.88081 0.307485 0.00407118 1.34506 2409.7
4.5808e-07 1.42673e-06 193536 106 0.916361 0.232244 0.00308697 1.32365 2368.63
4.7749e-07 1.4641e-06 193536 70 0.875547 0.31229 0.00390539 1.34071 2345.21
4.75914e-07 1.46348e-06 193536 106 0.891316 0.282751 0.00245114 1.34429 2292.49
4.97542e-07 1.472e-06 193536 70 0.880316 0.291479 0.0033738 1.32435 2244.69
4.95707e-07 1.45561e-06 193536 106 0.907323 0.269023 0.00386759 1.35235 2216.65
5.14798e-07 1.47292e-06 193536 70 0.86672 0.298471 0.00373076 1.31488 2194.19
5.10092e-07 1.46919e-06 193536 106 0.882552 0.281454 0.00404789 1.33724 2166.01
5.26995e-07 1.44802e-06 193536 70 0.908966 0.263849 0.00289601 1.32714 2139.08
5.19814e-07 1.4257e-06 193536 106 0.895189 0.258645 0.00408968 1.32413 2069.49
5.32362e-07 1.41281e-06 193536 70 0.896019 0.263456 0.0041658 1.31148 2084.59
5.26009e-07 1.41143e-06 193536 106 0.869714 0.272091 0.00371801 1.31055 2068.31
5.43194e-07 1.37515e-06 193536 70 0.86426 0.238054 0.00398976 1.25013 2035.06
5.35078e-07 1.36284e-06 193536 106 0.881954 0.254227 0.00283205 1.30239 1993.9
5.48884e-07 1.36585e-06 193536 70 0.879833 0.266679 0.00305993 1.29198 1993.37
5.45608e-07 1.36826e-06 193536 106 0.870229 0.266673 0.00365101 1.31073 1972.81
5.56173e-07 1.33633e-06 193536 70 0.884659 0.233906 0.00275026 1.26614 1980.82
5.47981e-07 1.31499e-06 193536 106 0.872458 0.23798 0.00264901 1.27662 1968.44
5.58589e-07 1.33328e-06 193536 70 0.874912 0.272197 0.00442551 1.29359 1958.48
5.53734e-07 1.37053e-06 193536 106 0.882272 0.294087 0.00438609 1.35086 1963.65
5.67994e-07 1.34762e-06 193536 70 0.896719 0.243073 0.00360934 1.30031 1979.51
5.59393e-07 1.3289e-06 193536 106 0.935217 0.242695 0.00244584 1.35249 1942.3
5.7397e-07 1.31889e-06 193536 70 0.900659 0.247508 0.00312272 1.30647 1947.37
5.65105e-07 1.36234e-06 193536 106 0.87805 0.2973 0.00325322 1.34533 1938.87
5.79751e-07 1.38843e-06 193536 70 0.877021 0.288909 0.00411889 1.3122 1928.6
5.70328e-07 1.35559e-06 193536 106 0.89487 0.236934 0.00244351 1.3064 1900.43
5.80047e-07 1.33104e-06 193536 70 0.871541 0.238594 0.00378118 1.25646 1915.84
5.72452e-07 1.33336e-06 193536 106 1.28405 0.25985 0.0026193 1.72411 1907.2
7.52433e-07 1.31357e-06 721920 259 3.218e-06 0.891161 0.0576106 1.98374 1981.07
8.38315e-07 1.36385e-06 721920 379 1.784e-06 1.12978 0.0626834 2.03679 2066.27
9.24795e-07 1.42909e-06 721920 285 2.032e-06 1.22006 0.0532047 1.86129 2124.82
9.85327e-07 1.38999e-06 721920 353 3.505e-06 0.890548 0.0727676 2.00727 2199.7
1.04597e-06 1.36431e-06 721920 302 1.1155e-05 0.910779 0.0596762 2.0004 2268.44
1.32813e-06 1.3419e-06 721920 353 9.448e-06 0.904016 0.0761652 2.03602 187.836
1.61449e-06 1.31484e-06 721920 302 1.614e-06 0.871066 0.058613 1.95856 -96.0459
1.76462e-06 1.30523e-06 721920 353 2.092e-06 0.914515 0.0697634 2.02606 241.519
1.92874e-06 1.48077e-06 721920 302 1.907e-06 1.57591 0.0566175 2.65189 23.9615
1.81691e-06 1.42244e-06 193536 36 0.870992 0.230138 0.00409368 1.23145 412.86
1.70257e-06 1.38297e-06 193536 39 0.913495 0.2371 0.00243851 1.28302 613.757
1.57422e-06 1.37463e-06 193536 34 0.892792 0.25958 0.00310301 1.28115 1101.32
1.44889e-06 1.33158e-06 193536 39 0.883484 0.224383 0.00276801 1.24035 1310.62
1.32787e-06 1.29737e-06 193536 34 0.916045 0.224605 0.00371705 1.2726 1871.45
1.21386e-06 1.34307e-06 193536 39 0.897067 0.295313 0.00360772 1.32765 2086.62
1.1058e-06 1.32774e-06 193536 34 0.912648 0.2451 0.00253239 1.2925 2829.86
1.00581e-06 1.32976e-06 193536 39 0.886379 0.258918 0.00406109 1.27626 3086.35
9.08103e-07 1.31531e-06 193536 34 0.881422 0.243372 0.00294172 1.25499 4203.5
8.19225e-07 1.33666e-06 193536 39 0.873458 0.27522 0.00313289 1.2822 4479.1
7.39197e-07 1.35302e-06 193536 34 0.881001 0.274527 0.00258618 1.28107 5755.8
6.63008e-07 1.32937e-06 193536 39 0.89309 0.238969 0.00260068 1.26912 6067.01
5.95587e-07 1.34496e-06 193536 34 0.903906 0.272364 0.00259655 1.30319 7680.19
5.34862e-07 1.36879e-06 193536 39 0.879813 0.283361 0.00298701 1.2905 8034.69
4.80429e-07 1.35568e-06 193536 34 0.886024 0.252221 0.0027943 1.27065 10325.9
4.31161e-07 1.35193e-06 193536 39 0.882243 0.258742 0.00380139 1.27382 10663.3
3.84479e-07 1.36631e-06 193536 34 0.894985 0.275566 0.00339459 1.29668 13829.3
3.43872e-07 1.35535e-06 193536 39 0.883976 0.253819 0.00374414 1.2787 14210.7
3.07359e-07 1.32183e-06 193536 34 0.883697 0.229877 0.00244005 1.24612 18634.9
2.72781e-07 1.28983e-06 193536 39 0.904423 0.22486 0.00359972 1.26594 19112.8
2.4006e-07 1.31916e-06 193536 34 0.880798 0.278007 0.00302855 1.28564 26742.2
1.96226e-07 1.37633e-06 193536 39 0.874867 0.31063 0.00399784 1.313 130158
1.41355e-07 1.37463e-06 193536 36 0.945251 0.264724 0.00312455 1.34292 -40551.6
9.72842e-08 1.4424e-06 193536 36 0.878721 0.331619 0.00262272 1.33294 -37431.6
5.17767e-08 1.43926e-06 193536 37 0.876811 0.276118 0.00355843 1.29119 -24375.5
-6.1898e-09 1.43526e-06 193536 37 0.890717 0.274674 0.00466847 1.29477 -14141.8
-5.08597e-08 1.40574e-06 193536 39 0.913645 0.24921 0.00381968 1.29552 -14034
-9.10493e-08 1.40073e-06 193536 34 0.885183 0.267214 0.00468143 1.27152 -14151.7
-1.1501e-07 1.43266e-06 193536 40 0.870256 0.30199 0.00272826 1.29137 -13982.6
-1.45059e-07 1.45755e-06 193536 34 0.889197 0.301355 0.00297834 1.32112 -14114
-1.61065e-07 1.41223e-06 193536 39 0.910604 0.238231 0.00300859 1.28308 -14004.2
-1.803e-07 1.4932e-06 193536 34 0.890824 0.35167 0.00347634 1.36821 -14113.1
-1.89281e-07 1.51777e-06 193536 40 0.898876 0.312768 0.00268943 1.34033 -14015
-2.04431e-07 1.48653e-06 193536 34 0.925723 0.263509 0.00367755 1.32064 -14151.2
-2.09317e-07 1.46053e-06 193536 39 0.940584 0.262537 0.00412876 1.34285 -14068.2
-2.17653e-07 1.48121e-06 193536 34 0.894226 0.302677 0.00408455 1.32139 -14148.9
-2.18508e-07 1.51137e-06 193536 40 0.882748 0.315858 0.00339739 1.32188 -14050.1
-2.26337e-07 1.45483e-06 193536 34 0.917427 0.237791 0.00344272 1.28438 -14149.9
-2.41025e-07 1.41541e-06 469248 243 0.55869 0.590176 0.0402584 1.81461 -14190.7
-2.14581e-07 1.42523e-06 193536 93 0.879366 0.283433 0.00296809 1.32377 -14106.8
-2.36706e-07 1.48086e-06 438528 192 0.58453 0.746985 0.0207979 1.69582 -14162.8
-2.08043e-07 1.46512e-06 193536 116 0.875893 0.271369 0.00353305 1.32335 -14056.6
-1.91272e-07 1.41434e-06 193536 78 0.889575 0.234412 0.00264034 1.2806 -14005.6
-1.73467e-07 1.40985e-06 193536 103 0.893027 0.269387 0.00360559 1.32493 -13932.9
-1.61994e-07 1.47945e-06 193536 87 0.874056 0.340203 0.00304693 1.36992 -13810.6
-1.50271e-07 1.49244e-06 193536 103 0.883734 0.298903 0.00360439 1.35457 -13761.9
-1.31473e-07 1.43035e-06 193536 87 0.902282 0.228758 0.00245059 1.28477 -27647.2
-1.15375e-07 1.38732e-06 193536 103 0.915048 0.23518 0.00375368 1.32606 -27583.7
-1.03759e-07 1.42858e-06 193536 87 0.885506 0.308422 0.00244164 1.35467 -27661.1
2.30552e-08 1.47358e-06 193536 103 0.869994 0.320026 0.00378176 1.3598 1964.12
1.33013e-07 1.49176e-06 193536 87 0.878435 0.302789 0.00385539 1.33595 1949.82
2.1465e-07 1.42232e-06 193536 103 0.912591 0.221514 0.00336989 1.30874 1917.18
2.87572e-07 1.3904e-06 193536 87 0.911995 0.244375 0.00258726 1.30903 1910.56
3.38247e-07 1.40789e-06 193536 103 0.884989 0.286016 0.00355718 1.33167 1887.71
3.86858e-07 1.39127e-06 193536 87 0.869864 0.256396 0.00390297 1.28378 1880.72
4.20848e-07 1.62219e-06 193536 103 0.882772 0.492723 0.00245209 1.54418 1869.69
4.56282e-07 1.62477e-06 193536 87 0.87549 0.316443 0.00348339 1.35424 1873.06
4.74766e-07 1.5335e-06 193536 103 0.903048 0.226134 0.00324589 1.30225 1862.65
4.9677e-07 1.46906e-06 193536 87 0.864763 0.234431 0.00356397 1.25483 1848.16
5.09962e-07 1.49783e-06 193536 103 0.880719 0.312156 0.00423284 1.3586 1846.36
5.27158e-07 1.52105e-06 193536 87 0.890134 0.312351 0.00385801 1.36363 1848.29
5.33305e-07 1.44242e-06 193536 103 0.922033 0.218287 0.00312884 1.31573 1838.28
5.45411e-07 1.43469e-06 193536 87 0.867723 0.27168 0.00401647 1.29194 1828.71
5.49273e-07 1.45676e-06 193536 103 0.879643 0.299025 0.00318734 1.34239 1825.4
5.6042e-07 1.45223e-06 193536 87 0.882515 0.277548 0.00319876 1.31833 1828.1
5.5936e-07 1.41577e-06 193536 103 0.92338 0.245784 0.00321684 1.34364 1828.02
5.67824e-07 1.45076e-06 193536 87 0.875683 0.307855 0.00291755 1.33506 1826.92
5.67294e-07 1.45205e-06 193536 103 0.861355 0.282022 0.00273705 1.30934 1833.63
5.73635e-07 1.45072e-06 193536 87 0.933577 0.27974 0.0038513 1.3708 1844.97
5.71056e-07 1.40615e-06 193536 103 0.880929 0.237637 0.00305718 1.28587 1844.58
5.75431e-07 1.43718e-06 193536 87 0.877065 0.30217 0.00292101 1.33575 1842.21
5.71011e-07 1.41579e-06 193536 103 0.883142 0.257443 0.00411126 1.30639 1844.36
5.74056e-07 1.40942e-06 193536 87 0.918067 0.267849 0.00325672 1.34503 1836.05
5.71526e-07 1.38433e-06 193536 103 0.903943 0.248492 0.00244347 1.32567 1822.73
5.77072e-07 1.38519e-06 193536 87 0.860436 0.268744 0.00324568 1.2816 1824.21
5.7441e-07 1.47592e-06 193536 103 0.871997 0.355883 0.00271751 1.39885 1817.01
5.79413e-07 1.45477e-06 193536 87 0.895681 0.265179 0.00435955 1.31953 1821.24
5.777e-07 1.42523e-06 193536 103 0.905574 0.252964 0.00327459 1.32937 1821.87
5.8202e-07 1.43588e-06 193536 87 0.854801 0.286144 0.00277572 1.2897 1810.26
5.78667e-07 1.47e-06 193536 103 0.892022 0.310904 0.0025913 1.3616 1807.78
5.87052e-07 1.42883e-06 193536 87 0.905818 0.244661 0.00406522 1.31245 1786.54
5.81837e-07 1.45019e-06 193536 103 0.899648 0.2972 0.00419693 1.35458 1763.69
5.86959e-07 1.45173e-06 193536 87 0.921736 0.282152 0.00387405 1.36262 1794.22
5.82582e-07 1.47187e-06 193536 103 0.87241 0.300451 0.00395568 1.34063 1832.05
5.85046e-07 1.44516e-06 193536 87 0.892973 0.259015 0.0034588 1.31687 1842.14
5.82133e-07 1.44433e-06 193536 103 0.865294 0.278891 0.00348247 1.30536 1802.3
5.82401e-07 1.4674e-06 193536 87 0.883986 0.301856 0.00338659 1.34702 1867.52
5.72996e-07 1.4565e-06 193536 103 0.88997 0.273446 0.00315472 1.33392 1963.12
5.7349e-07 1.41432e-06 193536 87 0.899554 0.241069 0.00410693 1.30322 1938.43
5.66108e-07 1.50965e-06 193536 103 0.878006 0.365965 0.00316584 1.41169 1956.56
5.67562e-07 1.50841e-06 193536 87 0.890588 0.290975 0.00323526 1.34486 1935.01
5.60348e-07 1.50718e-06 193536 103 0.89331 0.290741 0.00367564 1.35008 1933.28
5.65079e-07 1.45048e-06 193536 87 0.925097 0.236824 0.00307255 1.32827 1905.77
5.60043e-07 1.48013e-06 193536 103 0.886297 0.309412 0.00379489 1.3594 1897.49
5.63747e-07 1.43041e-06 193536 87 0.900763 0.23835 0.00321776 1.30613 1912.09
5.60301e-07 1.38199e-06 193536 103 0.874802 0.229975 0.00312159 1.27763 1949.84
5.65499e-07 1.35823e-06 193536 87 0.875369 0.24448 0.00361301 1.28432 1906.4
5.60504e-07 1.43594e-06 193536 103 0.88887 0.338059 0.0034448 1.39566 1904.74
5.67001e-07 1.46592e-06 193536 87 0.885981 0.306919 0.00243472 1.34892 1867.91
5.64753e-07 1.43879e-06 193536 103 0.927104 0.257458 0.00382809 1.35907 1855.49
5.69598e-07 1.39284e-06 193536 87 0.911871 0.233996 0.00364809 1.30966 1872.44
5.64606e-07 1.40901e-06 193536 103 0.87222 0.285211 0.00281959 1.32443 1918.55
5.69709e-07 1.42263e-06 193536 87 0.872197 0.285871 0.00405772 1.31665 1895.95
5.64049e-07 1.39321e-06 193536 103 0.931273 0.246864 0.00245672 1.34731 1925.47
5.70091e-07 1.37085e-06 193536 87 0.904434 0.248 0.00315589 1.31063 1883.18
5.63558e-07 1.39333e-06 193536 103 0.885709 0.287057 0.00307672 1.33131 1848.62
5.71057e-07 1.46095e-06 193536 87 0.882608 0.335095 0.00344872 1.38839 1851.11
5.68793e-07 1.43824e-06 193536 103 0.930163 0.260768 0.00287014 1.37007 1877.87
5.75546e-07 1.39138e-06 193536 87 0.88559 0.23301 0.00291676 1.28181 1839.07
5.74967e-07 1.37086e-06 193536 103 0.870081 0.249426 0.0033123 1.29209 1809.45
5.78772e-07 1.33905e-06 193536 87 0.870059 0.23453 0.00375722 1.26223 1828.49
5.74458e-07 1.31879e-06 193536 103 0.882224 0.239548 0.00245093 1.28858 1821.54
5.77746e-07 1.3047e-06 193536 87 0.883406 0.2416 0.00245339 1.27929 1817.35
5.75085e-07 1.2913e-06 193536 103 0.881444 0.239537 0.00340809 1.28806 1775.92
5.82788e-07 1.31204e-06 193536 87 0.897822 0.26998 0.00347955 1.32284 1792.19
5.78578e-07 1.30878e-06 193536 103 0.879639 0.250777 0.00245297 1.2959 1785.93
5.80296e-07 1.28477e-06 193536 87 0.879456 0.230065 0.00244476 1.27131 1803.19
5.77701e-07 1.28316e-06 193536 103 0.906475 0.247083 0.00243043 1.32459 1752.22
5.83828e-07 1.29229e-06 193536 87 0.880392 0.257176 0.00349214 1.29329 1769.12
5.80482e-07 1.36974e-06 193536 103 0.8896 0.325054 0.00261272 1.38268 1798.1
5.85738e-07 1.43705e-06 193536 87 0.883601 0.330224 0.00245993 1.37371 1794.13
5.82721e-07 1.39912e-06 193536 103 0.876892 0.241421 0.00269439 1.29524 1809.52
5.88861e-07 1.3757e-06 193536 87 0.932502 0.248112 0.00291739 1.34587 1788.54
5.83547e-07 1.35776e-06 193536 103 0.87669 0.248889 0.00348947 1.29556 1809.3
5.85045e-07 1.40055e-06 193536 87 0.869017 0.304182 0.00317822 1.32898 1818.98
5.81912e-07 1.38388e-06 193536 103 0.876009 0.254923 0.00249526 1.30044 1856.87
5.86939e-07 1.36684e-06 193536 87 0.883362 0.25134 0.00270064 1.29529 1838.5
5.81646e-07 1.34496e-06 193536 103 0.904681 0.243362 0.00244247 1.31609 1845.06
5.83561e-07 1.31937e-06 193536 87 0.892393 0.235539 0.00320018 1.29046 1857.02
5.7867e-07 1.30187e-06 193536 103 0.908884 0.238411 0.00245126 1.31801 1843.12
5.84237e-07 1.28533e-06 193536 87 0.854598 0.235947 0.00373497 1.25222 1850.34
5.77187e-07 1.2756e-06 193536 103 0.87857 0.239344 0.00244168 1.29358 1845.94
5.79402e-07 1.26636e-06 193536 87 0.868479 0.237935 0.00244684 1.26889 1860.11
5.74071e-07 1.26097e-06 193536 103 0.886927 0.239871 0.00244489 1.29943 1851.64
5.78628e-07 1.28675e-06 193536 87 0.894176 0.268986 0.00287243 1.31932 1833.65
5.7667e-07 1.27773e-06 193536 103 0.869281 0.240308 0.00367993 1.27961 1806.01
5.8182e-07 1.28336e-06 193536 87 0.885766 0.252736 0.00298051 1.29331 1794.7
5.80228e-07 1.26748e-06 193536 103 0.87478 0.233006 0.00243826 1.29182 1824.55
5.84243e-07 1.26231e-06 193536 87 0.88167 0.240305 0.00295955 1.27917 1832.41
5.81063e-07 1.41861e-06 193536 103 0.861728 0.395549 0.00244643 1.42395 1777.56
5.85388e-07 1.39089e-06 193536 87 0.886342 0.247729 0.00390522 1.29252 1811.15
5.7989e-07 1.34658e-06 193536 103 0.902829 0.226309 0.00243047 1.31463 1825.17
5.81586e-07 1.31995e-06 193536 87 0.876864 0.234844 0.00351559 1.26673 1826.38
5.77829e-07 1.31221e-06 193536 103 0.879707 0.247963 0.00342968 1.30342 1808.45
5.83088e-07 1.29692e-06 193536 87 0.900122 0.23917 0.00298809 1.30839 1787.84
5.81412e-07 1.28109e-06 193536 103 0.905721 0.23568 0.00242447 1.31257 1762.28
5.85671e-07 1.27631e-06 193536 87 0.896321 0.243313 0.00275259 1.2998 1787.31
5.82635e-07 1.29788e-06 193536 103 0.87516 0.267886 0.00298401 1.31576 1808.45
5.86414e-07 1.43376e-06 193536 87 0.876119 0.382671 0.00330601 1.40854 1808.77
5.85119e-07 1.40458e-06 193536 103 0.919352 0.249247 0.00244643 1.34354 1779.15
5.91855e-07 1.37065e-06 193536 87 0.865959 0.239009 0.00291426 1.26901 1776.52
5.90336e-07 1.36328e-06 193536 103 0.879073 0.258133 0.00309214 1.31682 1743.58
5.96027e-07 1.38398e-06 193536 87 0.871061 0.283877 0.00360705 1.31258 1762.68
5.92945e-07 1.42461e-06 193536 103 0.890124 0.307164 0.00372501 1.36943 1730.04
5.97339e-07 1.4052e-06 193536 87 0.894168 0.256936 0.00321055 1.30855 1763.61
5.91515e-07 1.44888e-06 193536 103 0.897255 0.31422 0.00245768 1.38039 1820.73
5.94277e-07 1.45984e-06 193536 87 0.881736 0.291017 0.00384455 1.33173 1823.73
5.88778e-07 1.4351e-06 193536 103 0.878465 0.258594 0.00335864 1.30158 1828.83
5.88161e-07 1.39382e-06 193536 87 0.994447 0.237801 0.00367355 1.39746 1857.45
5.81306e-07 1.39835e-06 193536 103 0.875586 0.274133 0.00272476 1.31412 1858.68
5.83134e-07 1.45188e-06 193536 87 0.890459 0.322434 0.00308222 1.37545 1849.54
5.78353e-07 1.44143e-06 193536 103 0.901224 0.270875 0.00243797 1.34597 1881.56
5.84608e-07 1.41843e-06 193536 87 0.90407 0.256713 0.00285109 1.31756 1841.88
5.77973e-07 1.45073e-06 193536 103 0.886959 0.305774 0.00328293 1.3631 1862.23
5.83546e-07 1.43843e-06 193536 87 0.869877 0.268865 0.00340547 1.29703 1827.03
5.80168e-07 1.43624e-06 193536 103 0.870446 0.276268 0.00380501 1.31643 1857.27
5.85652e-07 1.39667e-06 193536 87 1.10011 0.239676 0.00244005 1.50071 1835.87
5.78306e-07 1.40572e-06 193536 103 0.873464 0.279061 0.00330947 1.32222 1885.17
5.83593e-07 1.41872e-06 193536 87 0.879669 0.284638 0.00363105 1.32332 1869.17
5.80314e-07 1.41457e-06 193536 103 0.910418 0.270562 0.00304739 1.34425 1862.7
5.81074e-07 1.37208e-06 193536 87 0.898291 0.232654 0.00245768 1.2987 1900.37
5.7482e-07 1.38414e-06 193536 103 0.878266 0.277213 0.0039423 1.32292 1877.24
5.79986e-07 1.4269e-06 193536 87 0.884441 0.309262 0.00372405 1.35274 1842.24
5.74281e-07 1.40283e-06 193536 103 0.905807 0.252866 0.00282489 1.32465 1816.48
5.76198e-07 1.37241e-06 193536 87 0.901456 0.242059 0.00371059 1.30688 1829.66
5.71912e-07 1.40618e-06 193536 103 0.88449 0.298288 0.00354976 1.33953 1817.41
5.76911e-07 1.43144e-06 193536 87 0.888377 0.296588 0.00321439 1.3433 1845.67
5.73992e-07 1.41487e-06 193536 103 0.917203 0.261002 0.00379551 1.35511 1833.12
5.7631e-07 1.37948e-06 193536 87 0.920499 0.239586 0.00246093 1.32556 1860.81
5.72609e-07 1.39893e-06 193536 103 0.881702 0.285801 0.00415047 1.3384 1840.72
5.79757e-07 1.40254e-06 193536 87 0.883249 0.274234 0.00250664 1.31984 1842.47
5.75271e-07 1.39431e-06 193536 103 0.907013 0.26348 0.00390555 1.34064 1869.99
5.76569e-07 1.35714e-06 193536 87 0.907905 0.23388 0.00299843 1.31012 1875.11
5.71775e-07 1.3681e-06 193536 103 0.876002 0.27326 0.00260222 1.31274 1899.56
5.74031e-07 1.37817e-06 193536 87 0.894898 0.274522 0.00471176 1.32732 1917.21
5.68922e-07 1.34391e-06 193536 103 0.921453 0.233574 0.00243368 1.33169 1923.02
5.69072e-07 1.31068e-06 193536 87 0.890363 0.227937 0.00323393 1.27842 1943.69
5.62881e-07 1.29751e-06 193536 103 0.877153 0.240924 0.00375359 1.2893 1947.39
5.64284e-07 1.30878e-06 193536 87 0.886726 0.262021 0.00421105 1.31006 1960.23
5.56809e-07 1.28922e-06 193536 103 1.79147 0.234366 0.00265884 2.19527 1955.6
7.28174e-07 1.27434e-06 721920 277 5.12e-06 0.877001 0.0512791 1.96032 2028.66
8.35808e-07 1.26575e-06 721920 343 1.925e-06 0.888977 0.0545813 2.02042 2116.77
9.36847e-07 1.26154e-06 721920 305 2.108e-06 0.898575 0.0516801 2.0097 2158.46
2.79409e-06 1.24781e-06 721920 305 2.414e-06 0.861154 0.0551285 1.96655 -1605.96
4.275e-06 1.23959e-06 721920 305 1.92e-06 0.871143 0.0587976 1.97622 -1600.28
5.48877e-06 1.23505e-06 721920 305 1.482e-06 0.878491 0.055439 1.9975 -1596.4
6.43223e-06 1.23821e-06 721920 305 2.507e-06 0.903009 0.0606971 2.02699 -1589.3
7.16057e-06 1.23759e-06 721920 305 1.57e-06 0.891677 0.058313 1.99505 -1594.63
7.78487e-06 1.23268e-06 721920 305 2.043e-06 0.875719 0.0501579 1.97325 -1603.72
8.3323e-06 1.22836e-06 721920 305 5.794e-06 0.874294 0.0556889 1.97619 -1614.63
8.83712e-06 1.23227e-06 721920 305 1.638e-06 0.900875 0.0560209 2.00671 -1625.95
9.22505e-06 1.22928e-06 721920 305 1.737e-06 0.878809 0.0591223 1.97532 -1632.88
9.37185e-06 1.22148e-06 721920 305 2.1e-06 0.8593 0.0594442 1.93951 -1600.23
9.53434e-06 1.21596e-06 721920 305 1.923e-06 0.861896 0.0495651 1.93722 -1597.65
9.62658e-06 1.21584e-06 721920 305 1.956e-06 0.877385 0.0646464 1.9638 -1594.09
9.6949e-06 1.216e-06 721920 305 1.292e-06 0.87831 0.0544034 1.96141 -1591.5
9.74327e-06 1.21522e-06 721920 305 1.664e-06 0.875045 0.0546628 1.95112 -1589.15
9.76096e-06 1.21579e-06 721920 305 1.4384e-05 0.879331 0.0618549 1.94886 -1586.58
9.7667e-06 1.21611e-06 721920 305 1.913e-06 0.878855 0.0580291 1.95028 -1585.42
9.78074e-06 1.21684e-06 721920 305 1.822e-06 0.880589 0.0495599 1.96765 -1583.09
9.8077e-06 1.21897e-06 721920 305 2.085e-06 0.886155 0.0657258 1.98729 -1580.72
9.80644e-06 1.21836e-06 721920 305 1.826e-06 0.877778 0.0482265 1.97219 -1579.62
9.79389e-06 1.2169e-06 721920 305 3.057e-06 0.874309 0.0529363 1.9574 -1577.4
9.78832e-06 1.2173e-06 721920 305 7.512e-06 0.879943 0.0562003 1.97216 -1576.32
9.81172e-06 1.22328e-06 721920 305 1.4719e-05 0.900375 0.0502398 2.01137 -1575.19
9.79547e-06 1.22488e-06 721920 305 1.817e-06 0.888888 0.0529203 1.97953 -1574.03
9.74325e-06 1.22727e-06 721920 305 1.812e-06 0.892894 0.0508687 1.95986 -1572.82
9.66918e-06 1.21204e-06 721920 305 2.001e-06 0.831009 0.0629703 1.90017 -1572.16
9.66196e-06 1.21195e-06 721920 305 1.422e-06 0.874688 0.0514771 1.95942 -1571.79
9.67235e-06 1.21864e-06 721920 305 2.43e-06 0.899066 0.0606478 1.99034 -1570.52
9.64381e-06 1.21574e-06 721920 305 1.712e-06 0.869295 0.0544706 1.93885 -1569.24
9.60451e-06 1.21339e-06 721920 305 2.537e-06 0.869187 0.0642951 1.94085 -1568.08
9.63824e-06 1.21798e-06 721920 308 1.0023e-05 0.892543 0.056059 2.38096 -1566.99
9.67845e-06 1.22063e-06 721920 308 1.643e-06 0.888831 0.0622387 1.97588 -1564.45
9.74571e-06 1.24064e-06 721920 305 2.375e-06 0.953445 0.0673592 2.05342 -1564.22
9.81367e-06 1.23905e-06 721920 305 2.391e-06 0.889899 0.0598759 2.0707 -1563.73
1.00841e-05 1.30559e-06 721920 325 2.12e-06 1.13468 0.0517115 1.9056 -1563.7
9.90578e-06 1.57357e-06 721920 290 1.725e-06 1.90981 0.0489626 2.24862 -1561.33
1.00791e-05 1.50221e-06 721920 319 1.612e-06 0.878424 0.052258 1.96275 -1561.3
9.8385e-06 1.44897e-06 721920 297 1.731e-06 0.892285 0.0508666 1.97358 -1552.72
8.24186e-06 1.41117e-06 721920 324 2.263e-06 0.909609 0.0404894 2.00044 842.677
6.95685e-06 1.40305e-06 267264 128 7.276e-06 0.366298 0.0126012 0.888505 679.918
6.00022e-06 1.39058e-06 278016 222 1.505e-06 0.372736 0.011165 0.939969 211.976
5.23754e-06 1.4052e-06 350208 148 2.205e-06 0.512594 0.0290828 1.01839 208.555
4.57034e-06 1.40547e-06 389376 255 2.031e-06 0.547688 0.0310547 1.14827 567.994
3.92795e-06 1.36789e-06 193536 15 0.91805 0.235645 0.00276189 1.27168 416.086
3.5498e-06 1.33186e-06 507648 321 6.817e-06 0.602949 0.0313805 1.36524 275.571
3.27502e-06 1.31488e-06 551424 160 9.412e-06 0.687591 0.0425625 1.43515 328.572
3.05888e-06 1.30096e-06 581376 309 2.484e-06 0.723995 0.0489102 1.6602 388.74
2.81882e-06 1.30234e-06 609792 202 2.51e-06 0.797511 0.0484627 1.60145 916.826
2.57354e-06 1.27163e-06 553728 573 1.508e-06 0.636105 0.0341302 1.64346 639.494
2.47029e-06 1.28007e-06 591360 212 1.847e-06 0.776966 0.052167 1.59088 656.274
2.36475e-06 1.28832e-06 652032 333 6.439e-06 0.861547 0.035902 1.82349 659.423
2.28859e-06 1.28115e-06 665088 232 1.91e-06 0.833007 0.0453263 1.74123 677.578
2.19667e-06 1.27354e-06 686592 384 2.012e-06 0.853486 0.03992 1.85661 655.22
2.17236e-06 1.2613e-06 721920 231 2.356e-06 0.875225 0.0488767 1.91956 668.726
2.13106e-06 1.25415e-06 721920 324 2.231e-06 0.884749 0.0521431 1.9621 672.174
2.11056e-06 1.24265e-06 721920 257 1.534e-06 0.863874 0.0449434 1.91165 675.803
2.08529e-06 1.23962e-06 721920 313 1.955e-06 0.886147 0.0480175 1.96718 679.658
2.07291e-06 1.24299e-06 721920 257 2.276e-06 0.907098 0.0499049 1.94344 697.111
2.04908e-06 1.23582e-06 721920 308 1.625e-06 0.871435 0.0468183 1.94456 696.522
2.03873e-06 1.23073e-06 721920 264 1.885e-06 0.873784 0.0438621 1.92073 704.454
2.02919e-06 1.23442e-06 721920 312 5.874e-06 0.901803 0.041558 1.99936 699.759
2.02904e-06 1.23167e-06 721920 257 1.769e-06 0.881235 0.0494138 1.9455 715.297
2.00968e-06 1.22552e-06 721920 313 6.078e-06 0.866979 0.0471132 1.94703 716.892
2.00591e-06 1.22501e-06 721920 257 2.381e-06 0.88287 0.0594079 1.92505 718.156
1.99963e-06 1.22144e-06 721920 300 1.784e-06 0.871486 0.0562153 1.95192 715.416
2.00548e-06 1.22209e-06 721920 272 2.538e-06 0.884119 0.0494772 1.94863 708.388
1.99617e-06 1.21955e-06 721920 300 6.948e-06 0.873094 0.0423294 1.96238 707.401
1.99761e-06 1.21958e-06 721920 277 1.781e-06 0.880511 0.0531708 1.94459 708.927
1.99446e-06 1.21842e-06 721920 308 3.337e-06 0.876251 0.0392418 1.96505 710.726
2.00757e-06 1.22564e-06 721920 264 5.266e-06 0.905674 0.0490493 1.97157 705.002
1.99837e-06 1.22759e-06 721920 313 1.771e-06 0.891837 0.0555238 1.97882 703.529
1.99209e-06 1.22629e-06 721920 267 6.362e-06 0.881528 0.0489987 1.93603 702.699
1.98937e-06 1.25807e-06 721920 295 5.525e-06 1 0.0549015 2.06148 703.275
1.99326e-06 1.26081e-06 721920 288 2.575e-06 0.918103 0.0516874 1.99072 706.142
1.97236e-06 1.26182e-06 721920 302 5.058e-06 0.913856 0.0467134 1.93028 703.515
1.97099e-06 1.25057e-06 721920 267 1.0376e-05 0.87032 0.053648 1.91181 710.744
1.95821e-06 1.24644e-06 721920 312 1.725e-06 0.887911 0.0401448 1.91245 705.345
1.97121e-06 1.24412e-06 721920 255 1.721e-06 0.891447 0.0485118 1.95342 716.141
1.96718e-06 1.24068e-06 721920 312 1.509e-06 0.885731 0.0566785 1.96601 715.361
1.9817e-06 1.23767e-06 721920 255 1.743e-06 0.884823 0.0505975 1.94466 709.94
1.97789e-06 1.23467e-06 721920 319 1.709e-06 0.882678 0.0626996 1.97054 699.194
1.98762e-06 1.23215e-06 721920 267 5.62e-06 0.882238 0.0470971 1.94757 693.814
1.98916e-06 1.2295e-06 721920 299 7.606e-06 0.879925 0.0490306 1.96514 694.876
1.99636e-06 1.23204e-06 721920 286 2.259e-06 0.896781 0.0451649 1.98562 691.214
1.99616e-06 1.22549e-06 721920 290 2.93e-06 0.865775 0.0535726 1.95076 683.003
1.99496e-06 1.2231e-06 721920 301 1.902e-06 0.876106 0.0390148 1.95509 681.87
2.00124e-06 1.22443e-06 721920 272 2.533e-06 0.887785 0.0567511 1.94793 687.184
2.00373e-06 1.22963e-06 721920 302 6.552e-06 0.902703 0.0624983 1.99375 685.757
2.00706e-06 1.2271e-06 721920 266 6.44e-06 0.878554 0.0490336 1.94431 692.148
1.99804e-06 1.2264e-06 721920 314 1.66e-06 0.883352 0.0511723 1.96886 699.374
2.01008e-06 1.22857e-06 721920 254 2.115e-06 0.893192 0.0476605 1.95542 715.059
1.99765e-06 1.23274e-06 721920 314 3.157e-06 0.90198 0.0573105 2.95144 711.55
2.00344e-06 1.24727e-06 721920 267 1.483e-06 0.942402 0.0416457 1.98779 714.744
1.99908e-06 1.24407e-06 721920 301 2.316e-06 0.888871 0.0606203 1.97273 710.555
1.9935e-06 1.23803e-06 721920 272 7.184e-06 0.87631 0.0505594 1.93286 735.893
1.99205e-06 1.23729e-06 721920 301 1.443e-06 0.891088 0.0540791 1.97929 720.338
1.99423e-06 1.23962e-06 721920 286 1.804e-06 0.901648 0.0458597 1.98132 720.432
1.98772e-06 1.23776e-06 721920 306 2.102e-06 0.888198 0.0407307 1.95932 709.668
2.00134e-06 1.23351e-06 721920 272 7.148e-06 0.878205 0.0361246 1.92807 613.127
2.01086e-06 1.23983e-06 721920 302 2.832e-06 0.913303 0.0522161 1.97672 613.466
2.01756e-06 1.24693e-06 721920 268 1.706e-06 0.920703 0.0561831 1.95951 629.855
2.02786e-06 1.26403e-06 721920 330 6.762e-06 0.961915 0.0451988 1.979 585.871
2.01337e-06 1.24907e-06 721920 254 1.637e-06 0.858513 0.0520943 1.85041 695.779
2.01064e-06 1.24355e-06 721920 301 1.949e-06 0.881815 0.0568334 1.97436 689.507
2.00894e-06 1.24054e-06 721920 266 1.1421e-05 0.886861 0.0452959 1.93096 691.363
2.00166e-06 1.23596e-06 721920 301 5.825e-06 0.879065 0.0473358 1.94563 694.352
1.99992e-06 1.23226e-06 721920 278 1.702e-06 0.878888 0.0552879 1.94315 680.298
2.00634e-06 1.23644e-06 721920 300 1.389e-06 0.904693 0.0529497 1.98635 665.091
2.0053e-06 1.25281e-06 721920 278 2.161e-06 0.951699 0.0431922 1.98782 692.779
1.99539e-06 1.24414e-06 721920 300 3.059e-06 0.873127 0.0511419 1.91241 667.708
2.00136e-06 1.23668e-06 721920 291 2.299e-06 0.871238 0.0502834 1.9456 638.678
2.01212e-06 1.23311e-06 721920 282 2.638e-06 0.8799 0.0581295 1.96174 622.846
2.013e-06 1.23169e-06 721920 300 1.715e-06 0.885093 0.0500286 1.95805 633.011
2.02037e-06 1.2278e-06 721920 282 3.226e-06 0.875129 0.0477973 1.95569 625.138
2.02745e-06 1.22727e-06 721920 291 9.046e-06 0.884467 0.0494882 1.96337 619.685
2.03203e-06 1.22673e-06 721920 297 1.562e-06 0.88405 0.0485201 1.9674 655.299
2.03488e-06 1.22566e-06 721920 282 1.601e-06 0.881739 0.0580657 1.97791 673.521
2.02717e-06 1.22236e-06 721920 297 2.089e-06 0.872912 0.0430633 1.95234 660.457
2.0186e-06 1.21902e-06 721920 282 6.525e-06 0.870377 0.0482577 1.91991 658.34
2.01111e-06 1.22145e-06 721920 297 1.516e-06 0.888812 0.04959 1.95968 684.999
1.99398e-06 1.22455e-06 721920 298 6.419e-06 0.892965 0.0561506 1.91418 695.369
1.99517e-06 1.22537e-06 721920 263 1.867e-06 0.887013 0.0449588 1.93775 704.193
1.97857e-06 1.2206e-06 721920 349 2.343e-06 0.867373 0.0449401 1.95521 695.252
1.99735e-06 1.23139e-06 721920 229 2.175e-06 0.920134 0.0428671 1.95542 669.586
1.98542e-06 1.23488e-06 721920 368 2.111e-06 0.901557 0.0508568 2.00427 667.438
