9.06685e-07 1.27791e-06 129024 440 2.44494 0.164881 0.00430746 3.28217 1376.57
5.85811e-07 1.25901e-06 721920 296 2.675e-06 0.895263 0.053929 2.00922 20415.6
4.74601e-07 1.25959e-06 721920 328 2.985e-06 0.910148 0.0560794 1.96404 17650
4.33177e-07 1.23053e-06 630528 239 1.881e-06 0.720917 0.0538737 1.64867 16557.7
4.09798e-07 1.22314e-06 612864 239 2.403e-06 0.731505 0.048502 1.62879 16075.2
3.94444e-07 1.22163e-06 721920 314 1.925e-06 0.876461 0.0508248 1.99374 15493.8
3.93763e-07 1.2207e-06 721920 256 1.808e-06 0.877243 0.0598847 1.97672 15072.6
3.86715e-07 1.22731e-06 721920 328 2.964e-06 0.919382 0.0749887 2.08464 14397.9
3.90657e-07 1.22802e-06 721920 250 8.611e-06 0.89065 0.079102 1.99061 13844.1
3.86657e-07 1.2286e-06 721920 328 2.15e-06 0.890709 0.0672285 2.0312 13478.1
3.92355e-07 1.23218e-06 721920 250 2.737e-06 0.915426 0.076953 2.02125 13176.7
3.85405e-07 1.24489e-06 721920 328 2.456e-06 0.935402 0.055947 2.06534 13093.1
3.97392e-07 1.24196e-06 721920 250 2.113e-06 0.888135 0.0660066 1.97562 12962.5
3.90147e-07 1.24114e-06 721920 328 7.453e-06 0.893647 0.0545908 2.00901 12945
4.01812e-07 1.24502e-06 721920 250 2.699e-06 0.910004 0.054205 2.0049 12941.6
3.94899e-07 1.23822e-06 721920 328 2.641e-06 0.874268 0.0753554 2.01513 12701.9
4.05061e-07 1.23551e-06 721920 250 1.912e-06 0.884113 0.0564726 1.96021 12771
3.98073e-07 1.23253e-06 721920 328 2.106e-06 0.881168 0.0607263 2.01871 12697.7
4.10151e-07 1.24813e-06 721920 250 1.641e-06 0.946101 0.0553487 2.05918 12750.4
4.01892e-07 1.24299e-06 721920 328 2.334e-06 0.8825 0.0604701 2.02382 12689
4.12275e-07 1.23725e-06 721920 250 3.28e-06 0.876624 0.0608962 1.98064 12667.4
4.11943e-07 1.24032e-06 721920 328 2.266e-06 0.904259 0.064634 2.06473 11449.7
4.3737e-07 1.24431e-06 721920 250 2.614e-06 0.909828 0.0695804 2.01647 10443.6
4.43604e-07 1.23838e-06 721920 328 1.855e-06 0.876896 0.0607388 2.00188 9395.28
4.76852e-07 1.24424e-06 721920 250 2.242e-06 0.915152 0.0584984 2.0321 8615.19
4.94143e-07 1.24363e-06 721920 328 1.944e-06 0.896059 0.0588662 2.0452 7800.08
5.3457e-07 1.24454e-06 721920 250 1.505e-06 0.901059 0.0521294 1.98584 7231.38
5.53765e-07 1.23944e-06 721920 328 3.264e-06 0.880061 0.0642027 2.00887 6554.5
6.02296e-07 1.23682e-06 721920 250 1.611e-06 0.885314 0.053756 1.94657 6004.81
6.26434e-07 1.23585e-06 721920 328 7.056e-06 0.889387 0.05637 2.01642 5421.06
6.8098e-07 1.23216e-06 721920 250 2.229e-06 0.878881 0.0540493 1.97398 5006.04
7.13119e-07 1.22905e-06 721920 314 1.731e-06 0.878291 0.0625756 2.24802 4541.48
7.74862e-07 1.22325e-06 721920 256 1.346e-06 0.866337 0.065501 1.97179 4153.03
8.15262e-07 1.23133e-06 721920 314 3.124e-06 0.912262 0.0561281 2.06947 3798.02
8.72322e-07 1.22527e-06 721920 256 2.089e-06 0.867021 0.0585174 1.9525 3521.46
9.09058e-07 1.22935e-06 721920 314 5.331e-06 0.899296 0.0763436 2.02857 3231.13
9.76311e-07 1.23789e-06 721920 256 1.71e-06 0.918314 0.0796228 2.02632 3002.38
1.0149e-06 1.23909e-06 721920 314 7.602e-06 0.89799 0.0648499 2.03832 2770.55
1.07318e-06 1.2347e-06 721920 256 1.882e-06 0.878662 0.0550786 1.95852 2575.41
1.10929e-06 1.23381e-06 721920 314 7.058e-06 0.888135 0.0665641 2.00975 2371.56
1.1798e-06 1.23847e-06 721920 256 1.671e-06 0.907549 0.0587323 2.0254 2208.06
1.21938e-06 1.23858e-06 721920 314 1.81e-06 0.894473 0.0676865 2.03491 2054.17
1.2745e-06 1.23266e-06 721920 256 1.2279e-05 0.872794 0.0625372 1.96625 1928.67
1.31066e-06 1.23034e-06 721920 314 2.175e-06 0.881493 0.0690191 2.02267 1801.56
1.37368e-06 1.23514e-06 721920 256 2.887e-06 0.90554 0.0601678 2.01756 1701.28
1.40798e-06 1.24089e-06 721920 314 2.359e-06 0.912437 0.0552165 2.04537 1596.75
1.45541e-06 1.23768e-06 721920 256 1.923e-06 0.884227 0.0521823 1.96527 1507.54
1.48815e-06 1.23913e-06 721920 314 2.623e-06 0.898735 0.0570564 2.02377 1427.31
1.52711e-06 1.26736e-06 721920 256 1.564e-06 0.996449 0.0734883 1.92992 1369.71
1.52031e-06 1.48849e-06 721920 314 2.318e-06 1.71313 0.0536809 2.1168 1267.39
1.56973e-06 1.43274e-06 721920 256 1.874e-06 0.873342 0.0518538 1.96342 1258.13
1.59948e-06 1.3908e-06 721920 314 1.926e-06 0.882913 0.0653232 2.00736 1187.89
1.63841e-06 1.35888e-06 721920 256 0.000138656 0.888843 0.0676769 1.97324 1165.6
1.66219e-06 1.33787e-06 721920 314 2.088e-06 0.905177 0.0671786 2.03941 1123.73
1.70111e-06 1.32204e-06 721920 256 1.97e-06 0.908667 0.0627118 1.98558 1098.01
1.71624e-06 1.30225e-06 721920 314 1.74e-06 0.88299 0.0509217 2.01042 1065.31
1.75527e-06 1.28414e-06 721920 256 1.797e-06 0.874752 0.0545047 1.98059 1015.88
1.77538e-06 1.2793e-06 721920 314 1.732e-06 0.909562 0.052924 2.04735 998.872
1.8062e-06 1.27737e-06 721920 256 1.86e-06 0.916605 0.0709962 2.01911 964.268
1.81387e-06 1.26483e-06 721920 314 8.885e-06 0.876898 0.0685542 2.00399 940.774
1.84534e-06 1.25588e-06 721920 256 1.414e-06 0.880805 0.0560749 1.99063 922.893
1.8558e-06 1.25857e-06 721920 314 2.56e-06 0.916353 0.0543414 2.07278 932.12
1.87572e-06 1.24942e-06 721920 256 7.153e-06 0.875535 0.0636267 1.97583 908.209
1.87225e-06 1.24646e-06 721920 314 2.039e-06 0.891309 0.0631879 2.03743 905.615
1.89884e-06 1.24105e-06 721920 256 8.799e-06 0.880304 0.0535452 1.98875 887.269
1.90208e-06 1.2442e-06 721920 314 1.843e-06 0.907316 0.0669668 2.04739 882.807
1.90465e-06 1.23547e-06 721920 256 7.042e-06 0.866708 0.067314 1.92355 875.223
1.90475e-06 1.23288e-06 721920 314 1.642e-06 0.882548 0.0599685 1.99916 843.717
1.92767e-06 1.23812e-06 721920 256 2.297e-06 0.908958 0.0525415 1.99764 841.217
1.92623e-06 1.23849e-06 721920 314 3.221e-06 0.895181 0.0573105 2.00379 827.77
1.93314e-06 1.23903e-06 721920 256 2.441e-06 0.896012 0.0507914 1.95067 839.559
1.9286e-06 1.23216e-06 721920 314 2.198e-06 0.869707 0.0538037 1.9747 801.706
1.93616e-06 1.22516e-06 721920 256 2.316e-06 0.86425 0.0748968 1.92836 806.983
1.92464e-06 1.22446e-06 721920 314 5.504e-06 0.881944 0.0459466 1.9762 804.756
1.93672e-06 1.22331e-06 721920 256 1.9392e-05 0.879811 0.0510522 1.95233 796.887
1.93703e-06 1.21974e-06 721920 314 2.268e-06 0.870223 0.0612401 1.97804 773.488
1.95886e-06 1.22087e-06 721920 256 2.175e-06 0.884652 0.056517 1.98536 770.315
1.96127e-06 1.2184e-06 721920 314 6.718e-06 0.872444 0.0553062 1.99876 738.938
1.98172e-06 1.2171e-06 721920 256 1.937e-06 0.874905 0.0556513 1.97001 728.778
1.99239e-06 1.2181e-06 721920 314 2.195e-06 0.882267 0.0667413 2.00827 697.571
2.01869e-06 1.22291e-06 721920 256 2.059e-06 0.896711 0.064776 2.00018 685.308
2.02746e-06 1.23741e-06 721920 314 1.878e-06 0.935208 0.0646276 2.06834 679.933
2.04301e-06 1.23945e-06 721920 256 2.292e-06 0.900652 0.0780793 2.00995 686.886
2.03957e-06 1.23481e-06 721920 314 2.101e-06 0.878046 0.0594481 1.99842 660.831
2.04746e-06 1.23082e-06 721920 256 1.877e-06 0.877014 0.0574594 1.95819 668.097
2.05045e-06 1.23256e-06 721920 314 1.666e-06 0.894857 0.0536295 2.03528 678.58
2.05018e-06 1.2275e-06 721920 256 1.469e-06 0.871537 0.0626079 1.95547 694.505
2.01452e-06 1.33773e-06 721920 314 1.751e-06 1.28404 0.0713681 1.88401 704.718
1.84817e-06 1.31403e-06 193536 42 0.891166 0.235967 0.00259817 1.26236 665.718
1.71484e-06 1.44121e-06 193536 50 1.12979 0.377381 0.00274696 1.62186 627.465
1.61171e-06 1.48332e-06 193536 44 1.22007 0.319673 0.00474429 1.68098 616.231
1.53078e-06 1.426e-06 193536 46 0.890554 0.231607 0.00259721 1.25599 598.929
1.47653e-06 1.41146e-06 193536 45 0.910793 0.261915 0.00279513 1.30687 583.247
1.43071e-06 1.38337e-06 193536 46 0.904031 0.245982 0.00359754 1.28603 562.23
1.39991e-06 1.41706e-06 193536 45 0.871072 0.300339 0.00350471 1.3045 551.12
1.37971e-06 1.38035e-06 193536 46 0.914521 0.238727 0.00258663 1.29352 517.786
1.36367e-06 1.35125e-06 193536 45 1.57592 0.23899 0.00300183 1.95258 517.462
1.51077e-06 1.3223e-06 721920 328 2.268e-06 0.870986 0.0658091 1.98132 510.029
1.63404e-06 1.31091e-06 721920 352 2.604e-06 0.913487 0.0580386 2.06347 528.428
1.72624e-06 1.29606e-06 721920 314 8.781e-06 0.892778 0.0521962 2.00252 546.977
1.79938e-06 1.28161e-06 721920 352 1.1679e-05 0.88347 0.0704423 2.07314 528.494
1.87189e-06 1.27906e-06 721920 314 1.855e-06 0.916008 0.0633909 2.04211 536.341
1.91839e-06 1.27177e-06 721920 352 2.051e-06 0.897061 0.0640037 2.03702 526.44
1.96348e-06 1.27025e-06 721920 314 2.624e-06 0.912643 0.0715546 2.04702 533.997
1.98975e-06 1.26176e-06 721920 352 6.507e-06 0.88637 0.0590199 2.024 526.972
2.02017e-06 1.25359e-06 721920 314 1.95e-06 0.881414 0.0592514 2.00276 530.015
2.03199e-06 1.24485e-06 721920 352 5.148e-06 0.87345 0.0607961 2.00479 556.759
2.0488e-06 1.23995e-06 721920 314 1.556e-06 0.880995 0.0524148 2.0314 558.921
2.05017e-06 1.23938e-06 721920 352 1.839e-06 0.893083 0.0630166 2.00396 543.299
2.05968e-06 1.24192e-06 721920 314 3.046e-06 0.9039 0.0615881 2.00408 544.379
2.06684e-06 1.23728e-06 721920 352 2.132e-06 0.879808 0.0582413 2.04638 577.02
2.07664e-06 1.23528e-06 721920 314 4.011e-06 0.886014 0.0619688 2.03003 575.375
2.07211e-06 1.23264e-06 721920 352 1.916e-06 0.882237 0.0587869 2.03032 605.255
2.07307e-06 1.23406e-06 721920 314 3.701e-06 0.894977 0.0483533 2.01819 609.705
2.05999e-06 1.23214e-06 721920 352 8.996e-06 0.883962 0.0708035 2.00524 632.985
2.06257e-06 1.23052e-06 721920 314 6.03e-06 0.883686 0.0568015 2.01192 636.863
2.05492e-06 1.23498e-06 721920 352 1.895e-06 0.904415 0.0574543 2.05978 643.836
2.0486e-06 1.232e-06 721920 314 1.832e-06 0.880788 0.0587087 1.99932 650.487
2.04367e-06 1.22797e-06 721920 352 2.319e-06 0.874859 0.0588497 2.04851 668.585
2.02516e-06 1.25588e-06 691200 286 1.529e-06 0.945247 0.0579208 1.94551 677.993
2.02906e-06 1.24814e-06 721920 328 1.452e-06 0.878714 0.0764412 2.01184 663.325
2.02486e-06 1.24142e-06 721920 335 1.571e-06 0.876807 0.0619785 2.019 662.656
2.02485e-06 1.2399e-06 721920 335 1.379e-06 0.890713 0.072058 2.03653 682.108
2.01903e-06 1.24504e-06 721920 352 2.204e-06 0.913641 0.0687035 2.07294 700.918
2.01689e-06 1.24125e-06 721920 314 1.1412e-05 0.885166 0.0518555 2.00602 696.922
2.0059e-06 1.2341e-06 721920 360 1.668e-06 0.87025 0.0619155 2.02347 683.452
2.01421e-06 1.23362e-06 721920 314 1.538e-06 0.889193 0.0617572 2.0349 687.17
2.01274e-06 1.23917e-06 721920 352 2.034e-06 0.910599 0.0518308 2.07373 687.321
2.00943e-06 1.23812e-06 721920 314 7.981e-06 0.89081 0.0597059 2.03117 725.337
1.99783e-06 1.23952e-06 721920 360 3.909e-06 0.898868 0.0600196 2.0566 725.758
2.00016e-06 1.24807e-06 721920 314 1.538e-06 0.925716 0.0617912 2.06344 747.186
1.99258e-06 1.25904e-06 721920 352 2.071e-06 0.94058 0.0676357 2.10754 754.58
1.98713e-06 1.25496e-06 721920 314 9.699e-06 0.894211 0.05817 2.0358 786.957
1.96797e-06 1.24852e-06 721920 360 2.513e-06 0.882742 0.0626143 2.02738 799.891
1.70668e-06 1.25298e-06 721920 314 2.532e-06 0.917421 0.0560895 2.06033 6535.57
1.72383e-06 1.2528e-06 446208 125 2.527e-06 0.558685 0.039176 1.10252 879.144
1.49162e-06 1.24585e-06 721920 352 6.336e-06 0.879355 0.0602403 2.03516 7095.29
1.54812e-06 1.2418e-06 476928 108 6.132e-06 0.58452 0.035331 1.18271 1102.09
1.57535e-06 1.2361e-06 721920 360 1.666e-06 0.875889 0.0518113 2.01563 1068.32
1.6507e-06 1.23532e-06 721920 234 1.445e-06 0.889566 0.0598987 1.97541 975.987
1.68528e-06 1.23566e-06 721920 314 1.945e-06 0.89302 0.0523345 2.01465 984.225
1.72582e-06 1.23067e-06 721920 250 2.02e-06 0.874052 0.0637754 1.95949 988.88
1.75413e-06 1.22936e-06 721920 314 2.008e-06 0.883723 0.0674773 2.02105 968.345
1.79079e-06 1.23346e-06 721920 250 2.264e-06 0.902275 0.0568213 2.74182 890.239
1.81511e-06 1.24027e-06 721920 314 3.356e-06 0.915034 0.0605622 2.04513 879.81
1.84897e-06 1.23753e-06 721920 250 2.526e-06 0.885502 0.0579684 1.96663 845.721
1.85813e-06 1.23104e-06 721920 314 7.866e-06 0.869984 0.0596898 1.99764 833.095
1.88435e-06 1.22819e-06 721920 250 1.901e-06 0.878428 0.0637302 1.99094 841.026
1.89381e-06 1.23538e-06 721920 314 1.358e-06 0.912588 0.069504 2.05164 837.277
1.90785e-06 1.24096e-06 721920 250 1.476e-06 0.911991 0.0608368 1.985 861.561
1.90528e-06 1.23794e-06 721920 314 1.668e-06 0.884983 0.0620344 2.01468 844.123
1.91661e-06 1.23134e-06 721920 250 8.34e-06 0.869853 0.0669924 1.95514 887.176
1.90808e-06 1.22963e-06 721920 314 3.184e-06 0.882765 0.055657 2.00322 881.527
1.92722e-06 1.22625e-06 721920 250 2.047e-06 0.875486 0.0636739 1.9821 880.423
1.92661e-06 1.23118e-06 721920 314 1.875e-06 0.903042 0.0682015 2.04661 874.036
1.92391e-06 1.22451e-06 721920 250 1.613e-06 0.864757 0.0626034 1.94968 939.743
1.91071e-06 1.2236e-06 721920 314 9.341e-06 0.880701 0.0632411 2.01152 935.083
1.92386e-06 1.22548e-06 721920 250 2.972e-06 0.890127 0.0621985 1.98753 924.447
1.91209e-06 1.23582e-06 721920 314 1.91e-06 0.922029 0.0668694 2.04291 930.3
1.90845e-06 1.22905e-06 721920 250 2.131e-06 0.867711 0.0559133 1.93277 941.575
1.89334e-06 1.22693e-06 721920 314 1.903e-06 0.879639 0.0539467 1.97972 936.982
1.90487e-06 1.22603e-06 721920 250 2.202e-06 0.88251 0.0537927 1.96287 940.158
1.90255e-06 1.23664e-06 721920 314 1.909e-06 0.923374 0.0571335 2.07262 918.497
1.90888e-06 1.23191e-06 721920 250 2.686e-06 0.875678 0.0561361 1.96884 946.184
1.88715e-06 1.22415e-06 721920 314 2.25e-06 0.86135 0.057512 1.97017 946.442
1.90734e-06 1.23796e-06 721920 250 2.672e-06 0.933566 0.0598782 2.04554 926.998
1.89841e-06 1.23441e-06 721920 314 1.882e-06 0.880919 0.0594123 2.01934 920.064
1.90728e-06 1.23051e-06 721920 250 7.03e-06 0.87705 0.0667936 1.96225 903.958
1.90048e-06 1.22907e-06 721920 314 1.912e-06 0.883138 0.0664595 2.00443 890.068
1.92701e-06 1.23759e-06 721920 250 2.07e-06 0.918055 0.054107 2.02188 872.712
1.926e-06 1.2405e-06 721920 314 3.406e-06 0.903937 0.0590251 2.0462 875.97
1.9316e-06 1.23077e-06 721920 250 1.2463e-05 0.86042 0.051856 1.94732 886.713
1.92467e-06 1.22619e-06 721920 314 5.387e-06 0.87198 0.0667958 2.00533 868.655
1.94386e-06 1.22909e-06 721920 250 1.0627e-05 0.895668 0.054804 1.98661 832.464
1.94567e-06 1.23415e-06 721920 314 1.801e-06 0.905569 0.0668402 2.04672 832.01
1.9527e-06 1.22413e-06 721920 250 2.527e-06 0.854794 0.057886 1.95063 829.057
1.94806e-06 1.22643e-06 721920 314 1.537e-06 0.892012 0.0695794 2.02144 812.683
1.97133e-06 1.23209e-06 721920 250 1.702e-06 0.905814 0.0707579 2.00344 798.274
1.96544e-06 1.2349e-06 721920 314 2.666e-06 0.899641 0.0670881 2.01413 797.259
1.97896e-06 1.24328e-06 721920 250 7.049e-06 0.921722 0.0777652 1.98782 803.242
1.97365e-06 1.23631e-06 721920 314 1.486e-06 0.872404 0.055775 2.00705 800.749
1.98375e-06 1.23644e-06 721920 250 1.579e-06 0.892968 0.0527528 1.98744 799.926
1.97133e-06 1.22887e-06 721920 314 7.444e-06 0.865281 0.0665362 1.98103 797.245
1.98662e-06 1.22799e-06 721920 250 1.599e-06 0.88398 0.058514 1.97005 754.428
1.98867e-06 1.22895e-06 721920 314 1.544e-06 0.889964 0.050029 2.01503 733.802
2.00276e-06 1.23237e-06 721920 250 1.553e-06 0.89955 0.0664735 1.97346 728.418
1.99862e-06 1.22913e-06 721920 314 1.817e-06 0.877999 0.0579631 1.9967 711.912
2.01142e-06 1.23003e-06 721920 250 4.035e-06 0.890582 0.0679816 1.99002 713.857
2.00984e-06 1.23151e-06 721920 314 2.301e-06 0.893304 0.0554281 2.03965 753.505
2.0236e-06 1.24149e-06 721920 250 2.559e-06 0.925089 0.0648013 2.02237 754.466
2.00969e-06 1.23873e-06 721920 314 1.544e-06 0.886293 0.0604853 3.04872 760.055
2.022e-06 1.24053e-06 721920 250 2.138e-06 0.900759 0.0651563 2.0127 739.137
2.01838e-06 1.23478e-06 721920 314 1.968e-06 0.874798 0.0603249 2.03018 719.398
2.0343e-06 1.23033e-06 721920 250 1.626e-06 0.875363 0.056273 1.98265 720.536
2.02817e-06 1.23051e-06 721920 314 2.185e-06 0.888863 0.0626001 2.01348 706.951
2.03623e-06 1.22986e-06 721920 250 2.86e-06 0.885974 0.0698966 1.97244 713.878
2.03182e-06 1.24073e-06 721920 314 1.387e-06 0.927098 0.06117 2.05084 718.237
2.03595e-06 1.24521e-06 721920 250 5.48e-06 0.911859 0.0684039 1.98255 735.541
2.01939e-06 1.2378e-06 721920 314 2.673e-06 0.872211 0.0575865 1.97917 726.669
2.02693e-06 1.23187e-06 721920 250 1.485e-06 0.872193 0.0580332 1.95977 726.855
2.0245e-06 1.24349e-06 721920 314 1.901e-06 0.931266 0.0591373 2.07066 733.034
2.03317e-06 1.24536e-06 721920 250 2.098e-06 0.904428 0.0570634 1.99422 735.574
2.02439e-06 1.24166e-06 721920 314 2.154e-06 0.885702 0.0536398 2.00601 713.305
2.03438e-06 1.23784e-06 721920 250 2.979e-06 0.8826 0.0678875 1.97526 715.072
2.0341e-06 1.24796e-06 721920 314 2.99e-06 0.930155 0.0639343 2.07495 726.137
2.03961e-06 1.24371e-06 721920 250 2.647e-06 0.885582 0.0653837 1.95932 724.177
2.0291e-06 1.23601e-06 721920 314 8.899e-06 0.870068 0.0652411 1.99151 703.012
2.03493e-06 1.22984e-06 721920 250 6.974e-06 0.870032 0.0556225 1.9491 720.206
2.03042e-06 1.22828e-06 721920 314 2.182e-06 0.882217 0.063158 2.03757 715.009
2.04009e-06 1.22736e-06 721920 250 2.987e-06 0.883399 0.0685553 1.9724 699.029
2.0377e-06 1.22608e-06 721920 314 1.911e-06 0.88144 0.0548245 2.01908 703.402
2.04377e-06 1.2296e-06 721920 250 2.344e-06 0.897815 0.0576618 1.98955 714.326
2.03596e-06 1.22736e-06 721920 314 1.551e-05 0.879617 0.0529625 2.01536 715.815
2.04281e-06 1.22553e-06 721920 250 2.091e-06 0.87945 0.0592173 1.97581 715.213
2.04163e-06 1.23155e-06 721920 314 2.182e-06 0.906468 0.0667905 2.0423 721.608
2.04553e-06 1.22914e-06 721920 250 2.135e-06 0.880386 0.0666864 1.97987 749.987
2.036e-06 1.22977e-06 721920 314 1.371e-06 0.889594 0.0536444 2.01938 745.616
2.0408e-06 1.2286e-06 721920 250 1.3048e-05 0.883581 0.0584919 1.9848 744.66
2.02676e-06 1.22581e-06 721920 314 8.13e-06 0.87688 0.0718236 1.99822 742.082
2.03844e-06 1.23899e-06 721920 250 1.637e-06 0.932494 0.0609833 2.02373 762.915
2.02276e-06 1.23406e-06 721920 314 1.989e-06 0.876681 0.0591955 2.0115 758.139
2.03005e-06 1.228e-06 721920 250 1.726e-06 0.869013 0.0635772 1.96011 739.75
2.02313e-06 1.22509e-06 721920 314 7.059e-06 0.875999 0.0569338 2.00984 728.152
2.03309e-06 1.22479e-06 721920 250 2.064e-06 0.883358 0.0538202 1.99252 738.671
2.02601e-06 1.23046e-06 721920 314 2.186e-06 0.904668 0.0645087 2.03546 727.998
2.03516e-06 1.2316e-06 721920 250 1.779e-06 0.892384 0.0606919 1.99125 734.888
2.02465e-06 1.23707e-06 721920 314 1.825e-06 0.908879 0.0639133 2.01321 714.958
2.02008e-06 1.22641e-06 721920 250 6.753e-06 0.854587 0.0487848 1.93546 747.295
2.01751e-06 1.22453e-06 721920 314 2.323e-06 0.878564 0.056017 2.01758 732.371
2.02184e-06 1.22022e-06 721920 250 2.048e-06 0.868471 0.0605616 1.95709 744.997
2.01816e-06 1.22189e-06 721920 314 7.619e-06 0.886914 0.059279 2.02747 729.257
2.0279e-06 1.22523e-06 721920 250 1.893e-06 0.894169 0.0579614 1.97867 725.905
2.01824e-06 1.221e-06 721920 314 5.407e-06 0.869269 0.0562425 1.99886 742.503
2.02012e-06 1.22219e-06 721920 250 2.034e-06 0.885759 0.0596878 1.97482 767.386
2.01347e-06 1.2201e-06 721920 314 1.937e-06 0.874775 0.0651177 1.99617 749.144
2.01112e-06 1.22034e-06 721920 250 1.495e-06 0.881666 0.0583858 1.95083 763.153
1.99942e-06 1.215e-06 721920 314 2.167e-06 0.861721 0.0683368 1.99034 743.343
2.00661e-06 1.21755e-06 721920 250 7.326e-06 0.88633 0.0652611 1.96195 745.361
1.99868e-06 1.22415e-06 721920 314 4.093e-06 0.902809 0.0572334 3.52488 711.214
2.013e-06 1.22225e-06 721920 250 1.51e-06 0.876859 0.0475107 1.96998 716.819
2.01035e-06 1.2215e-06 721920 314 1.2571e-05 0.87969 0.0526225 2.00469 709.247
2.0324e-06 1.22657e-06 721920 250 1.584e-06 0.900113 0.0506466 2.00541 709.158
2.03094e-06 1.23217e-06 721920 314 3.146e-06 0.905713 0.060904 2.05077 698.602
2.04397e-06 1.23405e-06 721920 250 2.095e-06 0.896312 0.06556 2.00101 699.734
2.02982e-06 1.22969e-06 721920 314 2.023e-06 0.875153 0.0570523 1.96996 692.598
2.03206e-06 1.22647e-06 721920 250 2.483e-06 0.876113 0.053011 1.94247 708.079
2.02663e-06 1.23587e-06 721920 314 4.569e-06 0.919342 0.0705996 2.02644 689.311
2.03943e-06 1.2286e-06 721920 250 2.851e-06 0.865951 0.0539845 1.96522 684.747
2.03585e-06 1.2264e-06 721920 314 8.648e-06 0.879022 0.0549115 2.00971 674.128
2.04452e-06 1.22244e-06 721920 250 1.558e-06 0.871056 0.0561086 1.95511 680.709
2.04696e-06 1.22455e-06 721920 314 1.967e-06 0.890118 0.0550703 2.02634 677.531
2.06517e-06 1.22736e-06 721920 250 1.735e-06 0.894164 0.0593793 1.99244 650.117
2.0617e-06 1.23046e-06 721920 314 5.174e-06 0.897244 0.0610594 2.02847 664.489
2.06929e-06 1.22864e-06 721920 250 1.632e-06 0.881732 0.0645053 1.96764 663.257
2.06536e-06 1.22628e-06 721920 314 1.668e-06 0.878458 0.0638074 2.00169 647.456
2.09091e-06 1.25652e-06 721920 250 2.578e-06 0.994438 0.0675822 2.09237 630.16
2.0829e-06 1.24779e-06 721920 314 1.896e-06 0.875581 0.0526508 2.00113 645.657
2.0883e-06 1.24492e-06 721920 250 1.4365e-05 0.890441 0.0730885 1.97346 644.335
2.08113e-06 1.24561e-06 721920 314 2.013e-06 0.901218 0.0592286 2.03116 655.545
2.09547e-06 1.24695e-06 721920 250 1.779e-06 0.904061 0.0594506 1.99896 639.211
2.08845e-06 1.24328e-06 721920 314 1.382e-06 0.886954 0.0588914 2.01393 639.952
2.08429e-06 1.23561e-06 721920 250 2.465e-06 0.869873 0.0576141 1.93927 639.698
2.07899e-06 1.22963e-06 721920 314 2.115e-06 0.870441 0.0597292 1.97777 633.399
2.08241e-06 1.28848e-06 721920 250 6.51e-06 1.1001 0.0566569 1.94954 628.992
2.07119e-06 1.27276e-06 721920 314 1.707e-06 0.873453 0.0665035 1.97041 610.275
2.07856e-06 1.26191e-06 721920 250 8.796e-06 0.879658 0.051614 1.96636 611.899
2.08698e-06 1.26175e-06 721920 314 1.667e-06 0.910411 0.0589655 2.04892 605.375
2.10014e-06 1.25826e-06 721920 250 1.51e-06 0.898285 0.0595045 2.00522 625.888
2.09389e-06 1.24992e-06 721920 314 3.139e-06 0.878254 0.0604983 2.0069 630.591
2.09696e-06 1.24496e-06 721920 250 2.003e-06 0.884435 0.0560775 1.96506 640.025
2.09154e-06 1.24691e-06 721920 314 2.336e-06 0.9058 0.0625765 2.04342 650.315
2.09863e-06 1.24726e-06 721920 250 2.219e-06 0.90145 0.0626121 2.00343 680.875
2.087e-06 1.24285e-06 721920 314 1.884e-06 0.884482 0.0564207 2.02321 683.134
2.09008e-06 1.24039e-06 721920 250 8.003e-06 0.888366 0.0636889 1.9804 684.435
2.08262e-06 1.24641e-06 721920 314 6.152e-06 0.91719 0.0714213 2.0511 681.36
2.08611e-06 1.25214e-06 721920 250 2.272e-06 0.92049 0.0734062 2.01348 698.704
2.0671e-06 1.24597e-06 721920 314 2.548e-06 0.881696 0.0642989 2.00549 716.062
2.0668e-06 1.24147e-06 721920 250 3.31e-06 0.883243 0.0622404 1.96826 698.014
2.06322e-06 1.24446e-06 721920 314 1.623e-06 0.907009 0.057242 2.04994 701.911
2.07012e-06 1.24708e-06 721920 250 7.251e-06 0.907889 0.0664901 1.99779 712.854
2.05091e-06 1.24035e-06 721920 314 1.727e-06 0.875997 0.0561415 1.98835 724.629
2.04792e-06 1.2402e-06 721920 250 2.329e-06 0.894891 0.0649836 1.97592 751.226
2.03643e-06 1.24744e-06 721920 314 1.921e-06 0.921449 0.0693446 2.05559 749.163
2.02961e-06 1.24461e-06 721920 250 2.18e-06 0.890356 0.0573704 1.96213 758.929
2.00973e-06 1.2387e-06 721920 314 2.004e-06 0.877146 0.0513206 1.97076 738.078
2.00733e-06 1.23661e-06 721920 250 1.97e-06 0.886718 0.064827 1.94092 742.559
1.99834e-06 1.4856e-06 721920 314 2.046e-06 1.79147 0.0635197 2.91517 737.818
1.83649e-06 1.42603e-06 193536 43 0.877009 0.229877 0.0026685 1.24106 690.039
1.70465e-06 1.39107e-06 193536 55 0.888983 0.242154 0.00275329 1.27443 672.396
1.59628e-06 1.36269e-06 193536 75 0.898583 0.24176 0.00270758 1.30475 635.08
1.51404e-06 1.33863e-06 193536 75 0.861161 0.240448 0.00311421 1.26184 604.606
1.45176e-06 1.38744e-06 193536 75 0.871181 0.306308 0.00339763 1.33471 587.434
1.4053e-06 1.40482e-06 193536 75 0.878496 0.285335 0.00465088 1.31872 569.667
1.36675e-06 1.36706e-06 193536 75 0.903016 0.235342 0.00389492 1.29772 569.579
1.33527e-06 1.36465e-06 193536 75 0.891683 0.262244 0.00329683 1.30676 587.588
1.3114e-06 1.4086e-06 193536 75 0.875725 0.306637 0.00352933 1.3284 551.265
1.29523e-06 1.40497e-06 193536 75 0.874303 0.2691 0.00338333 1.29742 563.628
1.28801e-06 1.37251e-06 193536 75 0.900883 0.240501 0.00266871 1.29855 538.952
1.27125e-06 1.38404e-06 193536 75 0.878816 0.276786 0.00332996 1.29823 548.136
1.27042e-06 1.38979e-06 193536 75 0.859312 0.273425 0.0031295 1.29037 531.353
1.27488e-06 1.37575e-06 193536 75 0.8619 0.255388 0.00310763 1.2795 514.764
1.27107e-06 1.33841e-06 193536 75 0.877393 0.230125 0.00270229 1.26502 527.297
1.26677e-06 1.31989e-06 193536 75 0.878316 0.241107 0.00322479 1.27078 517.503
1.26648e-06 1.30929e-06 193536 75 0.875054 0.245194 0.00383775 1.27537 527.153
1.26838e-06 1.30413e-06 193536 75 0.87935 0.248398 0.00455404 1.28878 503.916
1.25799e-06 1.28525e-06 193536 75 0.878861 0.234127 0.00310092 1.26494 534.678
1.25806e-06 1.3044e-06 193536 75 0.880594 0.267273 0.00399142 1.30399 529.825
1.25435e-06 1.28717e-06 193536 75 0.886163 0.235778 0.00409304 1.28358 524.664
1.25911e-06 1.2759e-06 193536 75 0.877784 0.238205 0.00302163 1.27266 510.504
1.26282e-06 1.31799e-06 193536 75 0.874317 0.287665 0.00408338 1.31618 535.083
1.21427e-06 1.34226e-06 193536 75 0.879954 0.278567 0.00487008 1.31435 843.627
1.14345e-06 1.33789e-06 193536 75 0.900392 0.255547 0.00455663 1.31006 1108.17
1.0948e-06 1.33416e-06 193536 75 0.888895 0.255318 0.00348146 1.29559 1049.07
1.04516e-06 1.32e-06 193536 75 0.892899 0.244506 0.00458992 1.29907 1201.97
1.00908e-06 1.31588e-06 193536 75 0.831017 0.251485 0.00364463 1.22878 1184.58
9.60369e-07 1.28723e-06 193536 75 0.874696 0.226938 0.00268071 1.25983 1365.31
9.28672e-07 1.27195e-06 193536 75 0.899078 0.234339 0.00453521 1.28892 1243.24
8.87908e-07 1.28385e-06 193536 75 0.869302 0.257689 0.003775 1.27381 1475.73
8.65194e-07 1.33473e-06 193536 75 0.869194 0.297705 0.00522133 1.31723 1336.91
8.3192e-07 1.34252e-06 193536 75 0.892556 0.265857 0.00420733 1.3091 1673.63
8.19809e-07 1.33515e-06 193536 75 0.888834 0.252697 0.0030945 1.30096 1449.3
7.75899e-07 1.37105e-06 193536 75 0.95345 0.293139 0.00402792 1.39801 2000.59
7.57395e-07 1.52437e-06 193536 75 0.889904 0.413714 0.00278288 1.46652 1699.84
6.99145e-07 1.72536e-06 193536 75 1.13469 0.489515 0.00307321 1.768 2666.01
6.73321e-07 1.89196e-06 193536 74 1.90982 0.49513 0.00295158 2.55408 2094.4
6.10891e-07 1.78874e-06 193536 75 0.878437 0.266284 0.00338979 1.29288 3842.01
5.8476e-07 1.68561e-06 193536 75 0.892291 0.246388 0.004712 1.29111 2725.28
4.99357e-07 1.59821e-06 193536 75 0.909617 0.241646 0.00350925 1.30292 10007.5
7.66898e-07 1.51694e-06 648192 188 0.366308 0.772566 0.0520732 2.06334 1313.8
8.67168e-07 1.45598e-06 637440 327 0.372739 0.772674 0.0474511 2.01435 1668.39
1.06944e-06 1.42663e-06 565248 159 0.512602 0.740025 0.0435251 1.91201 930.03
1.09766e-06 1.40462e-06 526080 309 0.547694 0.692623 0.0373429 2.04773 1801.41
1.35993e-06 1.37803e-06 721920 177 1.477e-06 0.918047 0.0616653 1.9544 291.936
1.35128e-06 1.38558e-06 407808 282 0.602958 0.577369 0.029879 2.81025 1029.44
1.29852e-06 1.38897e-06 364032 124 0.687603 0.510572 0.0233873 1.61786 2366.69
1.25924e-06 1.38793e-06 334080 142 0.724005 0.46229 0.0223913 1.63503 2401.99
6.67441e-07 1.38444e-06 305664 72 0.797518 0.4189 0.0187302 1.4944 -5712.43
7.09449e-07 1.39026e-06 361728 207 0.636108 0.511328 0.0202275 1.62918 2442.58
8.48389e-07 1.39692e-06 324096 88 0.776973 0.461363 0.0210137 1.64584 2290.85
9.50719e-07 1.43416e-06 263424 74 0.861566 0.417032 0.0150314 1.56537 2182.84
9.59808e-07 1.46717e-06 250368 51 0.833012 0.400389 0.00691892 1.39313 2405.15
9.37476e-07 1.48683e-06 228864 96 0.853491 0.358285 0.0112368 1.40061 2245.28
1.12394e-06 1.42966e-06 193536 77 0.875229 0.232433 0.00404029 1.26068 55.79
1.31354e-06 1.42781e-06 193536 93 0.884753 0.274899 0.00502971 1.32321 15.4066
1.15935e-06 1.40763e-06 193536 83 0.863878 0.256801 0.00363425 1.27848 2183.92
1.02272e-06 1.40367e-06 193536 93 0.886153 0.268598 0.00329408 1.32129 2505.62
9.17573e-07 1.37252e-06 193536 83 0.907102 0.241521 0.00532929 1.30896 2465.62
6.67151e-07 1.37607e-06 193536 91 0.871444 0.269067 0.00407304 1.30409 -5492.91
4.64886e-07 1.38311e-06 193536 83 0.873791 0.273125 0.00434592 1.30536 -5476.34
3.08931e-07 1.38226e-06 193536 93 0.901815 0.26686 0.00350317 1.33994 -5455.6
1.7881e-07 1.34454e-06 193536 83 0.881239 0.231016 0.00374342 1.27455 -5437.2
7.79997e-08 1.36396e-06 193536 93 0.866992 0.279009 0.00409846 1.31764 -5433.96
-8.58929e-09 1.35584e-06 193536 83 0.882879 0.256115 0.00345775 1.29739 -5344.19
9.57194e-08 1.36369e-06 193536 91 0.87149 0.270001 0.00448875 1.30126 2224.74
1.83698e-07 1.34178e-06 193536 86 0.884127 0.242719 0.00331771 1.29402 2214.63
2.51999e-07 1.36156e-06 193536 91 0.873106 0.278824 0.00407042 1.3175 2296.71
3.05634e-07 1.36434e-06 193536 86 0.880516 0.266201 0.00323879 1.3132 2244.9
3.49813e-07 1.3586e-06 193536 91 0.876258 0.2585 0.00366583 1.29243 2186.4
3.89135e-07 1.34173e-06 193536 83 0.905685 0.246613 0.00453208 1.31677 2195.25
4.16074e-07 1.34074e-06 193536 93 0.891841 0.258712 0.00415879 1.30529 2137.85
4.4578e-07 1.36921e-06 193536 83 0.881539 0.287032 0.00295804 1.33289 2159.76
4.66651e-07 1.39327e-06 193536 87 1.00001 0.288272 0.00394533 1.45118 2120
4.83101e-07 1.36275e-06 193536 87 0.918111 0.24012 0.002662 1.32384 2110.14
4.92825e-07 1.36314e-06 193536 91 0.913866 0.264116 0.00467421 1.34033 2105.58
5.08335e-07 1.32709e-06 193536 83 0.870334 0.228936 0.00362008 1.26207 2102.31
4.82315e-07 1.40468e-06 193536 93 0.887917 0.331922 0.00323121 1.38381 3180.49
4.71831e-07 1.36189e-06 193536 83 0.891454 0.230447 0.00329838 1.28699 3046.31
4.68056e-07 1.40511e-06 193536 93 0.885739 0.3054 0.00420763 1.36165 2593.93
4.68619e-07 1.36788e-06 193536 83 0.884831 0.235909 0.00367842 1.2844 2593.65
4.65587e-07 1.39104e-06 193536 93 0.882687 0.287151 0.00403713 1.34001 2588.26
4.68232e-07 1.42903e-06 193536 83 0.882249 0.305973 0.00304929 1.34103 2591.87
5.44428e-07 1.42505e-06 193536 87 0.879935 0.272718 0.00296296 1.30938 1083.33
6.10633e-07 1.3878e-06 193536 86 0.896789 0.23975 0.00340058 1.29818 1026.59
6.66622e-07 1.37763e-06 193536 87 0.865782 0.258748 0.00404363 1.28862 1025.07
6.39075e-07 1.4039e-06 193536 91 0.876113 0.292049 0.00343954 1.31915 2137.54
6.21466e-07 1.42672e-06 193536 83 0.887793 0.293783 0.00288733 1.34551 2126
1.20432e-07 1.37595e-06 193536 91 0.902717 0.226997 0.00271921 1.29602 -1516.2
-3.4339e-07 1.34985e-06 193536 83 0.878565 0.241036 0.00327858 1.28233 -1520.73
-1.64389e-07 1.38702e-06 193536 93 0.883356 0.297211 0.00393313 1.34967 2102.61
-5.74213e-07 1.42712e-06 193536 83 0.8932 0.307243 0.00268992 1.36402 -1516.59
-3.50509e-07 1.38887e-06 193536 93 0.901988 0.239186 0.00461892 1.30749 2051.6
-1.61476e-07 1.36855e-06 193536 83 0.942408 0.249136 0.00366958 1.35262 1989.06
-1.29906e-08 1.35979e-06 193536 91 0.888878 0.256383 0.00376708 1.31509 1978.29
1.10094e-07 1.44152e-06 193536 83 0.876324 0.342257 0.00356817 1.3799 1928.85
2.03396e-07 1.38972e-06 193536 91 0.891096 0.228864 0.00346933 1.29754 1942.28
2.78439e-07 1.3571e-06 193536 86 0.901658 0.237393 0.00269733 1.29955 1935.69
3.41889e-07 1.37826e-06 193536 87 0.888204 0.283126 0.00294017 1.33636 1936.7
3.91138e-07 1.39131e-06 193536 83 0.878221 0.279368 0.004325 1.31435 1946.11
4.27121e-07 1.364e-06 193536 91 0.913311 0.242839 0.00418 1.31787 1997.05
4.58218e-07 1.33653e-06 193536 83 0.920711 0.237407 0.00291729 1.32043 1999.62
4.78488e-07 1.34497e-06 193536 93 0.961927 0.266833 0.00359167 1.4001 1977.33
4.9922e-07 1.52524e-06 193536 83 0.858519 0.434738 0.00288571 1.45587 1992.59
5.17759e-07 1.46123e-06 193536 91 0.881819 0.233256 0.00369054 1.28042 1819.93
5.33873e-07 1.43237e-06 193536 83 0.886877 0.254868 0.00363875 1.29494 1899.8
5.43423e-07 1.39721e-06 193536 93 0.879076 0.24319 0.00406163 1.28619 1846.85
5.64912e-07 1.38434e-06 193536 86 0.878894 0.257963 0.00385483 1.3005 1763.11
5.76943e-07 1.3639e-06 193536 91 0.904699 0.248141 0.0027695 1.31949 1807.39
5.88637e-07 1.34869e-06 193536 86 0.951704 0.249245 0.00468288 1.36313 1800.2
5.88196e-07 1.34332e-06 193536 91 0.873132 0.255816 0.00326975 1.28682 1906.46
5.90073e-07 1.34001e-06 193536 86 0.871246 0.256778 0.00457546 1.29868 1947.94
5.88645e-07 1.29865e-06 193536 86 0.879905 0.219319 0.00278058 1.25816 1958.61
5.84368e-07 1.27963e-06 193536 91 0.8851 0.232931 0.00415646 1.2803 1937.32
5.87162e-07 1.30207e-06 193536 86 0.875134 0.269368 0.00403275 1.31352 1930.85
5.88515e-07 1.30364e-06 193536 87 0.884482 0.253514 0.00390229 1.30549 1997.6
5.8452e-07 1.31429e-06 193536 91 0.884055 0.262614 0.00281975 1.31207 1994.15
5.84429e-07 1.29067e-06 193536 86 0.881744 0.231501 0.00434863 1.2796 1923.61
5.82923e-07 1.34037e-06 193536 91 0.872919 0.297885 0.00367233 1.3346 1941.43
5.82667e-07 1.31981e-06 193536 86 0.870387 0.239518 0.00437304 1.27116 1955.02
5.81142e-07 1.28114e-06 193536 91 0.888815 0.218012 0.00447879 1.28351 2026.69
5.67364e-07 1.26652e-06 193536 86 0.892977 0.233801 0.00439158 1.29415 2157.6
5.56442e-07 1.27467e-06 193536 83 0.887017 0.253002 0.00447513 1.29566 2261.9
5.45477e-07 1.2744e-06 193536 93 0.867377 0.246428 0.00371754 1.27593 2269.14
5.4692e-07 1.28216e-06 193536 77 0.92014 0.254157 0.00336804 1.33567 2318.29
5.37815e-07 1.25149e-06 193536 94 0.901566 0.218467 0.00281713 1.29612 2309.96
