4.0101e+06		3429.45		1468.62	3.05746e+07
711501		-19944.3		1039.17	2.16701e+07
998302		858.922		380.856	1.13196e+07
742350		-24685.4		1056.46	1.87378e+07
3.9815e+06		3434.25		1527.59	4.06714e+07
1.00293e+06		858.394		397.891	1.04028e+07
762970		-46512.4		1047.41	1.69793e+07
1.10455e+06		848.044		427.215	1.34482e+07
2.07187e+06		4157.32		1521.39	3.58567e+07
791221		-178062		1045.25	1.61106e+07
1.14583e+06		844.422		436.938	1.50077e+07
1.69754e+06		4602.92		1521.53	3.27099e+07
1.92491e+06		4313.34		1598.51	3.62284e+07
1.13972e+06		844.94		436.93	1.49162e+07
760166		-54190.4		1047.71	1.57928e+07
2.113e+06		4119.27		1623.19	3.84552e+07
1.13448e+06		845.391		434.792	1.48337e+07
753728		-36669.8		1032.46	1.52589e+07
2.40728e+06		3924.45		1670.1	4.35276e+07
1.12842e+06		845.917		438.269	1.45146e+07
750565		-41662.9		1036.59	1.45549e+07
4.32133e+06		3387.12		1680.39	4.46176e+07
1.11865e+06		846.781		432.48	1.44533e+07
748140		-35720		1031.16	1.39517e+07
3.16148e+06		11768.4		1708.68	4.49476e+07
1.11289e+06		847.296		434.466	1.44316e+07
745336		-36413.7		1036.25	1.36304e+07
4.37356e+06		3383.97		1706.89	4.61957e+07
1.10872e+06		847.673		426.691	1.43325e+07
740888		-28606.5		1023.37	1.32441e+07
3.13867e+06		13163.9		1729.61	4.65884e+07
1.10707e+06		847.822		428.762	1.44367e+07
741282		-26510.3		1024.78	1.32158e+07
3.09178e+06		14778.3		1729.87	4.74644e+07
1.09965e+06		848.504		425.175	1.45449e+07
739046		-24313.9		1018.5	1.30405e+07
3.11604e+06		13299.4		1746.49	4.79871e+07
1.10395e+06		848.11		427.402	1.44445e+07
732822		-24868.5		1021.26	1.30536e+07
3.14222e+06		12538.3		1746.53	5.00673e+07
1.09646e+06		848.804		422.917	1.45565e+07
736167		-21767.6		1017.05	1.30712e+07
3.1452e+06		12401.5		1759.99	5.03147e+07
1.09397e+06		849.036		423.973	1.44976e+07
731516		-23184.1		1022.33	1.28531e+07
3.12087e+06		13090.6		1759.07	4.99934e+07
1.08117e+06		850.24		421.625	1.44796e+07
732489		-24813.2		1019.76	1.2849e+07
3.11778e+06		13257.2		1772.71	4.9821e+07
1.07785e+06		850.556		423.608	1.45383e+07
732421		-26097.2		1023.6	1.27956e+07
3.11975e+06		13184.4		1766.56	5.13772e+07
1.06646e+06		851.662		423.045	1.47284e+07
731834		-25008.9		1018.7	1.28086e+07
3.1417e+06		12124.5		1776.19	5.1815e+07
1.07908e+06		850.439		423.107	1.47578e+07
731815		-24605.1		1019.59	1.27651e+07
3.11223e+06		12925.8		1776.86	5.20737e+07
897960		13415.4		421.183	1.48878e+07
730820		-24340.9		1017.59	1.27218e+07
3.09754e+06		13729.8		1795.25	4.68665e+07
898132		14748.6		421.696	1.3399e+07
730686		-26313.1		1022.47	1.14497e+07
3.11152e+06		13278		1788.08	4.21801e+07
903257		10317.2		420.304	1.20592e+07
729511		-24387.6		1012.69	1.03048e+07
3.1232e+06		12664.6		1806.95	3.79622e+07
903516		9624.43		427.774	1.08533e+07
729489		-22871.4		1017.42	9.27444e+06
3.1089e+06		13079.4		1799.35	3.41662e+07
907952		7794.87		424.739	9.76801e+06
730927		-23569.1		1008.63	8.34709e+06
3.11885e+06		12569.8		1818.11	3.07498e+07
908371		7276.03		425.075	8.79125e+06
731056		-24753.8		1013.58	7.51248e+06
3.11898e+06		12565.9		1808.92	2.7675e+07
907294		7612.63		423.432	7.91217e+06
731799		-26539.2		997.259	6.76132e+06
3.10624e+06		13223.8		1828.16	2.49077e+07
907886		7118.59		424.951	7.121e+06
731951		-28039		1002.88	6.08529e+06
3.11581e+06		12936.2		1809.55	2.24171e+07
909412		6710.69		418.428	6.40893e+06
731678		-27577.2		996.564	5.47686e+06
3.11206e+06		13142.5		1827.05	2.01756e+07
910134		6300.2		418.936	5.76808e+06
731942		-30037.2		1009.21	4.92929e+06
3.11037e+06		13194.3		1808.97	1.81582e+07
912359		5840.37		414.732	5.19131e+06
732898		-33129.3		1001.41	4.43645e+06
3.11617e+06		12839		1823.75	1.63425e+07
912196		5836		416.482	4.67222e+06
732892		-34201.9		1009.86	3.99291e+06
3.10887e+06		13038.3		1813.83	1.47085e+07
911249		6006.2		416.975	4.20504e+06
732050		-31379.9		1008.13	3.59372e+06
3.10387e+06		13345.2		1828.83	1.32378e+07
910885		5976.37		416.241	3.78458e+06
731990		-35327.2		1014.36	3.23446e+06
3.09912e+06		13486.9		1821.57	1.19142e+07
909873		6191.85		421.369	3.40617e+06
733052		-38128.2		1007.5	2.9111e+06
3.10252e+06		13272.8		1832.33	1.0723e+07
909817		6193.52		423.098	3.06559e+06
733046		-37925.7		1010.12	2.6201e+06
3.10288e+06		13261.4		1822.54	9.65085e+06
908413		6463.48		420.395	2.75907e+06
732116		-34734.5		999.659	2.35818e+06
3.10211e+06		13311.6		1837.8	8.68596e+06
908067		6345.79		420.672	2.48321e+06
732099		-32908.7		999.044	2.12246e+06
3.10592e+06		13198.5		1832.09	7.81755e+06
907596		6447.84		417.8	2.23493e+06
732275		-33657.3		995.729	1.91031e+06
3.10304e+06		13374.1		1849.72	7.03599e+06
907799		6545.15		418.834	2.01148e+06
732280		-34173.3		1003.42	1.71939e+06
3.10995e+06		13168		1841.14	6.33257e+06
909372		6240.58		419.392	1.81037e+06
731015		-30454.5		998.109	1.54754e+06
3.10427e+06		13504.7		1854.63	5.69951e+06
909315		6197.73		420.061	1.62938e+06
730964		-28559.5		997.799	1.39289e+06
3.10425e+06		13505.3		1843.34	5.12973e+06
907403		6609.2		415.108	1.46648e+06
730793		-28230		992.758	1.25369e+06
3.11113e+06		13099.6		1853.97	4.61695e+06
907306		6459.94		419.163	1.31987e+06
730836		-29409.2		997.041	1.12843e+06
3.11777e+06		12909.1		1842.91	4.15543e+06
904382		7189.43		421.182	1.18793e+06
730599		-29017.9		991.379	1.01568e+06
3.12073e+06		12752.6		1854.24	3.74009e+06
904391		7229.98		421.603	1.06918e+06
730762		-31908.3		997.984	914217
3.12044e+06		12761.5		1846.26	3.36625e+06
904963		7076.9		420.229	962303
730214		-30571.2		996.638	822894
3.12617e+06		12457		1847.83	3.02982e+06
904963		7242.62		416.968	866112
730301		-32036.5		998.49	740706
3.12312e+06		12537.6		1841.85	2.72701e+06
730992		-33795.2		990.539	666727
907060		6648.17		416.57	779542
730789		-30473.5		1015.18	600178
3.11924e+06		12734.3		1849.66	2.4545e+06
907091		6487.64		423.215	701636
3.11366e+06		12891.8		1842.05	2.20923e+06
907245		6369.11		421.7	631513
736496		-165176		1008.6	540255
3.10564e+06		13062		1850.38	1.9885e+06
906901		6797.22		423.004	568405
735045		-65904.8		1012.4	486334
3.10562e+06		13068.1		1836.67	1.78982e+06
904293		8051.17		422.088	511606
737482		-285624		1004.75	437794
3.10799e+06		12943.2		1848.29	1.61103e+06
955689		2011.27		422.47	460488
737999		-1.68557e+06		1006.86	394118
3.11412e+06		12766.2		1835.27	1.4501e+06
954744		2025.21		416.312	414475
739138		216912		1000.89	354801
3.1219e+06		12372.5		1842.61	1.30528e+06
956196		1979.15		418.865	373072
739817		118972		1002.69	319422
3.12994e+06		12161.9		1836.76	1.17493e+06
955222		1974.45		415.171	335803
736145		-152359		1001.1	287579
3.12751e+06		12281.1		1845.31	1.05763e+06
949156		2175.17		418.034	302267
737977		283380		1001.55	258921
3.13074e+06		12197.7		1834.5	952042
949007		2171.14		418.236	272082
735482		-146327		997.652	233126
3.12611e+06		12406.2		1847.21	857034
944886		2312.51		422.003	244920
736180		-295911		1002.25	209917
3.1086e+06		12914.2		1839.57	771508
937827		2605.36		421.731	220470
735636		-180641		996.384	189020
3.12059e+06		12370		1851.83	694553
950375		2098.4		420.657	198464
741134		43521.9		1000.19	170221
3.12716e+06		12175.6		1842.12	625273
958821		1887		417.56	178656
738482		82853.4		993.681	153293
3.12389e+06		12309.1		1849.92	562938
962738		1797.72		416.242	160831
742479		30597.4		1004.24	138073
3.10339e+06		12911.4		1837.18	506816
971475		1653.43		414.87	144788
740118		43226.1		996.779	124359
3.11128e+06		12524.7		1846.78	456328
969592		1686.22		417.056	130353
742653		27718.5		1003.18	112029
3.10836e+06		12599.2		1837.84	410871
970429		1672.49		413.416	117356
742438		28576.1		997.22	100921
3.1139e+06		12361.8		1849.01	369979
965414		1777.75		413.351	105662
738962		58402.2		1000.47	90931.5
3.1075e+06		12547.3		1844.99	333162
968295		1734.8		415.161	95138.5
739067		56939.6		992.984	81931
3.08665e+06		13563		1861.04	300046
979760		1528.31		416.537	85667.6
739564		50947.9		1001.98	73846.1
3.10773e+06		12850.1		1854.27	270221
968784		1694.06		411.936	77137.9
742670		30898		994.904	66554.7
3.11644e+06		12474.4		1867.64	243398
977154		1548.53		419.702	69473
737628		153308		1001.42	60005.2
3.09734e+06		13063.3		1862.02	219239
974359		1592.16		417.436	62565.4
739747		64430.7		998.977	54102.4
3.08683e+06		13596.8		1874.26	197514
973553		1604.91		418.85	56352
741978		38114.5		1008.64	48801.7
3.09085e+06		13445.5		1867.61	177943
964105		1764.26		415.294	50755.2
740612		49075.3		1004.78	44018.5
3.08894e+06		13513.5		1875.63	160343
954722		1998.8		415.544	45721.4
737677		186420		1010.51	39722.9
3.09895e+06		13181.2		1869.68	144491
957138		1937.74		414.872	41190.2
735666		-301663		998.232	35839.4
3.10452e+06		12949.6		1882.16	130241
945000		2327.29		417.022	37114.8
731291		-38429.2		1006.38	32363.4
3.10043e+06		13093.7		1878.78	117402
945907		2307.36		416.501	33444.5
729019		-28014		1003.17	29224.5
3.11214e+06		12560.7		1884.67	105855
933525		2897.74		417.276	30142.5
722968		-14803.1		1001.57	26400.8
3.11775e+06		12399.7		1867.73	95441.4
928393		3229.07		415.498	27168.2
719324		-11871.9		993.675	23852.9
3.10315e+06		13076.1		1877.79	86094.1
926603		3375.38		420.975	24498.4
719247		-11813.3		997.542	21570.9
3.10117e+06		13141.1		1863.9	77658.6
927077		3340.72		419.445	22089.1
720756		-12852.5		994.335	19510.3
3.10373e+06		13015.3		1872.44	70087.6
924558		3568.04		420.746	19923.4
716593		-9909.37		999.087	17663.5
3.09318e+06		13364.5		1865.05	63258.7
927239		3359.76		420.255	17972.7
717172		-10177.1		990.573	15988.5
3.08403e+06		13843.5		1876.97	57131.3
921019		3989.31		423.325	16220.5
720751		-12737.6		998.567	14496.7
3.0931e+06		13518.2		1868.27	51597.1
920381		4057.59		425.763	14643.2
724410		-16027.3		995.991	13144.3
3.09401e+06		13471.9		1876.05	46632
726214		-18978.6		992.643	11926.2
908788		6357.8		427.315	13223
725187		-17507.2		1039.99	10880.2
913069		5369.46		423.431	11939.6
3.08821e+06		13674.8		1786.52	42066.9
724932		-17135.7		1096.27	9952.41
3.09264e+06		13435.2		1707.67	37960
941008		2572.81		426.377	10790.9
728831		-24152.7		1140.94	9111.47
3.08192e+06		13816.7		1640.72	34267.8
934728		2898.52		427.68	9755.76
731538		-36915		1195.38	8368.85
929913		3224.99		431.033	8826.3
3.09126e+06		13318.6		1588.69	30953.1
731522		-36655.2		1225.04	7681.16
940157		2636.5		437.243	7992.98
3.08863e+06		13408.5		1530.74	27958.7
730144		-28945.5		1254.4	7064.91
929456		3317.21		439.046	7239.21
888365		-2138.63		1485.49	25270.6
730515		-30090.4		1280.42	6509.88
935379		2974.35		440.44	6560.59
731499		-1214.82		1437.1	22843.7
725677		-16958.9		1304.42	6010.93
936592		2897.01		438.887	5947.02
813043		-2360.76		1401.97	20667.9
727549		-19568.1		1321.09	5556.95
934403		3040.49		438.427	5395.75
720961		-1429.26		1366.01	18705.4
843566		-3952.38		1364.66	16970.1
949328		2303.15		439.831	4901.42
723779		-14069.4		1297.33	5109.61
907940		-15194.6		1368.89	15413.8
945668		2418.24		440.153	4455.58
725873		-17045.3		1278.83	4709.88
1.06145e+06		3412.15		1368.03	14008.4
945148		2442.51		438.212	4052.1
727678		-20464		1256.16	4344.1
1.12856e+06		2377.73		1374.04	12750.4
944678		2480.81		440.83	3693.33
722241		-13207.3		1244.71	4023.86
1.30342e+06		1442.19		1370.35	11609.1
948320		2318.26		438.473	3365.72
721766		-12752.9		1222.95	3724.19
1.37225e+06		1277.5		1377.12	10592
949528		2285.29		438.932	3073.46
717742		-10259.8		1208.58	3459.69
1.60438e+06		975.991		1372.36	9665.73
950368		2250.43		441.018	2812.09
717968		-10417.5		1195.56	3221.56
1.68619e+06		913.059		1378.16	8842.19
954407		2139.52		441.537	2575.5
715565		-9405.95		1190.95	3014.35
2.03856e+06		752.804		1378.41	8096.04
954290		2144.08		441.342	2361.91
714938		-9079.59		1178.45	2819.51
2.12553e+06		725.788		1384.79	7430.66
949485		2320.92		442.455	2170.97
721445		-12527.5		1178.24	2655.2
2.52051e+06		643.453		1382.55	6823.83
951983		2200.39		440.475	1996.13
720612		-11747.6		1165.41	2494.67
2.61906e+06		627.91		1392.09	6289.24
948289		2348.39		441.519	1841.61
716087		-9207.37		1156.3	2352.63
3.11767e+06		573.685		1397.15	5804.58
948154		2356.31		440.537	1700.62
715325		-8822.2		1146.77	2223.47
3.22478e+06		564.182		1398.74	5365.43
940606		2654.2		440.768	1574.84
722714		-12751.7		1143.51	2112.54
3.92366e+06		523.371		1393.34	4963.36
940579		2656.58		441.894	1462.56
721320		-11309.7		1131.37	2003.5
4.02553e+06		517.78		1399.48	4612.5
947732		2340.39		442.679	1361.28
728392		-17755.4		1129.83	1914.74
4.98505e+06		486.644		1394.94	4286.66
947745		2339.15		442.56	1269.3
728961		-18333.6		1125.05	1831.47
5.09878e+06		482.777		1401.44	4003.99
940669		2599.94		448.404	1192.47
734727		-31634.8		1122.23	1758.02
6.42568e+06		458.727		1391.91	3734.21
939001		2707.44		445.591	1115.25
734769		-32000.7		1116.05	1688.26
6.57254e+06		455.719		1404.32	3512.38
950136		2250.16		446.351	1049.05
736177		-43818.7		1116.75	1631.73
8.86657e+06		434.564		1400.97	3298.23
950298		2259.19		444.915	987.34
736494		-54084		1111.33	1574.81
4.09345e+07		404.25		1417.02	3124.55
947555		2326.88		444.951	933.133
741457		305550		1115.34	1532.48
-1.19391e+07		371.879		1411.78	2948.56
743532		91899.4		1112.16	1487.58
948174		2312.98		447.122	886.486
-1.09732e+07		369.051		1423.66	2806.76
949663		2295.16		452.85	848.278
739582		-237117		1111.91	1449.79
-6.90151e+06		353.391		1421.39	2666.18
949385		2302.02		450.691	806.576
738974		-183416		1110.54	1414.63
-3.55985e+06		305.82		1417.4	2537.71
940481		2638.99		454.736	775.032
743800		63564.4		1111.58	1385.26
-3.52857e+06		305.36		1418.12	2426.4
943465		2520.31		457.812	746.079
747994		28324.4		1111.04	1357.35
-3.56558e+06		305.939		1422.57	2330.03
953779		2204.92		455.774	715.214
746361		33176		1108.7	1330.39
-3.52233e+06		305.293		1435.38	2252.08
942351		2595.22		457.04	690.536
743101		61375.2		1108.87	1308.38
-3.55611e+06		305.823		1425.51	2160.55
951540		2289.61		451.159	661.306
743056		58113.8		1103.77	1283.33
-3.52396e+06		305.338		1425.96	2087.49
944111		2547.74		455.807	644.939
742653		56753.6		1103.39	1264.99
-3.55452e+06		305.822		1422.8	2018.18
934464		2984.21		452.467	622.685
751361		19366.2		1096.33	1241.78
-3.5264e+06		305.402		1424.2	1960.04
935159		2934.48		456.345	609.542
751772		18185.4		1100.32	1231.22
-3.56299e+06		305.977		1417.19	1899.45
935998		2902.7		455.361	593.238
755893		14049.8		1092.03	1209.84
-3.53876e+06		305.616		1417.56	1851.59
936658		2861.64		454.679	578.768
757586		12878.7		1090.73	1196.76
-3.56306e+06		305.998		1418.4	1809.02
941968		2632.13		450.239	561.92
765958		9196.16		1090.41	1185.84
-3.53602e+06		305.596		1422.26	1773.83
936155		2920.07		449.005	549.517
770359		7909.35		1098.53	1184.41
-3.56341e+06		306.027		1418.18	1734.59
943087		2624.99		446.523	536.984
2.26283e+06		506.503		1096	1173.29
787752		5310.3		1079.82	1149.39
-3.56336e+06		306.026		1395.56	1680.33
941407		2671.65		445.479	526.894
-3.56336e+06		306.025		1442.92	1699.21
955898		2194.3		449.711	522.984
2.41011e+06		494.241		1087.84	1150.45
843469		2704.6		1069.37	1125.72
-3.56334e+06		306.025		1411.03	1641.69
929190		3290.47		440.246	506.192
-3.56334e+06		306.025		1472.88	1680.48
921708		3863.61		443.978	503.33
836023		2901.67		1073.52	1124.24
-3.56351e+06		306.032		1504.87	1691.71
917109		4409.19		442.002	495.419
807579		3920.48		1050.61	1096.26
-3.56356e+06		306.033		1552.59	1720.74
916012		4556.98		447.671	495.746
809288		3845.79		1047.66	1088.74
-3.53261e+06		304.819		1585.43	1736.77
929934		3308.06		439.196	482.463
807783		3920.13		1033.62	1070.59
-3.53269e+06		304.822		1620.99	1757.19
936894		2951.03		441.09	480.031
802448		4190.91		1034.64	1067.91
-9.34997e+06		425.461		1647.18	1769.76
928149		3448.74		441.848	476.895
780723		6072.09		1026.65	1056.59
-9.36806e+06		425.681		1678.34	1788.66
927107		3515.64		441.6	473.142
778575		6346.79		1029.93	1056.89
-9.42561e+06		426.38		1695.19	1794.48
931837		3200.88		435.601	463.988
767881		8377.26		1019.88	1044.14
3.07799e+06		17749.2		1719.98	1809.34
928896		3356.05		433.737	459.286
766062		8895.14		1027.12	1048.95
3.07731e+06		17499		1735.83	1816.26
926964		3543.81		429.826	452.82
766094		8822.84		1017.31	1036.96
3.0699e+06		18389		1755.13	1827.52
925366		3675.9		431.103	451.797
765414		9048.74		1018.44	1036.12
3.07242e+06		17972.7		1767.31	1832.46
934817		3068.59		426.629	445.254
769612		7913.62		1008.45	1024.36
3.06817e+06		18356.5		1784.41	1843.04
933509		3109.17		426.809	443.572
765473		8836.99		1012.03	1026.36
3.06879e+06		18290.4		1792.72	1845.49
936700		2962.36		420.673	435.76
773448		6983.09		997.665	1010.56
3.07061e+06		17821.9		1810.22	1857.71
773185		6887.28		1006.61	1018.22
936196		2989.07		424.154	437.732
3.07244e+06		17395.1		1812.32	1855.06
940996		2790.21		420.216	432.436
771497		7227.2		998.671	1009.11
3.07712e+06		17159.9		1829.22	1867.69
940734		2811.89		426.487	437.485
769840		7488.89		999.669	1009.07
3.07118e+06		17707.4		1835.07	1869.69
940772		2804.69		407.897	417.796
784313		5386.11		989.131	997.589
3.0758e+06		17065.2		1847.34	1878.49
942588		2706		408.626	417.535
784729		5322.95		997.795	1005.41
3.07643e+06		16989.6		1846.5	1874.54
939880		2859.3		412.264	420.282
780297		5807.09		989.097	995.948
3.07584e+06		16985.7		1857.31	1882.55
941682		2758.34		412.652	419.868
782747		5453.81		996.386	1002.55
3.0692e+06		17550.7		1857.06	1879.78
944923		2643.55		408.531	415.025
784475		5247.48		991.897	997.446
3.07076e+06		17213.5		1865.71	1886.16
945574		2622.61		408.093	413.938
785134		5223.32		999.572	1004.57
3.07023e+06		17207.5		1862.37	1880.77
944555		2677.47		405.215	410.476
785134		5223.32		995.544	1000.04
3.0788e+06		16624		1875.37	1891.93
941243		2840.29		408.312	413.047
780134		5704.99		999.44	1003.48
3.07707e+06		16654.7		1875.07	1889.97
944991		2674.31		404.847	409.107
785364		5159.28		990.666	994.306
3.08366e+06		16112.4		1879	1892.41
944485		2702.39		403.486	407.321
787839		4905.39		1004.1	1007.37
3.09136e+06		15564		1878.99	1891.06
941944		2814.09		400.234	403.685
781434		5552.17		995.367	998.316
3.09308e+06		15447		1882.34	1893.21
938765		3009.07		400.682	403.788
781283		5531.93		1004.68	1007.33
3.09007e+06		15533.9		1881.71	1891.49
937906		3026.67		401.033	403.828
776240		6198.06		998.31	1000.7
3.09779e+06		15144.3		1890.42	1899.22
935498		3243.21		403.802	406.318
774612		6485.7		1006.67	1008.82
3.09501e+06		15385.3		1894.42	1902.34
932595		3432.12		402.087	404.351
768589		7469.06		999.891	1001.83
3.08735e+06		15877		1897.4	1904.53
933984		3265.84		405.074	407.112
769028		7415.53		997.276	999.017
3.08523e+06		15977.2		1892.79	1899.21
934863		3227.84		402.455	404.29
770883		6989.66		994.329	995.896
3.08122e+06		16180.8		1895.59	1901.36
936388		3073.42		406.548	408.198
768885		7435.95		1006.24	1007.65
3.08045e+06		16219.1		1889.62	1894.82
932113		3370.66		401.92	403.406
759247		10462.6		1000.59	1001.86
3.08518e+06		15933.7		1896.1	1900.77
932875		3242.9		407.042	408.379
759185		10470.6		1001.03	1002.17
3.07177e+06		16614.9		1891.18	1895.39
934968		3097.67		406.4	407.604
757707		10823.1		999.673	1000.7
3.07309e+06		16400		1897.81	1901.6
935664		3025.03		404.335	405.418
755478		12229.3		1007.54	1008.47
3.05239e+06		17532.1		1894.34	1897.75
937941		2862.18		401.996	402.97
749941		16661.7		996.992	997.825
3.03844e+06		18576.6		1900.19	1903.26
937627		2890.13		404.6	405.477
751208		15068.8		1006.52	1007.27
3.06187e+06		17029.7		1897.87	1900.64
939549		2810.44		400.561	401.351
751274		14820.9		999.721	1000.4
3.09389e+06		15210.5		1900.99	1903.47
941415		2676.57		402.15	402.86
751402		14846.9		1003.11	1003.72
3.10283e+06		14829.6		1901.5	1903.73
944271		2572.07		406.928	407.568
750430		15758.3		998.921	999.467
3.07499e+06		16101.5		1909.69	1911.7
945382		2509		413.81	414.386
750543		16151.8		1001.11	1001.6
3.12806e+06		13707		1909.48	1911.29
949330		2327.24		412.232	412.75
740164		64671.1		997.569	998.011
3.20676e+06		11288.6		1911.2	1912.83
949193		2334.01		415.055	415.521
737192		1.05471e+06		1006.95	1007.35
3.184e+06		11834.3		1908.62	1910.09
942806		2594.34		412.267	412.687
735245		-136178		1003.3	1003.66
3.19762e+06		11378		1909.76	1911.08
943180		2567.99		414.54	414.918
732465		-48104.9		1008.68	1009.01
3.17714e+06		11884.6		1906.45	1907.64
943642		2549.4		410.189	410.529
731992		-41911.8		1002.25	1002.54
3.18282e+06		11753.5		1915.84	1916.91
954008		2123.47		411.025	411.331
740502		50889.3		1003.48	1003.74
3.15088e+06		12719.1		1901.69	1902.65
951408		2202.1		407.005	407.28
738147		104598		988.943	989.178
3.14767e+06		12839.6		1906.31	1907.18
958497		1964.48		409.478	409.726
740213		45805		996.42	996.632
3.15238e+06		12694.3		1896.04	1896.82
952385		2120.97		409.154	409.377
734355		-342240		991.989	992.18
3.17713e+06		11862.1		1890.21	1890.91
956058		1999.43		408.719	408.92
730917		-51905		997.841	998.012
3.13852e+06		12991.3		1886.5	1887.13
956080		1998.89		405.714	405.895
730890		-51594.6		996.142	996.296
3.14195e+06		12861.9		1893.52	1894.09
953933		2067		408.851	409.013
729019		-32582.8		1000.91	1001.05
3.11115e+06		13914.2		1893.38	1893.89
947282		2259.74		405.797	405.944
730385		-40333.9		999.144	999.269
3.10874e+06		14022.2		1904.1	1904.56
941190		2540.95		405.788	405.919
731837		-58917.2		1002.96	1003.07
3.12164e+06		13547.5		1902.42	1902.83
943221		2460.47		401.203	401.322
734024		-129681		991.646	991.747
3.16055e+06		12113.3		1907.99	1908.36
938423		2718.43		400.328	400.435
733504		-90982.9		999.677	999.768
3.13785e+06		12777.5		1902.62	1902.96
927870		3334.66		397.641	397.737
732057		-58180.9		991.336	991.418
3.16411e+06		11894		1908.06	1908.36
920597		4187.37		402.177	402.263
734085		-148022		996.045	996.119
3.12614e+06		13010.2		1904.16	1904.43
917591		4570.12		399.668	399.746
732771		-81717.4		985.499	985.566
3.10282e+06		13983.8		1908.73	1908.97
917824		4529.02		401.929	401.999
728590		-28645.5		987.552	987.612
3.10256e+06		13993.7		1905.45	1905.67
913836		5152.07		401.901	401.964
728128		-27091.9		982.649	982.703
3.12388e+06		13096.7		1906.9	1907.1
914887		4922.37		401.471	401.528
731669		-55710.2		991.034	991.083
3.09441e+06		14158.8		1910.86	1911.04
918242		4433.47		398.915	398.966
730616		-44485		987.821	987.865
3.07419e+06		15170.5		1914.56	1914.73
917319		4593.14		405.595	405.641
727713		-26083.7		996.936	996.976
3.08721e+06		14603.5		1910.45	1910.6
914711		4992.12		408.553	408.595
730733		-39306.9		990.393	990.428
3.08639e+06		14644.4		1917.43	1917.56
916509		4636.57		413.12	413.157
731110		-42718.4		999.949	999.98
3.08181e+06		14842		1915.85	1915.97
910607		5682.34		409.577	409.61
726750		-23748.7		997.361	997.39
3.05103e+06		16639.8		1917.14	1917.24
916933		4336.82		410.898	410.929
727823		-27797.8		998.905	998.931
3.05907e+06		16203.5		1909.19	1909.29
915994		4458.05		407.169	407.196
729582		-35265.5		993.923	993.946
3.05607e+06		16392.7		1911.97	1912.05
912739		5086.91		409.336	409.361
731418		-53938		1004.15	1004.17
3.07312e+06		15524.7		1915.77	1915.85
903404		7514.35		405.682	405.704
729979		-40422.3		996.835	996.854
3.03809e+06		17833.9		1921.92	1921.99
901090		8852.63		407.863	407.883
731726		-65416.2		999.888	999.905
3.04969e+06		17115.5		1918.26	1918.33
895053		14091.8		404.991	405.009
736956		146235		990.61	990.625
3.07343e+06		15610.5		1920.78	1920.84
895422		13475.4		409.93	409.946
737049		136384		997.083	997.097
3.06929e+06		15813.9		1919.6	1919.65
897312		11435		412.939	412.954
736156		274953		993.492	993.504
3.08235e+06		15080.1		1921.67	1921.71
900836		8433.55		411.96	411.973
736602		166358		999.938	999.949
3.06148e+06		16088.3		1916.87	1916.91
900521		8592.27		411.235	411.247
739742		52329.9		989.278	989.288
3.08092e+06		15004.9		1922.15	1922.19
898028		10665.8		413.216	413.227
739663		53497.7		995.115	995.123
3.08822e+06		14690		1920.99	1921.02
895475		13088.9		409.768	409.778
733958		-201891		988.642	988.65
3.1173e+06		13370.4		1921.21	1921.24
896301		11959.1		415.254	415.263
732047		-65671.4		991.512	991.519
3.09613e+06		14160.6		1912.71	1912.74
895175		13202		414.698	414.705
733423		-108412		985.194	985.201
3.10148e+06		13916.6		1913.24	1913.27
894986		13517.5		419.104	419.111
733049		-89011.4		997.013	997.019
3.11095e+06		13563.4		1912.64	1912.66
896672		11660.4		417.657	417.663
734007		-141945		993.155	993.16
3.10394e+06		13871.8		1918.12	1918.14
896076		12418.2		419.178	419.184
730637		-39890		997.73	997.735
3.10484e+06		13837.9		1910.87	1910.89
899168		9640.82		414.926	414.931
737926		167089		994.681	994.685
3.10561e+06		13804		1917.25	1917.27
902169		7680.04		417.273	417.277
735805		-190939		1000.78	1000.79
3.1129e+06		13541.8		1910.82	1910.83
896327		11250.3		409.962	409.966
738356		173174		998.146	998.149
3.10974e+06		13676.1		1915.91	1915.92
894641		13523.6		409.972	409.976
735215		-91483.6		998.521	998.524
3.09338e+06		14301.1		1913.96	1913.98
894240		14085		408.462	408.465
733692		-56934.1		994.42	994.423
3.07277e+06		15357.6		1914.73	1914.74
892802		17213.2		405.845	405.848
738068		174340		1001.09	1001.09
3.06281e+06		15850.2		1913.84	1913.85
896598		11662.4		405.427	405.43
742887		38548.6		994.376	994.379
3.08626e+06		14575.4		1914.94	1914.95
900768		8300.29		407.323	407.325
739884		98119.8		999.043	999.045
3.09045e+06		14397.5		1911.67	1911.68
897177		10387.7		401.794	401.796
742563		46722.6		995.075	995.076
3.05042e+06		16668.2		1914.36	1914.37
897969		9651.53		404.001	404.003
739120		285677		999.145	999.147
3.0765e+06		15326		1911.72	1911.72
901147		7902.73		401.658	401.66
738116		-1.21759e+06		990.801	990.803
3.08855e+06		14690.7		1913.84	1913.84
899827		8843.03		406.131	406.132
731709		-28705		994.522	994.523
3.08814e+06		14708.1		1911.81	1911.82
899888		8810.4		403.118	403.12
732097		-30155		989.146	989.147
3.07681e+06		15304.8		1915.48	1915.49
897832		10588.1		407.398	407.399
731798		-28588		997.162	997.163
3.05727e+06		16268.8		1912.23	1912.23
900915		8568.44		402.611	402.612
730759		-25349.5		991.498	991.499
3.04047e+06		17401.7		1916.53	1916.53
904567		6631.29		404.377	404.378
729772		-22324.6		999.227	999.228
3.06075e+06		16242.3		1915.67	1915.68
907551		5857.92		400.716	400.717
729549		-21860.9		996.444	996.445
3.07913e+06		15173.4		1919.19	1919.19
912733		4591.7		402.451	402.451
728232		-18904.1		997.341	997.342
3.08088e+06		15094.1		1921.32	1921.32
731072		-24638.5		992.239	992.239
921249		3662.81		395.547	395.548
3.05801e+06		16432.7		1920.94	1920.94
925670		3285.33		396.275	396.276
727993		-17448.6		997.128	997.128
3.05141e+06		16799.6		1914.59	1914.59
916746		4049.13		394.33	394.331
725606		-14749.4		989.9	989.9
3.02677e+06		18663.9		1915.3	1915.3
921259		3505.47		395.131	395.131
724141		-13183.9		994.522	994.523
3.03955e+06		17797.2		1910.73	1910.73
930637		2885.16		393.868	393.869
724324		-13327.6		986.642	986.642
3.01635e+06		19781.5		1913.37	1913.38
935682		2596.26		396.906	396.907
725089		-14124		996.085	996.085
3.04077e+06		18022		1907.89	1907.89
931246		2799		395.574	395.575
718947		-10230.5		999.247	999.247
3.08402e+06		15195.9		1907.66	1907.66
932758		2712.54		398.899	398.9
722349		-12732		1002.84	1002.84
3.0833e+06		15229		1903.11	1903.11
931452		2776.04		405.318	405.318
721600		-12219.1		1000.29	1000.29
3.08909e+06		14918.9		1906.09	1906.09
935830		2504.84		405.422	405.422
719921		-10948.1		1010.69	1010.69
3.10899e+06		14100.1		1900.56	1900.56
934116		2585.1		407.845	407.845
714841		-8769.34		1005.7	1005.7
3.11258e+06		13936.1		1904.66	1904.66
933289		2627.58		412.049	412.049
718882		-10815.5		1010.78	1010.78
3.10415e+06		14263.9		1903.47	1903.47
933087		2636.58		409.569	409.569
717152		-9983.63		1002.63	1002.63
3.12893e+06		13195.7		1904.05	1904.05
931856		2703.4		411.708	411.708
719868		-11691.4		1005.12	1005.12
3.09287e+06		14539.5		1899.77	1899.77
927597		2911.2		406.411	406.411
714751		-9202.87		998.276	998.276
3.11172e+06		13671.2		1904.96	1904.96
925009		3109.42		406.148	406.148
715640		-9648.5		1003.38	1003.38
3.08152e+06		14874.7		1903.66	1903.66
928325		2913.22		402.741	402.741
716038		-9816.27		1006.03	1006.03
3.10833e+06		13611.1		1909.57	1909.57
926420		3024.12		407.61	407.61
716092		-9845.76		1015.4	1015.4
3.08567e+06		14484.8		1902.73	1902.73
713652		-8893.96		1007.49	1007.49
926349		3028.35		403.723	403.723
3.12786e+06		12696.7		1909.94	1909.94
927808		2913.68		406.548	406.548
710387		-7653		1011.61	1011.61
3.11155e+06		13223		1905.76	1905.76
931316		2753.36		402.815	402.815
709789		-7499.49		1005.82	1005.82
3.10867e+06		13339.9		1908.89	1908.89
927716		2990.64		405.905	405.905
709179		-7307.74		1010.86	1010.86
3.13689e+06		12436.6		1904.62	1904.62
927408		3008.73		401.435	401.435
712070		-8080.33		998.505	998.505
3.12126e+06		13012.9		1907.59	1907.59
932329		2669.82		401.444	401.445
713169		-8542.23		999.964	999.964
3.0916e+06		14065.3		1906.86	1906.86
936273		2500.6		401.367	401.368
714975		-9184.51		997.204	997.204
3.0747e+06		14895.4		1911.02	1911.02
932093		2741.21		400.489	400.489
717659		-10739.4		1001.99	1001.99
3.0858e+06		14422.9		1911.21	1911.21
928389		2931.53		399.062	399.062
723336		-14853.7		992.722	992.722
3.08203e+06		14608.7		1919.9	1919.9
921589		3517.08		398.336	398.336
724508		-16429.7		997.544	997.544
3.1001e+06		13887.8		1912.1	1912.1
927365		3103.28		395.687	395.687
724051		-15894.2		993.141	993.141
3.09246e+06		14238.4		1915.09	1915.09
918849		3979.33		396.701	396.701
724066		-15915.5		997.45	997.45
3.11159e+06		13517.9		1909.54	1909.54
914348		4519.88		392.366	392.366
727002		-19948		990.198	990.198
3.09722e+06		14154.3		1910.96	1910.96
913547		4660.94		394.925	394.925
731654		-39525		997.35	997.35
3.0949e+06		14246.3		1905.62	1905.62
908256		5601.83		392.408	392.408
727111		-22367.5		996.635	996.635
3.1192e+06		13195.4		1910.74	1910.74
905200		6594.94		394.079	394.08
727801		-24424.3		995.964	995.964
3.12088e+06		13139		1907.12	1907.12
909521		5507.39		395.395	395.395
729063		-28092.6		988.102	988.102
3.14202e+06		12358.4		1911.01	1911.01
910528		5255.05		405.012	405.012
732629		-56541.2		994.603	994.603
3.15187e+06		12079.5		1904.31	1904.31
902406		7430.82		405.193	405.193
737518		284367		986.476	986.476
3.15712e+06		11910.2		1905.58	1905.58
902685		7297.57		408.398	408.398
739364		74335.4		1001.57	1001.57
3.1714e+06		11542.4		1901.59	1901.59
895969		11153		404.576	404.576
740024		61354.2		992.188	992.188
3.17692e+06		11382.4		1905.64	1905.64
893219		15376.7		405.172	405.172
737176		492078		1002.17	1002.17
3.18629e+06		11161.2		1903.88	1903.88
900215		8751.52		403.592	403.592
737076		844505		995.127	995.127
3.18275e+06		11258.8		1903.85	1903.85
897051		11656.5		405.788	405.788
737498		291686		1004.37	1004.37
734258		-92974.6		1053.53	1053.53
892345		19146.2		401.408	401.408
3.17202e+06		11518.3		1810.4	1810.4
737681		133407		1107.86	1107.86
891552		22284.1		406.725	406.725
3.1844e+06		11163.4		1739.77	1739.77
737468		155318		1171.84	1171.84
894310		16513.3		407.467	407.467
3.15569e+06		11875.3		1668.28	1668.28
736747		351429		1224.84	1224.84
897437		11168.7		407.839	407.839
263358		-149.564		1600.2	1600.2
739091		79513.8		1280.65	1280.65
892802		18576.4		406.911	406.911
238877		-136.923		1544.98	1544.98
740414		51126.5		1336.1	1336.1
888116		90167.7		407.372	407.372
230181		-132.292		1496.05	1496.05
744616		27057.2		1376.35	1376.35
885239		-78227.7		405.745	405.745
225104		-129.767		1447.35	1447.35
751886		13934.3		1411.92	1411.92
880548		-18001.2		405.689	405.689
219498		-126.099		1405.23	1405.23
746366		20512.2		1452.62	1452.62
873491		-8788.13		406.78	406.78
213155		-121.839		1366.58	1366.58
752163		13083.9		1489.35	1489.35
871988		-7826.71		408.321	408.321
207600		-117.957		1333.8	1333.8
747922		16989.7		1514.5	1514.5
877284		-11803.2		409.134	409.134
201669		-113.94		1305.58	1305.58
751670		12802		1539.36	1539.36
878728		-14197		413.286	413.286
197908		-111.32		1273.65	1273.65
749162		14711.8		1562.95	1562.95
874896		-10340.8		414.645	414.645
195564		-112.028		1256.31	1256.31
746645		18189.1		1579.77	1579.77
873953		-9437.62		413.129	413.129
195398		-111.936		1236.54	1236.54
751319		13566		1595.84	1595.84
880117		-18685.9		410.763	410.763
195625		-112.076		1213.52	1213.52
749988		14806.6		1610.31	1610.31
881067		-22776.7		413.823	413.823
195689		-112.107		1195.26	1195.26
753831		12023.8		1627.01	1627.01
879986		-18806.7		413.623	413.623
195608		-112.057		1178.53	1178.53
748952		16058		1641.82	1641.82
879821		-18254.6		416.647	416.647
195921		-112.246		1164.44	1164.44
758049		10089.6		1653.74	1653.74
875160		-11067.6		417.536	417.536
195919		-112.245		1156.93	1156.93
757427		10409.5		1661.38	1661.38
874159		-10016.2		416.607	416.607
196145		-112.389		1144.79	1144.79
756726		10724.5		1670.67	1670.67
880549		-21711.7		414.992	414.992
196109		-112.366		1129.64	1129.64
754152		12465.2		1680.12	1680.12
880381		-21014.5		414.67	414.67
195986		-112.284		1121.09	1121.09
761406		9152.63		1689.35	1689.35
887173		-731835		416.105	416.105
196131		-112.373		1109.21	1109.21
858674		2558.03		1696.03	1696.03
885545		-54243.7		417.555	417.555
196177		-112.408		1103.85	1103.85
941456		1702.3		1702.09	1702.09
875978		-10801.9		417.709	417.709
196016		-112.308		1095.68	1095.68
930080		1845.67		1712.17	1712.17
875517		-10311.5		417.038	417.038
195855		-112.195		1086.17	1086.17
974451		1541.15		1716.88	1716.88
883989		-23092.2		417.913	417.913
196014		-112.293		1080.79	1080.79
972522		1575.29		1720.87	1720.87
883377		-21031.6		418.875	418.875
196169		-112.373		1077.14	1077.14
1.02512e+06		1332.32		1726.98	1726.98
887750		-62796.8		419.276	419.276
196200		-112.392		1075.33	1075.33
998458		1499.76		1735.42	1735.42
889491		8.56466e+06		420.185	420.185
196268		-112.416		1067.38	1067.38
1.06687e+06		1236.5		1747.5	1747.5
883130		-24113		420.272	420.272
196323		-112.45		1060.86	1060.86
1.03587e+06		1391.47		1755.11	1755.11
881830		-17914.9		421.766	421.766
196615		-112.64		1058.06	1058.06
1.13368e+06		1105.72		1755.56	1755.56
874139		-9281.73		423.204	423.204
196647		-112.692		1055.18	1055.18
1.07985e+06		1302.29		1748	1748
874431		-9289.97		426.654	426.654
197004		-112.983		1050.6	1050.6
1.24134e+06		962.337		1753.7	1753.7
886109		-53530.2		424.827	424.827
196897		-112.915		1048.31	1048.31
1.16829e+06		1132.14		1755.88	1755.88
887067		-102519		427.04	427.04
196733		-112.806		1043.58	1043.58
1.45376e+06		790.89		1762.89	1762.89
196733		-112.806		1043.42	1043.42
872566		-9023.22		426.362	426.362
196901		-112.938		1034.88	1034.88
1.30906e+06		968.5		1769.15	1769.15
875719		-11663.1		422.121	422.121
1.83234e+06		653.748		1769.56	1769.56
864081		-5639.95		422.505	422.505
196901		-112.938		1034.69	1034.69
1.53306e+06		826.844		1766.14	1766.14
868001		-6804.3		420.982	420.982
198878		-114.447		1030.34	1030.34
3.75792e+06		476.824		1771.21	1771.21
876229		-12479.4		422.605	422.605
776614		8627.35		1033.36	1033.36
740027		-28544.7		1049.86	1049.86
898660		12038.4		422.3	422.3
1.14842e+06		1840.95		1669.05	1669.05
632986		-1740.34		1100.23	1100.23
883715		-41986.6		428.348	428.348
1.28235e+06		1482.45		1600.37	1600.37
633621		-1748.22		1110.39	1110.39
900492		10419.7		417.704	417.704
1.07322e+06		4917.99		1510.51	1510.51
726535		-10412.6		1140.78	1140.78
913357		5501.7		415.827	415.827
1.38006e+06		1607.97		1466.23	1466.23
684956		-3416.76		1112.16	1112.16
943637		2601.78		407.653	407.653
892343		-2565.21		1395.72	1395.72
654388		-2203.39		1143.87	1143.87
919801		4601.18		423.614	423.614
1.1854e+06		6036.87		1425.03	1425.03
663921		-2481.51		1114.77	1114.77
3.03778e+06		13811.4		1415.79	1415.79
910027		6343.56		417.277	417.277
3.03778e+06		13811.4		1392.87	1392.87
678869		-3084.01		1116.14	1116.14
905344		7871.29		420.421	420.421
-1.89728e+06		438.067		1369.36	1369.36
807737		4462.18		1099.62	1099.62
900922		10045.8		415.484	415.484
3.0619e+06		12638.9		1392.27	1392.27
747536		-92547.8		1156.13	1156.13
929398		3441.99		421.787	421.787
748657		-140024		1133.25	1133.25
2.93538e+06		23372.9		1356.33	1356.33
939413		2838.18		406.433	406.433
2.85306e+06		58558.9		1337.52	1337.52
749373		-143973		1129.19	1129.19
943669		2637.92		407.774	407.774
2.96731e+06		19094.3		1319.58	1319.58
751797		504973		1113.63	1113.63
932147		3284.53		402.095	402.095
2.90106e+06		31013.8		1348.9	1348.9
747789		-61992.6		1122.3	1122.3
932681		3185.67		404.101	404.101
1.61084e+06		-1467.29		1396.39	1396.39
931125		3264.04		400.148	400.148
747687		-58761.3		1098.78	1098.78
1.60966e+06		-1464.94		1444.7	1444.7
931335		3229.52		401.985	401.985
747827		-59453		1093.68	1093.68
2.98742e+06		17648.7		1483.65	1483.65
936344		2924.18		404.11	404.11
746723		-46810.3		1080.99	1080.99
3.22303e+06		8401.99		1519.7	1519.7
937216		2857.24		403.953	403.953
746844		-46698.3		1075.1	1075.1
3.22996e+06		8345.48		1554.8	1554.8
941166		2656.79		402.989	402.989
749431		-77569.7		1061.84	1061.84
-1.88396e+06		437.08		1586.9	1586.9
938657		2771.95		402.69	402.69
749724		-63184.1		1059.82	1059.82
-1.8851e+06		437.171		1612.6	1612.6
938173		2848.38		402.722	402.722
749729		-68972.5		1049.54	1049.54
-1.88339e+06		437.038		1636.43	1636.43
938116		2856.25		402.661	402.661
747851		-48529.5		1047.13	1047.13
-1.88278e+06		436.995		1660.99	1660.99
940226		2762.06		398.8	398.8
750181		-80320.6		1036.66	1036.66
-1.88242e+06		437.028		1663.72	1663.72
939181		2890.7		400.98	400.98
749841		-65875.4		1031.01	1031.01
-1.85492e+06		436.969		1680.09	1680.09
937518		3014.07		399.464	399.464
749032		-54576.4		1024.81	1024.81
3.18602e+06		9215.17		1696.66	1696.66
936420		3036.24		400.535	400.535
748811		-51973.3		1027.4	1027.4
3.18924e+06		9149.93		1710.15	1710.15
932147		3338.99		396.303	396.303
745254		-32639.6		1020.54	1020.54
3.2446e+06		8096.05		1712.43	1712.43
932939		3282.81		396.928	396.928
744438		-26545.3		1013.55	1013.55
3.22083e+06		8537.47		1725.65	1725.65
936264		3038.58		395.57	395.57
744563		-27154.9		1012.48	1012.48
3.19159e+06		9046.19		1741.75	1741.75
936009		3116.84		390.592	390.592
744735		-27984.6		1011.35	1011.35
3.20473e+06		8840.14		1749.76	1749.76
934787		3186.1		395.407	395.407
741703		-21116.3		1003.42	1003.42
3.17512e+06		9553.14		1759.75	1759.75
935184		3148.04		396.819	396.819
741185		-19697.1		1001.32	1001.32
3.1872e+06		9323.71		1754.36	1754.36
741213		-18530.8		999.274	999.274
933241		3274.05		390.768	390.768
3.16532e+06		9670.3		1766.86	1766.86
936299		3052.99		389.136	389.136
741422		-18691.3		999.228	999.228
3.163e+06		9738.57		1772.82	1772.82
741458		-18312.3		994.33	994.33
934246		3149.88		392.387	392.387
3.163e+06		9738.57		1777.36	1777.36
741864		-18683.7		999.445	999.445
934354		3120.91		393.885	393.885
3.163e+06		9738.57		1780.63	1780.63
934646		3066.38		391.971	391.971
743082		-21067.2		997.341	997.341
2.58415e+06		1489.07		1790.97	1790.97
934792		3063.49		398.197	398.197
743078		-21128.1		1004.75	1004.75
2.52068e+06		1548.19		1780.13	1780.13
934389		3078.15		394.687	394.687
744501		-24079.2		997.856	997.856
2.30523e+06		1765.7		1792.07	1792.07
744589		-24145		999.126	999.126
933983		3110.61		398.496	398.496
2.30523e+06		1765.7		1792.46	1792.46
931921		3276.17		395.739	395.739
742178		-21166.1		997.483	997.483
2.30523e+06		1765.7		1800.01	1800.01
932534		3198.12		397.921	397.921
740439		-18608.8		1003.25	1003.25
2.30523e+06		1765.7		1794.95	1794.95
933380		3127.75		396.161	396.161
738380		-16549.7		1001.21	1001.21
1.54301e+06		6886.21		1798.39	1798.39
932039		3264.55		395.9	395.9
739251		-16734.7		1001.54	1001.54
1.5267e+06		8456.55		1807.08	1807.08
929488		3429.52		396.193	396.193
738542		-15763.9		1001.92	1001.92
1.5267e+06		8456.55		1810.35	1810.35
929325		3481.62		394.145	394.145
737445		-15218.9		1009.47	1009.47
3.22682e+06		8913.84		1818.61	1818.61
929534		3511		392.265	392.265
736799		-14989.3		1009.19	1009.19
3.21535e+06		9149.79		1813.11	1813.11
931765		3251.08		391.625	391.625
736836		-16067.2		1006.46	1006.46
505543		-282.602		1817.73	1817.73
934050		3036.79		398.38	398.38
736965		-16056.4		1008.55	1008.55
501274		-279.827		1815.35	1815.35
932373		3232.29		397.742	397.742
737621		-16899.7		1003.77	1003.77
3.19512e+06		9398.9		1813.89	1813.89
932953		3114.48		399.743	399.743
738498		-18085.2		998.964	998.964
503376		-281.384		1812.11	1812.11
935625		2877.38		397.282	397.282
740472		-22774		991.771	991.771
3.16284e+06		10102.1		1820.52	1820.52
740463		-23653.9		998.068	998.068
934934		2931.14		402.851	402.851
3.11408e+06		11332.3		1817.8	1817.8
933432		3072.2		401.987	401.987
739089		-21487		987.84	987.84
3.10106e+06		11747.8		1810.13	1810.13
921097		4226.07		403.119	403.119
738653		-21550.8		992.979	992.979
3.06638e+06		12919.8		1814.03	1814.03
743892		-48444.9		991.5	991.5
934848		2869.44		399.979	399.979
3.08131e+06		12324.3		1822.06	1822.06
936415		2793.2		402.023	402.023
740277		-29963.2		994.893	994.893
3.08088e+06		12369.8		1827.89	1827.89
938317		2665.8		404.466	404.466
740103		-28054		992.296	992.296
3.08055e+06		12366.5		1826.65	1826.65
938245		2668.32		401.488	401.488
737370		-21672.5		992.774	992.774
3.08522e+06		12229.1		1822.69	1822.69
933399		2963.95		399.241	399.241
714404		-6403.29		986.951	986.951
3.12255e+06		11011.4		1823.59	1823.59
920374		4245.36		397.848	397.848
714617		-6499.54		988.998	988.998
3.12717e+06		10918.6		1826.56	1826.56
916679		4759.53		395.821	395.821
717881		-7137.93		983.984	983.984
3.11594e+06		11240.8		1834.02	1834.02
921662		4089.66		395.01	395.01
707959		-5336.82		986.412	986.412
3.12712e+06		10950.3		1833.18	1833.18
732362		-14691.4		983.439	983.439
907481		7672.06		391.951	391.951
3.00304e+06		16138.6		1839.27	1839.27
905047		8918.94		391.733	391.733
731623		-13949.6		987.312	987.312
3.05813e+06		13339.1		1831.87	1831.87
906558		8172.14		393.292	393.292
731572		-13803.3		984.044	984.044
3.02262e+06		15192.9		1835.48	1835.48
910303		6263.84		395.767	395.767
732151		-14104.3		982.316	982.316
2.9544e+06		20542.7		1825.72	1825.72
916272		4772.77		396.383	396.383
729444		-11743.9		983.749	983.749
2.9883e+06		17372.3		1828.52	1828.52
914789		4869.08		394.672	394.672
725824		-10059.8		985.719	985.719
2.9795e+06		17870.6		1825.26	1825.26
907647		6983.39		395.317	395.317
730986		-13404.3		979.368	979.368
3.06071e+06		13218.1		1828.63	1828.63
904508		8480.69		395.721	395.721
726146		-10189.1		983.843	983.843
3.08388e+06		12308.4		1818.06	1818.06
912302		5518.39		397.806	397.806
720398		-7840.29		987.268	987.268
3.0919e+06		12057.2		1817.68	1817.68
906251		7256.66		394.953	394.953
716892		-6924.72		988.115	988.115
3.08049e+06		12483.9		1823.4	1823.4
913005		5156.52		394.839	394.839
719328		-7558.78		989.031	989.031
3.07383e+06		12655.7		1822.26	1822.26
911017		5554.53		396.479	396.479
717942		-7203.6		991.714	991.714
3.11683e+06		11124.5		1816.06	1816.06
904420		7861.28		390.787	390.787
716910		-6884.97		991.636	991.636
3.11507e+06		11197.2		1816.59	1816.59
907967		6524.07		393.979	393.979
725240		-9510.38		992.581	992.581
3.06789e+06		12918.1		1820.72	1820.72
910022		5896.47		396.278	396.278
728261		-11155		986.944	986.944
3.07894e+06		12373.3		1820.3	1820.3
908648		6073.42		397.361	397.361
725997		-9931.08		990.904	990.904
3.09167e+06		12003.5		1822.6	1822.6
907553		6133.77		395.33	395.33
725909		-9715.65		991.465	991.465
3.14396e+06		10454.4		1822.81	1822.81
904750		7284.4		396.041	396.041
732492		-13228.1		990.592	990.592
3.24802e+06		8461.2		1832.44	1832.44
906919		6313.16		401.488	401.488
735328		-15952.7		992.982	992.982
3.33018e+06		7428.87		1837.47	1837.47
905697		6578.54		402.024	402.024
736810		-17884		989.74	989.74
3.34015e+06		7346.85		1842.08	1842.08
901017		8475.12		409.104	409.104
737012		-17931		1002.18	1002.18
3.366e+06		7084.1		1827.47	1827.47
890667		32443.1		397.975	397.975
728964		-10861.7		990.721	990.721
3.36431e+06		7095.62		1833.84	1833.84
900433		8383.23		400.931	400.931
729907		-11531.2		1000.11	1000.11
