8.44092e-08 9.34607e-08 0.0549256 290880 67 4.893e-06
9.89117e-08 1.20688e-07 0.0560919 302400 17 1.785e-06
1.01521e-07 1.28259e-07 0.0595503 296640 19 1.459e-06
1.01763e-07 1.23481e-07 0.0501214 300480 19 1.893e-06
1.01131e-07 1.28518e-07 0.0531707 293280 23 1.313e-06
6.2636e-08 1.05919e-07 0.0527058 290880 75 1.535e-06
9.57509e-08 1.06371e-07 0.0532965 294720 19 1.595e-06
1.35132e-07 1.54495e-07 0.0842814 275040 3 1.26e-06
1.33897e-07 1.54119e-07 0.0512782 241440 3 1.293e-06
1.29708e-07 1.46264e-07 0.0474967 240000 9 1.703e-06
1.39173e-07 1.61583e-07 0.0748664 251520 8 6.577e-06
1.42076e-07 1.63354e-07 0.0576325 248640 10 1.379e-06
1.49218e-07 1.76988e-07 0.0834821 252480 10 1.825e-06
1.59558e-07 1.90811e-07 0.0919562 247200 8 1.438e-06
1.4745e-07 1.866e-07 0.0593731 80640 22 0.0422487
1.37624e-07 1.82437e-07 0.0616389 80640 16 0.0456792
1.16655e-07 1.64125e-07 0.0560213 80640 15 0.0441983
