4.71983e-08 2.35073e-07 0.0729901 96960 90 0.0271919
1.32604e-07 2.03031e-07 0.0743893 85440 22 0.0447326
1.22304e-07 2.37012e-07 0.0800857 91200 29 0.042542
1.07958e-07 2.09233e-07 0.0549537 87360 23 0.0327988
5.24884e-08 1.41534e-07 0.0676512 96960 81 0.030816
5.3334e-08 1.64696e-07 0.059232 93120 23 0.0314858
3.93904e-08 1.57378e-07 0.0957812 112800 38 0.0689675
3.60559e-08 1.54786e-07 0.0653435 146400 29 0.0369413
4.50761e-08 1.68801e-07 0.0679232 147840 36 0.0275655
5.08548e-08 1.72089e-07 0.100724 136320 37 0.0599157
5.72171e-08 1.8293e-07 0.09333 139200 43 0.0432614
5.6722e-08 1.79171e-07 0.0984196 135360 36 0.0687861
5.47836e-08 1.78792e-07 0.10685 140640 43 0.0745253
6.30441e-08 1.74664e-07 0.0648787 307200 39 1.48e-06
6.8993e-08 1.72303e-07 0.0673899 307200 25 1.338e-06
8.00984e-08 1.66615e-07 0.0551889 307200 24 1.776e-06
7.33789e-08 1.70472e-07 0.0928147 120480 29 0.0626458
