0.26191
0.156128
0.153646
0.156343
0.129948
0.16709
0.1778
0.158067
0.202744
0.199428
0.179703
0.145121
0.173378
0.154922
0.154488
0.169315
0.19529
0.181445
0.110315
0.189135
0.18982
0.211999
0.136683
0.249509
0.171091
0.169585
0.14281
0.221481
0.174409
0.208868
0.173177
0.128057
0.214246
0.169851
0.166938
0.16867
0.178227
0.115489
0.179235
0.18701
0.209426
0.188023
0.143095
0.164451
0.1061
0.1533
0.10724
0.146988
0.194914
0.127056
0.16932
0.108655
0.136721
0.101713
0.135954
0.145329
0.159154
0.0935525
0.145967
0.139
0.0966572
0.137451
0.113546
0.114226
0.172516
0.0940367
0.122398
0.156121
0.137218
0.0901832
0.0925414
0.125627
0.139068
0.154071
0.149559
0.0960655
0.174542
0.126746
0.119829
0.161327
0.171479
0.121938
0.124101
0.135823
0.108135
0.102173
0.125051
0.109519
0.174971
0.131899
0.118491
0.11244
0.12663
0.100257
0.10383
0.149654
0.178316
0.120728
0.0880203
0.101191
0.155949
0.136694
0.160841
0.170162
0.166859
0.110266
0.117535
0.126046
0.163815
0.147001
0.111315
0.15258
0.120845
0.135503
0.0911117
0.132205
0.114388
0.147999
0.114384
0.130041
0.118469
0.114823
0.121401
0.137358
0.135567
0.147904
0.137304
0.163271
0.11265
0.19175
0.131145
0.17325
0.113899
0.119473
0.133892
0.102608
0.11072
0.163307
0.119469
0.158156
0.108988
0.150124
0.107331
0.108502
0.150874
0.0945375
0.156776
0.096545
0.142647
0.11772
0.113466
0.130776
0.145896
0.127942
0.0848665
0.142907
0.112544
0.146362
0.111305
0.124475
0.126603
0.129149
0.11361
0.107208
0.0927469
0.1129
0.109386
0.126452
0.117628
0.1079
0.136216
0.111205
0.139071
0.100204
0.130686
0.137961
0.111548
0.145056
0.115251
0.114051
0.165155
0.150673
0.138254
0.115821
0.176624
0.110003
0.123323
0.140182
0.093316
0.137844
0.129214
0.14914
0.114482
0.122175
0.122653
0.0924828
0.124435
0.090681
0.166182
0.179521
0.10861
0.112448
0.14136
0.0988642
0.0908368
0.134558
0.142152
0.129674
0.105542
0.170209
0.12019
0.117942
0.131813
0.159729
0.117018
0.126095
0.143401
0.165412
0.125811
0.117399
0.115351
0.121518
0.114368
0.155411
0.123741
0.132942
0.143907
0.164368
0.0629965
0.0930337
0.12059
0.0997484
0.122928
0.128648
0.165897
0.10883
0.113442
0.12968
0.127757
0.11706
0.131368
0.13014
0.0908598
0.149556
0.124736
0.11446
0.121967
0.119041
0.117561
0.12723
0.116011
0.163111
0.12371
0.140537
0.143093
0.110575
0.114354
0.13314
0.0817838
0.0889376
0.105408
0.116163
0.120353
0.143562
0.123592
0.121216
0.144501
0.134134
0.162562
0.138373
0.127185
0.142426
0.124749
0.114917
0.135591
0.129096
0.118966
0.152481
0.114778
0.137625
0.165675
0.123271
0.123323
0.130096
0.133052
0.0986902
0.10478
0.139244
0.118855
0.173642
0.124725
0.168129
0.111849
0.105328
0.127542
0.134365
0.139269
0.118935
0.126328
0.127636
0.124982
0.101801
0.0961105
0.141758
0.0972422
0.103687
0.112244
0.155353
0.120152
0.103243
0.131969
0.137099
0.0847185
0.121441
0.0975443
0.0984434
0.128747
0.156429
0.134553
0.136133
0.139937
0.144726
0.0991054
0.1454
0.0986588
0.139181
0.0914439
0.151311
0.0767148
0.11316
0.103272
0.128528
0.11548
0.117932
0.125074
0.118546
0.116765
0.110604
0.185676
0.152229
0.139239
0.160297
0.150089
0.123653
0.12915
0.117994
0.130784
0.144594
0.180789
0.176551
0.146604
0.16019
0.120534
0.134663
0.126596
0.118346
0.15949
0.128548
0.153416
0.146573
0.146243
0.115958
0.118806
0.161966
0.145971
0.158756
0.164397
0.135276
0.129152
0.124636
0.129356
0.136443
0.114769
0.136765
0.135174
0.100032
0.156904
0.141536
0.119417
0.116452
0.111352
0.129296
0.156992
0.134258
0.121134
0.125216
0.1286
0.146664
0.133089
0.112202
0.122858
0.14328
0.104211
0.104759
0.156937
0.163749
0.151897
0.141119
0.115185
0.151738
0.106542
0.0913913
0.125166
0.132715
0.0907043
0.118087
0.123193
0.156747
0.0919899
0.1272
0.12195
0.0984155
0.0949595
0.0931982
0.129091
0.136701
0.122774
0.114989
0.114693
0.124664
0.120008
0.126417
0.155603
0.153591
0.108126
0.134752
0.160387
0.107237
0.108636
0.111874
0.172983
0.134882
0.129844
0.120469
0.0827247
0.15562
0.120879
0.144571
0.147823
0.221102
0.127678
0.122975
0.119523
0.101822
0.137925
0.1385
0.143449
0.118106
0.149962
0.0904073
0.107962
0.119404
0.104441
0.108098
0.0973656
0.176514
0.133631
0.168864
0.174016
0.140307
0.0987914
0.128539
0.21438
0.121359
0.116682
0.159424
0.136762
0.108526
0.176997
0.145516
0.0923699
0.117626
0.131844
0.164199
0.116165
0.123769
0.127124
0.144852
0.149553
0.124781
0.0880917
0.135343
0.138121
0.14012
0.114753
0.0881496
0.132804
0.144335
0.124546
0.131449
0.109998
0.101422
0.15531
0.120317
0.121019
0.12064
0.126111
0.127244
0.118457
0.148933
0.0917463
0.121627
0.103562
0.0981526
0.126347
0.116683
0.131336
0.122752
0.12452
0.145184
0.115247
0.107617
0.134141
0.110768
0.137118
0.168665
0.1176
0.139527
0.113268
0.140182
0.124333
0.147092
0.108432
0.102919
0.112202
0.123636
0.122248
0.136354
0.155723
0.113416
0.13962
0.132723
0.130969
0.115981
0.162469
0.0874761
0.162018
0.126475
0.111912
0.118323
0.125402
0.122282
0.134843
0.166724
0.106551
0.123301
0.0861851
0.107966
0.135582
0.115238
0.103664
0.145535
0.136302
0.150161
0.147158
0.106258
0.156493
