8.12986	0 3 360  4 720 
5.56842	0 3 360  4 720 
5.51929	0 3 360  4 720 
6.47786	0 4 360  3 720 
5.49618	0 3 360  4 720 
6.61371	0 4 360  3 720 
5.28092	0 3 360  4 720 
6.67749	0 4 360  3 720 
6.65227	0 4 360  3 720 
5.60095	0 3 360  4 720 
5.03358	5.08293 3 506  4 720 
4.54638	4.70872 3 491  4 720 
5.23077	4.59594 3 514  4 720 
4.79108	4.51805 3 503  4 720 
5.22474	4.66723 3 525  4 720 
5.1099	4.51249 3 515  4 720 
5.19782	4.73341 3 548  4 720 
5.12478	4.83533 3 564  4 720 
5.09579	4.59547 3 517  4 720 
5.11666	4.66871 3 530  4 720 
5.14434	4.8169 3 539  4 720 
5.07718	4.69661 3 542  4 720 
5.07588	4.70402 3 536  4 720 
5.28413	4.52526 3 524  4 720 
4.44802	4.41981 3 572  4 720 
5.33642	4.40334 3 597  4 720 
4.25792	4.26618 3 562  4 720 
4.58337	4.08908 3 554  4 720 
5.49536	3.99868 3 532  4 720 
4.96778	4.59513 3 600  4 720 
5.16096	4.72341 3 606  4 720 
4.31943	4.20438 3 584  4 720 
5.34146	4.14214 3 572  4 720 
4.51712	4.32059 3 581  4 720 
4.91805	4.17674 3 577  4 720 
4.58889	3.85711 3 509  4 720 
5.2672	4.07615 3 519  4 720 
4.67195	4.58811 3 497  4 720 
5.26596	4.42653 3 513  4 720 
5.00236	4.54094 3 500  4 720 
5.29669	4.40595 3 519  4 720 
5.03022	4.49754 3 525  4 720 
5.37033	4.75413 3 568  4 720 
5.05473	4.45285 3 538  4 720 
5.37024	4.5854 3 542  4 720 
5.67157	4.69422 3 609  4 720 
5.06439	4.73548 3 571  4 720 
5.49836	4.51501 3 536  4 720 
4.80436	4.79459 3 576  4 720 
5.26918	4.41217 3 540  4 720 
4.88812	4.8089 3 572  4 720 
5.29489	4.49925 3 534  4 720 
5.64755	4.72563 3 590  4 720 
4.97128	4.66275 3 569  4 720 
4.91322	4.48612 3 527  4 720 
4.96097	4.57733 3 567  4 720 
5.44395	4.69284 3 532  4 720 
5.18832	4.54692 3 542  4 720 
5.70442	5.01015 3 605  4 720 
5.74905	4.81712 3 600  4 720 
5.16735	4.73816 3 584  4 720 
4.99693	4.68579 3 571  4 720 
4.61795	4.09779 3 549  4 720 
4.95426	4.41114 3 583  4 720 
4.8841	4.28526 3 513  4 720 
5.16399	4.30467 3 522  4 720 
5.28973	4.66265 3 553  4 720 
5.22381	4.46668 3 509  4 720 
5.08803	4.43547 3 514  4 720 
4.68812	4.8436 3 553  4 720 
5.34899	4.38265 3 539  4 720 
4.82057	4.67747 3 578  4 720 
5.13387	4.78079 3 569  4 720 
5.10437	4.61367 3 570  4 720 
5.0685	4.58019 3 567  4 720 
4.99755	4.4479 3 565  4 720 
5.23077	4.3532 3 565  4 720 
4.77099	4.62405 3 573  4 720 
4.61596	4.32352 3 581  4 720 
5.30647	3.75056 3 520  4 720 
4.7252	4.60039 3 582  4 720 
4.90037	4.59763 3 583  4 720 
5.08968	4.35687 3 589  4 720 
5.39686	3.80494 3 537  4 720 
4.82783	4.56433 3 556  4 720 
5.24998	4.43057 3 515  4 720 
5.19627	4.64944 3 518  4 720 
5.10249	4.754 3 569  4 720 
5.17914	4.70787 3 575  4 720 
4.7274	4.63534 3 568  4 720 
5.91266	3.06175 3 0  4 720 
6.31775	3.05981 3 0  4 720 
6.0168	3.05516 3 0  4 720 
6.07322	3.05538 3 0  4 720 
6.24588	3.0674 3 0  4 720 
6.15642	3.06257 3 0  4 720 
6.09351	3.05708 3 0  4 720 
7.08012	3.05156 3 236  4 720 
5.27078	4.75709 3 583  4 720 
5.26945	4.59616 3 579  4 720 
4.81022	4.55496 3 583  4 720 
5.97433	4.67679 3 597  4 720 
4.87685	4.72525 3 588  4 720 
5.94719	4.58372 3 596  4 720 
5.44271	4.74946 3 594  4 720 
4.98721	4.62731 3 583  4 720 
5.29996	4.50161 3 572  4 720 
5.32765	4.59216 3 565  4 720 
5.01946	4.57186 3 566  4 720 
5.80799	4.72312 3 589  4 720 
5.57619	4.87307 3 603  4 720 
5.84463	5.00099 3 614  4 720 
5.72974	5.07508 3 614  4 720 
5.91163	4.95441 3 610  4 720 
4.9307	4.73374 3 560  4 720 
5.41282	4.556 3 538  4 720 
4.89436	4.65447 3 545  4 720 
5.01019	4.94382 3 564  4 720 
5.16116	4.40068 3 527  4 720 
5.17043	4.54736 3 531  4 720 
5.25467	4.84879 3 560  4 720 
5.12688	4.58391 3 542  4 720 
5.05303	4.53881 3 552  4 720 
4.60049	4.64425 3 503  4 720 
5.01792	4.2905 3 562  4 720 
5.21896	4.26039 3 504  4 720 
5.70658	4.38354 3 591  4 720 
4.95888	4.51651 3 544  4 720 
4.98254	4.65234 3 573  4 720 
5.31623	4.62962 3 540  4 720 
5.09164	4.52221 3 546  4 720 
5.23037	4.8604 3 559  4 720 
5.16759	4.50646 3 543  4 720 
4.95485	4.55921 3 564  4 720 
4.98682	4.59916 3 534  4 720 
5.31873	4.43454 3 541  4 720 
4.92023	4.82074 3 564  4 720 
5.27154	4.78232 3 576  4 720 
5.04312	4.58367 3 587  4 720 
6.08221	4.75948 3 592  4 720 
5.61617	4.74506 3 593  4 720 
5.11659	4.37952 3 535  4 720 
5.13422	4.60913 3 527  4 720 
5.5173	4.52512 3 509  4 720 
5.40018	4.56082 3 525  4 720 
5.95183	4.62367 3 594  4 720 
4.93663	4.66619 3 562  4 720 
5.06211	4.73128 3 547  4 720 
4.812	4.33536 3 569  4 720 
5.04087	4.66769 3 568  4 720 
4.95692	4.47924 3 582  4 720 
5.97084	4.58326 3 594  4 720 
5.79763	4.77305 3 617  4 720 
5.79645	4.98424 3 628  4 720 
5.87788	4.74453 3 609  4 720 
4.97138	4.7352 3 568  4 720 
4.89537	4.42808 3 523  4 720 
5.31588	4.38071 3 546  4 720 
4.87861	4.71832 3 554  4 720 
5.25307	4.84101 3 556  4 720 
5.08637	4.42629 3 561  4 720 
5.32504	4.68708 3 570  4 720 
5.08358	4.47869 3 573  4 720 
5.24445	4.54782 3 577  4 720 
5.09397	4.51483 3 580  4 720 
5.08917	4.71003 3 569  4 720 
5.51175	4.54809 3 549  4 720 
6.10235	4.4626 3 580  4 720 
5.04468	4.6746 3 583  4 720 
4.96834	3.91067 3 520  4 720 
5.02985	4.3916 3 526  4 720 
4.69703	4.71669 3 581  4 720 
5.7094	4.58279 3 604  4 720 
5.4459	4.50935 3 595  4 720 
5.62653	4.52975 3 595  4 720 
6.02527	4.90885 3 603  4 720 
5.60443	4.59531 3 594  4 720 
5.2707	4.87313 3 563  4 720 
4.80591	4.26131 3 488  4 720 
5.37602	4.36527 3 517  4 720 
5.27759	4.63864 3 546  4 720 
5.02768	4.80732 3 570  4 720 
5.19074	4.58851 3 553  4 720 
5.38331	4.68579 3 546  4 720 
5.66411	4.58828 3 596  4 720 
5.75179	5.05971 3 613  4 720 
5.91959	4.92301 3 619  4 720 
5.82171	4.88433 3 612  4 720 
4.97311	4.64999 3 577  4 720 
6.79428	4.60568 3 529  4 720 
5.02667	4.5086 3 543  4 720 
5.251	4.88348 3 540  4 720 
5.4365	4.78081 3 571  4 720 
5.25628	4.61877 3 532  4 720 
5.08914	4.67161 3 542  4 720 
5.28939	4.89106 3 587  4 720 
5.2134	4.54904 3 536  4 720 
5.25199	4.73501 3 548  4 720 
5.4823	4.86639 3 546  4 720 
5.88323	4.84964 3 606  4 720 
5.60691	5.14378 3 609  4 720 
6.10433	4.89856 3 596  4 720 
5.03333	4.95519 3 573  4 720 
5.41153	4.43978 3 522  4 720 
5.11681	4.80367 3 540  4 720 
4.93638	4.99539 3 546  4 720 
5.50686	4.63474 3 550  4 720 
5.24137	4.89807 3 581  4 720 
5.23895	4.75614 3 545  4 720 
5.33711	4.6928 3 562  4 720 
5.49649	4.69867 3 532  4 720 
5.12491	4.74445 3 528  4 720 
5.61317	4.94444 3 561  4 720 
5.41185	4.71288 3 517  4 720 
4.93011	4.67912 3 521  4 720 
5.33741	4.93228 3 531  4 720 
5.13015	4.85544 3 570  4 720 
5.17785	4.74888 3 536  4 720 
5.13861	4.58813 3 546  4 720 
5.34545	5.05136 3 550  4 720 
5.07581	4.78075 3 582  4 720 
5.29193	4.53757 3 529  4 720 
5.08687	4.62469 3 530  4 720 
5.22548	4.79848 3 547  4 720 
5.10717	4.74043 3 544  4 720 
5.91308	4.91862 3 598  4 720 
5.03192	4.78818 3 570  4 720 
5.38986	4.68577 3 530  4 720 
5.06583	4.87418 3 550  4 720 
4.80061	5.0667 3 554  4 720 
5.24685	4.4407 3 529  4 720 
5.30453	4.84209 3 541  4 720 
5.67656	5.02005 3 590  4 720 
5.06388	5.04431 3 575  4 720 
5.3364	4.53777 3 535  4 720 
5.08812	4.72153 3 541  4 720 
5.65967	4.80659 3 602  4 720 
4.96359	4.95758 3 574  4 720 
5.30234	4.59306 3 542  4 720 
4.95888	4.72456 3 547  4 720 
5.08009	4.88634 3 573  4 720 
5.45352	4.71612 3 541  4 720 
4.88219	4.61943 3 545  4 720 
5.31333	5.07645 3 570  4 720 
5.2596	4.55384 3 542  4 720 
4.95431	4.76397 3 552  4 720 
5.15063	4.66401 3 543  4 720 
5.72018	4.73679 3 607  4 720 
5.87109	5.26859 3 622  4 720 
5.91029	5.01066 3 620  4 720 
5.75097	4.70425 3 598  4 720 
4.96371	4.94031 3 586  4 720 
5.16252	4.5387 3 547  4 720 
4.74783	4.58675 3 569  4 720 
5.37153	4.53236 3 539  4 720 
5.19437	4.64764 3 537  4 720 
5.26569	4.73161 3 581  4 720 
5.48019	4.60336 3 545  4 720 
4.91857	4.7589 3 555  4 720 
5.41994	4.65899 3 542  4 720 
5.79908	4.73272 3 590  4 720 
5.96588	5.29306 3 602  4 720 
5.57312	4.95399 3 601  4 720 
5.11107	4.76581 3 588  4 720 
5.30882	4.42329 3 546  4 720 
5.30175	4.61982 3 550  4 720 
5.18014	4.86891 3 584  4 720 
5.57753	4.63954 3 537  4 720 
5.21326	4.66339 3 561  4 720 
5.20602	4.83757 3 546  4 720 
5.77465	4.62923 3 575  4 720 
5.11146	4.822 3 554  4 720 
5.14675	4.32971 3 533  4 720 
4.92492	4.62994 3 545  4 720 
5.50678	4.81053 3 608  4 720 
5.94086	5.22014 3 623  4 720 
5.51463	4.90692 3 617  4 720 
5.86076	5.01822 3 623  4 720 
5.82024	5.169 3 625  4 720 
5.65474	4.92916 3 622  4 720 
5.67337	4.66849 3 600  4 720 
5.87773	5.06312 3 595  4 720 
4.42552	4.38841 3 545  4 720 
5.62548	4.8336 3 613  4 720 
5.78618	4.70966 3 609  4 720 
5.33282	5.08686 3 583  4 720 
4.5297	4.24469 3 560  4 720 
5.37751	4.23722 3 540  4 720 
5.04306	4.40946 3 559  4 720 
4.96244	4.25272 3 469  4 720 
5.17228	4.60401 3 547  4 720 
4.72279	4.64604 3 585  4 720 
5.39887	4.79679 3 585  4 720 
5.47366	4.40352 3 518  4 720 
5.31728	4.71398 3 577  4 720 
5.32321	4.66149 3 541  4 720 
5.06747	4.76645 3 561  4 720 
5.61453	4.9001 3 545  4 720 
5.15315	4.80955 3 575  4 720 
5.32846	4.93118 3 558  4 720 
5.37775	4.55971 3 514  4 720 
4.97591	4.73364 3 534  4 720 
5.00026	4.99779 3 553  4 720 
4.98379	4.47383 3 521  4 720 
5.16951	4.5381 3 547  4 720 
4.93965	4.99255 3 557  4 720 
5.64274	4.57896 3 540  4 720 
5.19503	4.76696 3 570  4 720 
5.32901	4.67779 3 535  4 720 
4.97511	4.57823 3 535  4 720 
6.05099	4.94622 3 592  4 720 
5.66028	5.00049 3 601  4 720 
5.90375	5.01056 3 607  4 720 
4.62878	4.81128 3 580  4 720 
6.11356	4.71116 3 592  4 720 
4.54298	4.73302 3 575  4 720 
5.67772	4.58003 3 592  4 720 
5.28084	4.61697 3 591  4 720 
4.46014	4.51504 3 581  4 720 
5.66821	4.33794 3 595  4 720 
5.06514	4.34049 3 551  4 720 
5.5219	4.81873 3 614  4 720 
5.21109	4.59486 3 607  4 720 
5.65046	4.54796 3 603  4 720 
4.44192	4.29822 3 581  4 720 
5.18249	4.20759 3 576  4 720 
4.46453	4.00774 3 534  4 720 
4.69729	4.12216 3 567  4 720 
5.20076	4.37324 3 521  4 720 
4.91334	4.32617 3 524  4 720 
4.779	4.82142 3 531  4 720 
5.12828	4.48372 3 548  4 720 
5.22064	4.84156 3 551  4 720 
5.26858	4.68801 3 534  4 720 
4.96858	4.6775 3 567  4 720 
5.33479	4.56629 3 554  4 720 
5.38595	4.55185 3 541  4 720 
4.65086	4.74435 3 586  4 720 
6.05003	4.81859 3 605  4 720 
5.61913	4.89782 3 623  4 720 
5.85222	5.15593 3 636  4 720 
5.8676	5.23453 3 612  4 720 
5.04765	4.21062 3 580  4 720 
5.37802	4.47017 3 492  4 720 
5.48043	4.44188 3 527  4 720 
4.86123	4.6249 3 565  4 720 
5.78385	4.4976 3 533  4 720 
5.45357	4.77986 3 589  4 720 
4.51381	4.56884 3 571  4 720 
5.32244	4.38625 3 556  4 720 
5.14364	4.18548 3 510  4 720 
5.24018	4.51056 3 543  4 720 
4.94331	4.79918 3 543  4 720 
5.11728	4.71337 3 569  4 720 
5.24066	4.57906 3 520  4 720 
5.12015	4.5523 3 528  4 720 
5.23055	4.83833 3 570  4 720 
