4.83852e-06 4.31598e-06 301056 1320 5.6405 1.29935 20.0431 1166.67
6.40774e-06 6.30513e-06 301056 1320 8.05697 1.8982 20.4081 1166.67
6.69954e-06 4.10195e-06 193536 57 4.6056 0.752453 6.84414 1122.55
6.62213e-06 6.38928e-06 207360 48 4.63201 1.34233 6.73856 1676.64
6.41311e-06 6.37527e-06 354048 140 2.28405 2.24723 7.2446 1894.41
7.84877e-06 4.45697e-06 603648 272 8.897e-06 3.11906 8.06561 652.205
6.48318e-06 6.10634e-06 344832 121 2.64017 1.82745 7.23561 2000.78
8.09564e-06 4.42207e-06 579072 383 2.058e-06 2.50006 7.5213 627.175
6.51824e-06 5.74641e-06 344064 109 2.38935 1.48179 6.44891 1880.27
8.48593e-06 4.37258e-06 566016 202 2.227e-06 2.3629 7.11567 636.895
6.68481e-06 5.6113e-06 332544 106 2.5562 1.64135 7.14168 1994.41
8.56398e-06 4.41181e-06 590592 539 1.579e-06 2.72143 8.60717 621.498
6.69704e-06 6.18564e-06 193536 12 3.16821 1.86408 5.99109 2218.01
8.6662e-06 4.5833e-06 555264 125 2.163e-06 3.11627 6.10837 645.784
8.72073e-06 4.58557e-06 572928 300 1.706e-06 2.63633 7.24141 635.9
6.58402e-06 6.011e-06 306432 99 3.66318 1.46734 6.94034 2167.71
8.74269e-06 4.52183e-06 580608 139 1.768e-06 2.32932 6.20079 653.853
6.71914e-06 6.21101e-06 301824 34 3.68338 2.35757 7.46016 2297.59
6.70208e-06 6.13725e-06 246528 31 2.91189 1.34934 5.45545 2340.1
8.75288e-06 4.55733e-06 614400 423 1.417e-06 2.9963 8.1011 649.767
6.73127e-06 6.05673e-06 289536 62 3.01239 1.5205 6.56234 2459.9
8.74497e-06 4.51865e-06 572160 347 1.276e-06 2.36413 7.11289 646.293
6.49558e-06 5.83939e-06 307200 70 2.5718 1.52681 5.85602 2553.33
9.07544e-06 4.48444e-06 556800 104 1.757e-06 2.42074 6.62017 665.683
6.72476e-06 5.72265e-06 323328 83 2.59713 1.6993 6.64773 2233.03
9.20871e-06 4.44501e-06 555264 260 1.73e-06 2.38058 7.30703 679.201
7.07874e-06 5.63655e-06 327168 70 2.57566 1.73142 6.61621 1992.19
9.32049e-06 4.51195e-06 621312 282 1.441e-06 2.96969 8.11387 695.134
6.71779e-06 5.99967e-06 321792 108 2.47822 2.39805 6.90499 2064.12
9.35587e-06 4.68165e-06 559104 235 1.499e-06 2.99706 6.9279 696.387
6.72802e-06 5.86469e-06 334080 110 2.64043 1.7789 7.02908 2104.87
9.45238e-06 4.58933e-06 563712 196 2.262e-06 2.37889 7.06125 698.314
6.4576e-06 5.5804e-06 317184 84 2.92183 1.40932 6.24893 2278.22
9.47808e-06 4.55431e-06 550656 245 2.44e-06 2.43072 7.06697 696.252
6.54232e-06 5.5701e-06 299520 65 2.66031 1.65602 5.91672 2082.84
9.55446e-06 4.66312e-06 586752 310 1.56e-06 2.99146 8.07397 698.691
6.43712e-06 5.68026e-06 330240 143 2.39893 2.02137 7.19376 2022.96
9.50855e-06 4.61562e-06 550656 340 1.705e-06 2.43701 7.48874 685.066
6.60761e-06 5.66614e-06 324096 96 3.02068 1.81806 7.43615 1974.84
9.67732e-06 4.6245e-06 525312 230 2.34e-06 2.44796 7.17316 674.086
6.36808e-06 6.51004e-06 334080 212 2.49067 3.3026 8.22969 1999.44
9.74476e-06 5.07291e-06 518400 319 1.439e-06 3.55961 7.44821 662.994
6.58339e-06 6.95321e-06 252672 47 3.05423 2.20478 6.79887 2103.8
9.39494e-06 5.60688e-06 373248 213 2.29068 2.88998 6.8559 640.633
6.53238e-06 7.121e-06 312576 140 2.62054 2.43564 6.84043 1866.82
9.48862e-06 6.57594e-06 278016 122 2.89242 2.90587 6.82303 636.996
9.20969e-06 6.59147e-06 180480 59 5.27357 1.20084 7.8396 638.347
6.57412e-06 6.81434e-06 327936 139 3.24587 1.83241 7.46237 1825.42
8.9318e-06 6.63927e-06 169728 89 4.88405 1.15932 7.43011 617.097
6.8131e-06 6.43421e-06 325632 107 3.05858 1.60005 7.01924 1789.69
9.84404e-06 6.45049e-06 143616 66 4.79905 0.817948 7.38448 581.37
6.64896e-06 6.85017e-06 142848 52 4.31383 1.21621 6.57802 1755.32
6.94797e-06 6.78805e-06 129024 18 4.5436 0.843759 6.38401 1720.98
9.5937e-06 7.14313e-06 136704 72 4.42714 1.35524 6.76017 569.287
7.47579e-06 6.75629e-06 162048 27 4.46014 1.07425 7.10129 1682.84
9.5592e-06 8.00447e-06 130560 80 4.5984 1.49489 7.10357 550.583
8.88515e-06 7.53176e-06 129024 23 5.31589 0.727812 6.67099 564.634
7.3564e-06 6.56835e-06 129792 64 5.61442 0.754949 7.64832 1577.22
7.65412e-06 6.20189e-06 330240 88 2.97237 1.56402 7.08041 1563.01
8.97945e-06 7.14149e-06 139776 93 4.12932 0.78001 6.21439 546.159
7.31182e-06 5.95463e-06 318720 197 3.6012 1.58264 7.71944 1603.45
9.14899e-06 7.51427e-06 206592 70 5.17503 1.86044 8.28788 536.458
8.41557e-06 6.98126e-06 129024 23 4.51405 0.625669 5.79602 556.053
7.34562e-06 5.70893e-06 331008 119 2.37087 1.56438 6.22494 1550.85
6.9749e-06 5.49861e-06 317184 202 2.48812 1.47723 6.57378 1498.24
8.33276e-06 6.97761e-06 130560 127 4.08909 0.90909 6.04979 533.365
7.23043e-06 5.27384e-06 345600 92 2.51515 1.51192 6.3418 1472.7
8.54661e-06 6.72009e-06 144384 72 3.93051 0.821544 5.96928 545.808
8.84223e-06 6.54565e-06 150528 80 4.04101 0.880272 6.27017 527.051
7.21188e-06 5.11749e-06 360192 169 2.41948 1.61802 6.81043 1421
7.51198e-06 4.97387e-06 356352 99 2.37061 1.56772 6.5568 1382.82
8.81972e-06 6.60259e-06 155904 93 4.04329 1.06488 6.27376 517.131
8.81462e-06 6.25216e-06 149760 73 3.96806 0.726403 5.87696 530.069
8.77235e-06 5.94322e-06 152832 74 3.90273 0.71945 5.82969 544.206
8.7547e-06 5.81783e-06 142848 95 3.91483 0.759417 6.3316 549.523
8.83514e-06 5.71911e-06 143616 77 3.97578 0.764645 5.98522 560.55
8.81255e-06 5.58014e-06 145152 92 3.94176 0.729285 5.94575 568.535
8.90302e-06 5.49704e-06 142080 67 3.87131 0.733787 5.78653 578.346
8.9199e-06 5.47416e-06 142848 90 3.9174 0.768901 5.97822 585.661
8.93999e-06 5.45696e-06 142080 71 3.85243 0.765551 5.82062 592.194
8.19946e-06 5.10313e-06 129024 23 3.98695 0.475817 4.95275 605.283
7.64035e-06 4.85756e-06 129024 26 4.31766 0.500003 5.32002 614.647
7.42342e-06 4.65062e-06 193536 49 0.475605 0.739862 3.38211 625.806
7.22463e-06 4.47071e-06 193536 76 0.523549 0.725971 3.42641 634.874
7.11454e-06 4.32048e-06 193536 55 0.500434 0.719868 3.31363 646.242
6.97334e-06 4.24744e-06 193536 76 0.536573 0.765489 3.24955 652.13
6.73067e-06 4.18715e-06 193536 55 0.521199 0.763685 3.45204 864.913
6.50038e-06 4.14901e-06 193536 76 0.51993 0.773456 3.56001 863.909
6.3068e-06 5.59702e-06 193536 55 0.483995 2.20419 4.85536 920.461
5.9859e-06 5.2645e-06 129024 25 4.60716 0.507636 5.6235 965.118
5.74806e-06 5.0007e-06 129024 23 4.49589 0.509064 5.51553 1018.77
5.82209e-06 4.9512e-06 160512 113 4.42992 0.762947 6.58116 976.742
6.17986e-06 5.1012e-06 132096 60 4.46787 0.753106 6.38138 1199.96
6.19628e-06 5.06538e-06 143616 93 4.15578 0.706893 6.13966 1152.85
6.04427e-06 5.33175e-06 209664 111 4.2564 1.34127 6.98824 1728.85
