2	209041		3784.89		347.183	1.50564e+06
2	190335		2498.06		463.066	1.84378e+06
3	180679		7294.19		324.094	1.55511e+06
3	156984		7463.08		475.493	1.73666e+06
4	171081		11954.7		309.003	1.72748e+06
4	148952		19440.2		481.578	1.80156e+06
5	162305		4648.02		425.364	1.83731e+06
5	162955		22318.8		347.694	1.60441e+06
6	154544		-58148.7		329.004	1.66131e+06
6	175543		3264.5		409.685	1.93829e+06
7	168097		12424.6		321.568	1.79175e+06
7	193530		2282.18		397.526	1.91508e+06
8	163278		21146		323.971	1.81821e+06
8	197120		2197.51		395.189	1.88898e+06
9	171494		9536.43		338.847	1.80643e+06
9	202579		2080.74		404.435	1.89608e+06
10	181372		6108.46		334.028	1.81224e+06
10	211458		1930.17		403.057	1.87663e+06
11	213398		1945.08		407.864	1.8668e+06
11	173650		7654.57		330.813	1.83194e+06
12	217080		1884.67		423.881	1.87968e+06
12	170935		8971.26		326.47	1.86393e+06
13	219587		1872.15		437.691	1.8797e+06
13	167585		9748.14		324.609	1.88159e+06
14	224419		1786.41		438.294	1.86351e+06
14	165413		12518.5		318.067	1.85512e+06
15	230588		1712.87		436.809	1.88752e+06
15	163162		14433.4		316.953	1.87233e+06
16	236384		1700.26		438.232	1.91091e+06
16	177393		946.919		315.305	1.89512e+06
17	235318		1634.84		428.541	1.89109e+06
17	235167		384.123		311.691	1.92266e+06
18	230664		1682.65		423.281	1.8604e+06
18	153524		-111498		307.521	1.8975e+06
19	228273		1695.04		428.689	1.84183e+06
19	152316		284816		306.177	1.89997e+06
20	229288		1685.41		437.314	1.83722e+06
20	149940		-50687.3		303.186	1.90265e+06
21	233403		1656.08		437.775	1.83654e+06
21	151882		188071		301.994	1.91743e+06
22	236642		1701.76		442.69	1.65293e+06
22	152223		504947		295.903	1.72571e+06
23	237057		1697.34		434.354	1.48767e+06
23	152662		108981		297.067	1.55317e+06
24	197968		534.197		299.859	1.39789e+06
24	237154		1679.27		424.255	1.33894e+06
25	239690		1667.64		428.146	1.20509e+06
25	207459		472.9		300.981	1.25813e+06
26	240259		1704.99		427.679	1.08463e+06
26	207132		493.976		301.316	1.13235e+06
27	244634		1644.49		426.758	976205
27	209046		456.511		299.333	1.01914e+06
28	226790		383.223		304.37	917261
28	244814		1636.11		420.247	878621
29	246049		1640.75		423.354	790804
29	220696		407.771		302.783	825564
30	246638		1633.2		410.644	711753
30	245269		333.824		304.129	743039
31	246925		1621.77		406.806	640615
31	242290		345.121		304.752	668766
32	250936		1570.86		413.824	576601
32	227290		384.388		297.277	601912
33	250908		1631.59		418.212	518987
33	223268		395.652		290.435	541744
34	255111		1583.38		419.163	467131
34	214172		428.852		286.805	487595
35	256447		1598.6		429.433	420470
35	218603		397.346		285.222	438863
36	259470		1562.12		447.287	378484
36	208190		441.221		278.9	394999
37	207005		448.821		277.584	355525
37	261658		1411.86		437.826	340671
38	263714		1401.14		438.199	306648
38	200436		489.472		275.956	319999
39	266702		1388.69		437.031	276026
39	197613		520.362		274.831	288025
40	268042		1378.95		422.815	248453
40	152947		74474		270.716	259246
41	270525		1357.27		403.849	223631
41	152951		970825		273.518	233351
42	278430		1288.69		406.509	201311
42	153968		60243.9		275.455	210046
43	276456		1354.87		415.885	181230
43	192669		576.537		278.127	189071
44	283886		1290.81		414.832	163147
44	153177		88230.5		272.022	170186
45	283232		1333.39		421.561	146881
45	152903		60244.2		269.986	153192
46	286770		1312.55		421.653	132235
46	152156		582408		274.049	137904
47	289840		1311.89		423.667	119056
47	151637		251569		278.202	124145
48	151009		-129760		275.162	111756
48	290271		1324.17		423.036	107192
49	292773		1348.83		428.634	96520.4
49	151383		-124076		270.607	100603
50	150694		-43792.2		265.285	90564.5
50	295705		1330.88		435.6	86918.2
50	222269		-5113.68		455.45	78289.8
50	165659		1277.93		261.128	81530.4
50	252759		9317.07		455.224	70506.1
50	162374		1579.81		265.56	73407.9
50	266312		5133.92		455.612	63501.4
50	163961		1339.36		267.791	66095.9
50	273708		3930.85		441.163	57182.4
50	167355		1116.82		263.538	59508.8
50	369896		1109.56		442.912	51510
50	167867		1084.62		261.05	53581.8
50	391485		1061.37		442.976	46403.4
50	168957		1014.49		264.121	48252.8
50	415551		954.261		459.783	41824.1
50	166775		1088.84		263.103	43452.9
50	573321		687.917		459.853	37687.8
50	169603		968.839		262.249	39133.1
50	563504		758.72		464.13	33969.3
50	160444		1651.31		265.368	35249.1
50	557897		774.266		448.576	30603.2
50	172764		853.069		262.126	31747.5
50	611218		687.432		441.775	27580.9
50	171645		893.717		265.278	28602.1
50	622460		684.919		439.515	24864.7
50	170677		925.681		265.53	25768.7
50	630833		686.508		441.221	22423.9
50	175976		750.931		266.531	23219.4
50	181242		633.45		266.827	20924.4
50	616847		705.335		440.246	20224.7
50	522282		781.462		430.652	18236.6
50	176083		709.83		265.656	18857.5
50	512578		769.154		409.966	16435.4
50	191104		491.107		265.134	16997.8
50	444991		933.101		391.246	14814.1
50	185958		545.744		263.384	15322.7
50	496254		813.863		382.265	13362.8
50	187795		528.405		261.338	13814.8
50	487361		834.596		364.644	12047.2
50	181117		616.109		258.597	12456.7
50	504952		792.384		359.489	10873.7
50	180304		650.243		261.152	11239.4
50	459609		854.304		360.039	9822.87
50	179352		644.877		258.925	10139.4
50	479980		782.819		345.626	8862.18
50	184743		555.383		256.797	9149.19
50	535753		703.791		342.166	8007.06
50	183784		557.362		255.426	8258.58
50	482718		806.58		354.172	7252.58
50	181303		570.861		253.449	7456.29
50	479885		808.365		378.443	6587.01
50	172121		704.369		252.587	6735.14
50	476314		820.355		400.607	5988.32
50	174721		634.197		252.519	6086.82
50	455240		867.242		404.051	5432.99
50	171623		692.509		250.027	5500.9
50	452585		899.867		408.752	4934.8
50	157357		1214.53		256.508	4982.29
50	164205		855.871		258.931	4512.13
50	296081		2725.1		413.501	4486.94
50	325666		1792.15		403.008	4069.1
50	151061		2068.1		261.119	4089
50	153303		1596.2		263.876	3708.97
50	245370		-7781.1		407.882	3707.37
50	242770		-7376.41		428.883	3398.42
50	143481		51164.9		273.435	3374.02
50	246181		-10640.1		428.075	3100.66
50	147958		3585.08		266.767	3057.29
50	234691		-4886.27		425.1	2830.42
50	146564		4544.47		265.68	2777.15
50	228803		-3721.53		410.169	2574.96
50	147274		4166.8		262.507	2522.83
50	148443		3505.44		264.239	2298.53
50	233637		-6953.75		393.93	2342.24
50	222671		-2817.68		397.673	2151.16
50	154839		1611.64		263.426	2094.29
50	227841		-3816.66		407.417	1985.55
50	149437		3289.92		266.474	1914.25
50	158084		1307.33		267.875	1750.88
50	227280		-3865.12		412.705	1833.02
50	226002		-3393.06		417.344	1695.63
50	157388		1391.06		267.497	1602.2
50	156956		1352.77		265.073	1466.3
50	220515		-2847.15		407.381	1557.84
50	208291		-1975.79		397.349	1432.76
50	152463		1781.96		263.414	1344.52
50	214722		-2916.61		380.439	1312.31
50	150473		2149.22		261.324	1234.32
50	201397		-1931.22		372.205	1210.89
50	154796		1408.33		260.575	1136.27
50	203985		-2406.34		374.709	1129.53
50	155989		1261.31		259.315	1047.44
50	199550		-2109.94		382.857	1062.19
50	159751		1004.99		258.205	967.519
50	206291		-2902.77		389.172	1000.57
50	159774		1019.52		257.362	895.745
50	164982		817.967		257.33	831.874
50	202779		-2550		396.484	946.745
50	161682		903.315		255.297	772.387
50	207848		-3495.29		398.2	893.435
50	204023		-3144.14		382.898	828.609
50	166793		746.735		255.341	720.723
50	205191		-3346.94		389.881	791.022
50	166511		752.903		254.407	673.25
50	217350		-10877		395.352	756.378
50	165670		757.441		255.599	632.557
50	166341		744.219		255.151	594.414
50	215888		-7676.39		400.9	725.824
50	210059		-4968.4		400.687	693.118
50	164860		780.013		254.113	559.449
50	211539		-6201.95		405.889	669.077
50	165611		757.401		253.232	528.035
50	168827		681.636		253.02	500.343
50	211825		-7425.48		415.053	651.923
50	226186		14059.7		412.339	625.521
50	167619		706.952		251.357	473.947
50	160893		888.734		251.75	452.082
50	235475		3377.81		398.229	590.093
50	257524		1673.74		402.896	575.573
50	163025		772.578		250.748	431.046
50	272596		1355.09		407.196	562.605
50	174847		528.451		250.011	412.28
50	274635		1384.81		410.84	550.709
50	176935		504.19		251.505	397.546
50	271768		1318.14		401.984	527.866
50	173273		539.8		251.551	382.988
50	271547		1244.44		393.357	506.65
50	175896		503.869		250.564	368.858
50	305687		875.076		407.692	509.656
50	174276		528.579		249.747	356.211
50	180536		470.219		250.326	346.144
50	295834		1005.93		409.083	500.851
50	317885		873.869		406.698	489.289
50	176465		513.785		249.657	335.893
50	178379		496.815		249.442	327.054
50	352350		700.02		392.916	467.248
50	351251		711.443		397.919	464.818
50	178828		491.73		250.171	320.022
50	380991		651.064		417.526	477.735
50	183857		447.553		248.309	311.175
50	342392		797.997		423.455	477.643
50	173964		546.965		249.51	306.089
50	175189		535.771		248.496	299.417
50	336291		846.484		442.146	490.915
50	326627		899.265		417.605	461.497
50	172752		572.868		247.59	293.419
50	332600		896.607		434.688	474.191
50	170357		616.538		247.717	288.964
50	320263		996.431		433.788	469.341
50	174703		552.529		248.582	285.704
50	341475		874.183		433.316	465.314
50	173585		569.048		248.008	281.417
50	330839		940.544		451.218	480.016
50	172175		593.013		250.016	280.085
50	330609		914.884		433.351	459.269
50	171251		607.551		248.717	275.778
50	336518		856.761		411.434	434.761
50	170428		619.993		248.49	272.845
50	401240		672.53		399.241	420.235
50	167412		669.378		248.183	270.103
50	386858		715.288		405.232	424.126
50	171677		581.988		249.331	269.059
50	503228		566.36		422.738	439.743
50	172336		569.681		248.286	266.041
50	520676		554.603		427.49	442.794
50	176686		512.94		250.43	266.41
50	527693		541.942		445.908	459.682
50	169913		590.791		248.788	263.17
50	571343		511.165		419.84	432.237
50	171734		568.643		249.469	262.412
50	697743		466.429		439.957	451.114
50	169962		594.043		247.405	259.054
50	167659		629.8		249.877	260.361
50	163677		701.635		252.084	261.52
50	161885		744.82		255.346	263.838
50	159432		811.933		255.999	263.642
50	158115		852.708		257.505	264.384
50	158107		858.068		258.58	264.771
50	159844		801.913		263.967	269.538
50	159994		798.331		265.773	270.788
50	159994		808.997		269.072	273.585
50	646340		502.734		432.299	442.341
50	654005		492.797		434.447	443.484
50	159849		822.48		266.215	270.277
50	670904		473.757		410.993	419.126
50	160893		806.306		263.478	267.133
50	683407		462.134		431.785	439.105
50	160445		817.622		261.44	264.73
50	1.00913e+06		384.402		447.431	454.019
50	160190		821.813		259.266	262.227
50	1.30202e+06		363.043		425.965	431.894
50	159473		838.372		256.298	258.963
50	1.22236e+06		370.03		412.905	418.241
50	158978		841.692		256.31	258.708
50	1.07478e+06		385.697		408.156	412.959
50	158769		835.328		255.328	257.486
50	1.10257e+06		383.683		413.791	418.113
50	159005		828.108		253.923	255.865
50	840720		423.085		387.61	391.501
50	159325		822.037		253.948	255.696
50	927513		396.88		401.391	404.892
50	158629		850.539		257.673	259.247
50	793385		411.821		399.908	403.059
50	158133		860.587		254.444	255.861
50	1.0888e+06		357.585		379.433	382.269
50	158326		855.121		254.268	255.543
50	776711		390.655		364.428	366.98
50	158133		863.434		255.2	256.347
50	1.14022e+06		355.681		375.599	377.897
50	156594		926.31		258.622	259.654
50	853519		371.687		393.206	395.273
50	156190		945.446		254.499	255.428
50	639599		405.906		377.663	379.524
50	155427		965.068		258.471	259.308
50	686702		384.65		387.946	389.621
50	154924		979.452		265.262	266.015
50	803301		368.789		410.03	411.537
50	154753		983.248		267.065	267.742
50	725706		383.584		413.986	415.342
50	154812		983.968		267.326	267.936
50	777907		370.645		415.151	416.372
50	154667		999.067		266.856	267.405
50	670536		392.779		412.881	413.979
50	154990		989.201		266.707	267.201
50	599950		425.818		430.311	431.3
50	154581		1007.33		263.432	263.876
50	591351		430.886		428.928	429.818
50	155145		991.805		262.141	262.541
50	536362		458.522		428.033	428.834
50	155592		982.799		258.903	259.263
50	506579		472.751		445.692	446.413
50	154518		1025.78		263.256	263.58
50	551459		469.872		441.394	442.043
50	154103		1028.49		266.153	266.444
50	566639		469.676		440.246	440.83
50	153231		1073.91		266.569	266.831
50	525443		497.566		439.626	440.151
50	152891		1087.16		266.682	266.918
50	581651		455.916		438.258	438.731
50	152000		1125.75		264.797	265.009
50	517163		501.618		438.901	439.327
50	152169		1126.85		265.587	265.779
50	489547		566.562		437.36	437.743
50	152357		1125.81		262.223	262.396
50	455212		633.087		439.118	439.462
50	152507		1100.65		263.169	263.324
50	386503		755.982		433.454	433.764
50	151222		1177.41		257.938	258.077
50	417626		613.786		436.569	436.848
50	151637		1154.27		258.048	258.173
50	441862		586.421		435.478	435.729
50	152221		1127.3		256.302	256.415
50	429045		583.952		441.301	441.527
50	151420		1200.52		254.892	254.993
50	397445		616.217		456.592	456.795
50	150429		1272.46		252.174	252.265
50	404434		589.539		471.059	471.242
50	149155		1414.43		257.036	257.118
50	434348		561.285		480.017	480.182
50	150363		1310.69		253.377	253.452
50	149026		1471.32		271.135	271.202
50	480564		460.279		481.304	481.452
50	490815		464.025		471.467	471.6
50	150196		1400.13		270.186	270.246
50	512808		462.279		469.975	470.095
50	150600		1374.44		272.242	272.296
50	597260		430.462		466.797	466.905
50	148855		1583.61		275.889	275.938
50	580063		440.966		462.902	462.999
50	144420		2740.2		280.905	280.948
50	591440		435.669		473.15	473.238
50	152871		1321.75		277.647	277.686
50	563254		452.522		469.665	469.744
50	150123		1646.62		275.416	275.451
50	489656		490.858		455.079	455.15
50	145063		2995.65		273.109	273.141
50	462114		505.043		449.232	449.296
50	139868		38607.2		275.095	275.124
50	418447		554.022		448.939	448.997
50	141358		5518.44		271.421	271.447
50	381983		681.213		449.664	449.716
50	142211		4064.42		274.943	274.966
50	410545		634.419		442.43	442.477
50	141056		5394.03		274.063	274.084
50	388497		713.123		437.516	437.558
50	140341		6014.09		270.936	270.955
50	388558		743.284		449.738	449.776
50	141177		4905.57		269.285	269.302
50	141489		4795.21		268.888	268.904
50	389766		768.495		454.643	454.677
50	349210		952.511		466.809	466.839
50	142046		4187.26		270.249	270.263
50	142424		4264.34		270.908	270.92
50	380130		754.266		457.025	457.053
50	351279		911.508		440.946	440.97
50	142265		5000.15		268.165	268.177
50	345537		1024.35		441.241	441.263
50	145146		3072.72		269.987	269.997
50	370516		886.236		438.946	438.966
50	146566		2826.55		274.081	274.09
50	314021		1735.29		433.848	433.866
50	144995		4237.53		274.911	274.92
50	309182		2276.61		431.283	431.299
50	148406		2561.71		272.465	272.473
50	145270		4242.52		267.296	267.303
50	291039		7670.2		425.842	425.857
50	316894		3332.03		444.002	444.015
50	144830		4676.95		267.592	267.598
50	141235		-411296		267.871	267.876
50	311284		3992.45		422.143	422.155
50	324675		3312.83		409.764	409.775
50	144578		5202.7		266.1	266.105
50	349577		1967.2		415.924	415.934
50	145831		4901.52		267.94	267.945
50	316522		3780.7		404.284	404.293
50	143840		14510		265.852	265.856
50	322447		2900.13		400.879	400.887
50	143665		30365.3		266.073	266.076
50	324179		2466.2		400.776	400.783
50	148525		3791.4		266.864	266.867
50	347650		1891.59		405.146	405.153
50	147291		5748.22		266.326	266.328
50	149988		3417.55		267.689	267.692
50	347142		1747.78		426.568	426.574
50	393084		962.171		421.922	421.927
50	156232		1572.25		270.296	270.298
50	375017		1037.66		417.01	417.014
50	152214		2178.77		269.329	269.331
50	371983		1022.35		416.02	416.024
50	154659		1693.29		267.636	267.638
50	154407		1697.1		265.503	265.504
50	372203		1020		409.396	409.4
50	371112		960.309		398.673	398.676
50	157613		1391.73		270.959	270.96
50	400953		763.253		389.435	389.438
50	157771		1391.22		270.734	270.736
50	388499		751.677		394.769	394.772
50	157744		1394.8		278.391	278.392
50	377629		771.409		383.42	383.422
50	163108		1036.63		277.09	277.091
50	427589		612.403		375.865	375.867
50	162430		1044		281.097	281.098
50	401840		639.08		368.318	368.319
50	166827		880.303		279.224	279.225
50	501722		473.208		367.863	367.865
50	165946		935.296		279.425	279.426
50	489380		471.738		361.042	361.043
50	178272		651.111		283.159	283.159
50	424905		529.767		371.037	371.039
50	180704		630.28		277.176	277.177
50	466761		470.372		362.038	362.039
50	184478		585.762		281.459	281.459
50	461867		471.632		359.789	359.79
50	183257		604.503		286.537	286.538
50	461268		464.699		356.425	356.426
50	184211		595.605		293.044	293.045
50	486352		445.093		367.405	367.406
50	197149		469.567		295.259	295.259
50	468595		459.386		377.926	377.927
50	193022		498.294		294.487	294.487
50	416041		537.74		389.342	389.342
50	198773		460.167		308.118	308.119
50	391369		559.591		410.139	410.14
50	224960		350.687		318.485	318.485
50	205977		423.673		325.479	325.479
50	374617		585.529		396.703	396.704
50	322238		702.987		415.233	415.234
50	228729		339.087		317.148	317.148
50	339578		646.679		426.066	426.067
50	242870		310.045		323.272	323.272
50	321392		696.474		414.772	414.773
50	259825		286.23		332.546	332.546
50	376655		553.828		420.309	420.31
50	274525		267.822		329.256	329.257
50	354084		610.865		430.658	430.658
50	307370		243.401		323.034	323.034
50	379932		553.765		418.54	418.54
50	315181		240.309		314.117	314.117
50	356924		593.046		405.511	405.512
50	349006		223.4		303.911	303.911
50	403328		505.915		402.569	402.569
50	277661		285.104		301.571	301.571
50	338299		602.448		393.578	393.579
50	275658		288.186		296.612	296.612
50	366503		526.76		384.755	384.755
50	268661		300.044		291.983	291.983
50	337544		568.421		376.173	376.173
50	252483		326.867		292.039	292.039
50	315300		606.935		369.614	369.614
50	249687		331.937		288.76	288.76
50	303707		634.617		374.329	374.329
50	254175		326.246		281.016	281.016
50	287342		717.281		368.358	368.358
50	237775		374.197		277.074	277.075
50	284556		720.994		354.738	354.738
50	242598		365.517		269.175	269.175
50	270591		779.928		353.181	353.182
50	239902		369.48		275.913	275.914
50	243912		356.031		284.193	284.193
50	257054		873.776		347.514	347.514
50	238641		1052.27		369.707	369.708
50	257921		329.688		280.668	280.669
50	228550		1216.82		362.579	362.579
50	252081		350.548		277.148	277.148
50	260910		339.129		273.052	273.052
50	228305		1177.29		352.589	352.589
50	214819		1482		375.676	375.676
50	275579		319.3		271.568	271.568
50	261239		356.63		274.781	274.781
50	201881		2552.28		401.519	401.519
50	206279		2167.73		407.527	407.527
50	275453		336.917		290.319	290.319
50	274138		339.753		290.112	290.112
50	242830		1042.63		405.286	405.286
50	277516		755.297		398.363	398.363
50	294170		306.238		287.237	287.237
50	295955		303.819		285.606	285.606
50	325294		602.338		396.996	396.996
50	316952		625.302		397.11	397.11
50	301628		294.078		282.681	282.681
50	286900		732.453		401.673	401.673
50	316892		274.375		291.831	291.831
50	307878		647.291		404.564	404.564
50	304961		285.042		284.225	284.225
50	281665		789.624		409.214	409.214
50	290674		302.502		286.256	286.256
50	295692		729.803		409.818	409.818
50	305076		288.597		281.876	281.876
50	274838		877.427		411.586	411.586
50	290199		309.766		284.023	284.023
50	311104		685.477		410.044	410.044
50	273275		340.754		278.068	278.068
50	275066		924.649		416.308	416.308
50	276141		337.175		279.107	279.107
50	276297		959.32		417.727	417.727
50	269418		351.146		276.1	276.1
50	298842		850.804		417.716	417.716
50	262487		367.731		275.472	275.472
50	295677		876.926		433.532	433.532
50	252356		405.009		276.677	276.677
50	291523		971.666		433.395	433.395
50	245843		430.306		272.547	272.547
50	308614		898.553		428.509	428.509
50	247233		423.763		271.501	271.501
50	247035		428.006		284.809	284.809
50	310576		853.731		411.654	411.654
50	339739		745.941		414.051	414.051
50	243570		442.663		282.757	282.757
50	386326		641.518		409.643	409.643
50	238431		467.056		291.367	291.367
50	365107		708.335		391.861	391.861
50	236158		484.177		291.244	291.244
50	379533		685.738		382.183	382.183
50	237001		487.37		291.264	291.264
50	238394		477.16		284.2	284.2
50	379535		685.425		369.025	369.025
50	361506		714.774		355.643	355.643
50	235014		478.011		277.847	277.847
50	315306		877.682		345.548	345.548
50	228772		493.24		272.984	272.984
50	336571		750.54		343.102	343.102
50	248282		392.083		273.585	273.585
50	323711		803.644		338.579	338.579
50	224602		481.278		268.125	268.125
50	323632		801.497		342.586	342.586
50	219848		515.697		267.399	267.399
50	209142		585.477		265.443	265.443
50	344537		729.703		345.043	345.043
50	336946		740.598		347.136	347.136
50	206284		591.962		271	271
50	204898		582.447		272.714	272.714
50	330529		758.685		339.678	339.678
50	294855		912.942		331.809	331.809
50	205753		557.112		270.969	270.969
50	298989		854.499		350.13	350.13
50	214598		472.427		269.302	269.302
50	287409		977.286		373.014	373.014
50	211920		481.15		270.881	270.881
50	292286		932.279		373.97	373.97
50	200814		557.862		269.109	269.109
50	214468		451.091		264.118	264.118
50	289557		953.858		371.851	371.851
50	300066		895.223		372.779	372.779
50	223787		406.428		269.771	269.771
50	321010		809.196		377.931	377.931
50	225269		400.186		265.046	265.046
50	236267		366.988		297.343	297.343
50	351422		723.708		368.188	368.188
50	364532		701.599		385.323	385.323
50	218963		441.396		295.238	295.238
50	369078		708.249		368.182	368.182
50	216183		449.666		293.195	293.195
50	339500		854.64		374.649	374.649
50	231873		374.849		288.466	288.466
50	352840		826.556		377.562	377.562
50	233251		371.106		282.348	282.348
50	232281		378.223		293.104	293.104
50	332447		922.814		366.739	366.739
50	336530		909.342		375.545	375.545
50	232873		379.702		295.145	295.145
50	227593		387.792		290.71	290.71
50	376257		724.829		366.637	366.637
50	379891		720.299		390.961	390.961
50	235924		357.455		291.045	291.045
50	383520		729.298		399.944	399.944
50	230617		368.933		291.501	291.501
50	213044		438.57		306.452	306.452
50	376320		721.841		385.517	385.517
50	210845		448.73		305.988	305.988
50	288204		1208.87		375.415	375.415
50	241307		2624.04		366.562	366.562
50	207921		453.989		304.046	304.046
50	206748		460.051		287.758	287.758
50	181130		-1704.24		351.275	351.275
50	196397		548.59		309.462	309.462
50	166149		-1061.73		356.914	356.914
50	185351		697.74		332.741	332.741
50	173961		-1474.14		361.395	361.395
50	182974		766.392		330.777	330.777
50	188853		-3106.36		355.84	355.84
50	168823		1444.7		344.682	344.682
50	189684		-3400.57		360.367	360.367
50	167239		1618.04		368.223	368.223
50	199570		-13820.7		354.162	354.162
50	213200		4946.59		362.807	362.807
50	160985		3853.35		374.367	374.367
50	152963		-6867.2		387.199	387.199
50	214607		4706.6		360.802	360.802
50	149874		-2955.95		393.437	393.437
50	218765		2952.98		365.447	365.447
50	144890		-1662.71		403.552	403.552
50	221529		2629.58		358.231	358.231
50	253904		1060.25		351.596	351.596
50	142717		-1309.77		421.889	421.889
50	261622		936.259		362.858	362.858
50	139341		-1031.39		420.811	420.811
50	136913		-880.644		438.636	438.636
50	258744		895.432		353.534	353.534
50	137578		-942.889		434.916	434.916
50	251763		924.388		339.719	339.719
50	136154		-895.223		451.107	451.107
50	251763		924.388		329.073	329.073
50	228928		1129.8		322.333	322.333
50	134627		-815.678		439.938	439.938
50	134603		-816.574		454.29	454.29
50	206767		2283.75		314.8	314.8
50	133305		-786.028		437.536	437.536
50	195961		3112.03		308.739	308.739
50	133570		-810.956		424.938	424.938
50	171435		-3230.9		303.262	303.262
50	130423		-717.539		409.847	409.847
50	171786		-4521.29		300.805	300.805
50	165150		-2532		291.698	291.698
50	131303		-765.916		407.317	407.317
50	132388		-762.04		389.058	389.058
50	161304		-1876.65		287.703	287.703
50	132010		-764.384		382.208	382.208
50	158401		-1743.11		284.638	284.638
50	149471		-1072.46		275.507	275.507
50	132918		-759.294		368.626	368.626
50	132609		-726.495		361.825	361.825
50	142812		-821.652		275.382	275.382
50	132471		-699.156		369.651	369.651
50	144421		-930.214		274.758	274.758
50	131710		-660.25		371.912	371.912
50	141691		-824.902		268.729	268.729
50	129346		-597.477		376.894	376.894
50	142651		-865.362		270.595	270.595
50	128179		-554.352		381.481	381.481
50	143925		-914.494		271.871	271.871
50	127683		-535.301		401.349	401.349
50	144031		-924.661		281.113	281.113
50	128311		-531.881		400.367	400.367
50	144089		-910.423		280.304	280.304
50	129741		-522.953		399.727	399.727
50	142533		-844.843		285.606	285.606
50	129968		-510.452		400.185	400.185
50	143841		-895.584		283.331	283.331
50	132673		-533.823		397.484	397.484
50	144202		-900.764		280.116	280.116
50	129698		-486.257		397.371	397.371
50	145507		-979.725		284.103	284.103
50	146219		-1046.65		291.128	291.128
50	131303		-488.312		401.902	401.902
50	128632		-457.146		399.914	399.914
50	143928		-952.615		287.831	287.831
50	154972		-2782.1		283.11	283.11
50	125059		-416.464		403.518	403.518
50	125775		-393.516		400.76	400.76
50	156456		-3824.98		289.726	289.726
50	134931		-458.873		400.295	400.295
50	155260		-3226.02		290.397	290.397
50	159427		-12325.8		288.613	288.613
50	139676		-475.876		406.639	406.639
50	160413		180682		285.616	285.616
50	140698		-480.264		422.74	422.74
50	158040		-8595.24		287.35	287.35
50	145537		-510.218		424.529	424.529
50	160132		-649.066		440.041	440.041
50	160567		30595.3		279.787	279.787
50	154459		-3368.07		281.665	281.665
50	177003		-945.69		426.064	426.064
50	165134		4720.6		276.493	276.493
50	512298		600.814		408.926	408.926
50	517922		599.646		412.219	412.219
50	171568		1780.58		278.449	278.449
50	597482		557.495		415.833	415.833
50	163406		6218.71		285.436	285.436
50	159350		-13793.1		316.801	316.801
50	612817		541.48		408.703	408.703
50	158283		-7625.06		304.546	304.546
50	611650		542.006		392.362	392.362
50	196675		-1657.29		377.526	377.526
50	181995		1058.21		326.312	326.312
50	182974		986.502		323.719	323.719
50	162776		-726.256		372.088	372.088
50	171817		1570.53		323.171	323.171
50	149344		-570.112		371.9	371.9
50	164892		2502.49		321.758	321.758
50	143928		-515.787		372.557	372.557
50	166986		1788.87		348.384	348.384
50	146980		-534.887		364.816	364.816
50	154815		46838.2		351.513	351.513
50	151778		-581.609		360.101	360.101
50	153796		57734		348.378	348.378
50	147865		-548.607		357.714	357.714
50	155843		5203.86		372.632	372.632
50	143480		-506.12		358.646	358.646
50	149716		-19821.6		362.639	362.639
50	143719		-506.706		366.276	366.276
50	149237		-15619.6		350.773	350.773
50	143527		-498.815		373.313	373.313
50	150557		14824.9		339.485	339.485
50	145987		-545.324		364.595	364.595
50	146198		-558.672		352.856	352.856
50	149523		15032.9		330.574	330.574
50	146014		-554.014		363.057	363.057
50	150058		9544.37		323.301	323.301
50	145240		-542.948		358.085	358.085
50	151553		7542.31		317.402	317.402
50	151995		6913.8		311.303	311.303
50	143830		-510.893		363.932	363.932
50	153404		5210.45		304.449	304.449
50	143181		-500.688		371.611	371.611
50	153400		5941.54		299.464	299.464
50	143288		-493.992		376.655	376.655
50	151174		19301.4		294.22	294.22
50	139166		-439.628		396.493	396.493
50	156687		2954.73		288.158	288.158
50	139628		-441.999		408.043	408.043
50	139487		-432.571		410.333	410.333
50	156975		2785.04		287.877	287.877
50	160796		1848.4		287.987	287.987
50	136203		-394.678		411.186	411.186
50	137184		-407.275		400.025	400.025
50	163192		1577.82		279.126	279.126
50	163764		1655.14		274.544	274.544
50	134899		-376.097		398.163	398.163
50	135382		-377.627		403.231	403.231
50	169167		1234.49		272.228	272.228
50	168443		1284.66		266.331	266.331
50	135628		-377.126		395.755	395.755
50	134990		-373.675		412.351	412.351
50	163120		1798.33		265.795	265.795
50	135829		-388.583		402.213	402.213
50	164714		1638.13		268.774	268.774
50	136072		-396.656		392.331	392.331
50	166096		1531.01		273.525	273.525
50	136293		-399.135		395.957	395.957
50	161734		2205.47		280.986	280.986
50	136681		-407.432		391.506	391.506
50	160808		2343.09		281.731	281.731
50	159077		2685.42		291.559	291.559
50	136499		-417.247		387.579	387.579
50	137954		-442.616		382.517	382.517
50	159671		2380.96		298.99	298.99
50	161600		1839.84		307.716	307.716
50	137810		-449.341		381.663	381.663
50	137214		-458.678		377.108	377.108
50	157505		3032.18		299.963	299.963
50	137367		-472.757		365.485	365.485
50	158936		2458.69		297.715	297.715
50	138244		-488.755		358.844	358.844
50	158677		2599.01		293.891	293.891
50	139434		-524.984		352.662	352.662
50	159741		2228.34		291.025	291.025
50	143422		-612.412		347.504	347.504
50	162129		1779.5		286.69	286.69
50	143531		-634.171		343.924	343.924
50	161365		2018.78		297.854	297.854
50	143489		-640.621		349.732	349.732
50	163034		1844.49		298.152	298.152
50	164604		1624.33		300.688	300.688
50	145784		-690.695		355.705	355.705
50	144729		-672.074		362.28	362.28
50	169562		1411.71		316.257	316.257
50	146752		-728.362		386.479	386.479
50	170983		1397.24		317.006	317.006
50	178005		1067.6		319.486	319.486
50	146888		-732.445		389.435	389.435
50	142805		-618.633		395.056	395.056
50	176842		1195.24		333.45	333.45
50	141878		-578.81		395.584	395.584
50	167213		1922.73		326.014	326.014
50	172142		1350.72		319.238	319.238
50	147525		-709.502		386.143	386.143
50	148122		-744.171		405.276	405.276
50	167543		1533.24		320.129	320.129
50	144335		-621.486		392.965	392.965
50	169365		1311.82		314.293	314.293
50	168415		1375.97		306.423	306.423
50	149887		-767.524		407.894	407.894
50	151639		-818.287		400.142	400.142
50	158380		3782.66		307.946	307.946
50	159212		-1073.18		406.935	406.935
50	159772		3106.2		299.309	299.309
50	169782		-1487.63		427.19	427.19
50	154743		52721		302.989	302.989
50	185347		-3419.94		418.729	418.729
50	158073		8994.25		307.599	307.599
50	175407		-1942.25		413.048	413.048
50	153556		-4777.07		310.922	310.922
50	155814		-946.183		418.774	418.774
50	162985		4894.03		320.255	320.255
50	178707		-2307.12		434.596	434.596
50	171550		1963.3		320.209	320.209
50	255714		1227.37		431.358	431.358
50	180040		1244.49		332.23	332.23
50	252679		1292.61		439.256	439.256
50	156968		-3103.58		336.404	336.404
50	256976		1186.34		436.387	436.387
50	166956		8960.36		346.163	346.163
50	243945		1605.5		453.098	453.098
50	151214		-1236.38		343.428	343.428
50	267965		1151.66		449.768	449.768
50	165106		-5479.39		357.604	357.604
50	271727		1060.55		432.129	432.129
50	162368		-3035.75		362.208	362.208
50	258994		1270.33		426.438	426.438
50	157813		-2145.95		363.52	363.52
50	254678		1246.16		414.178	414.178
50	158968		-2297.3		363.532	363.532
50	308929		689.219		418.721	418.721
50	160470		-2415.27		348.422	348.422
50	284829		791.912		399.679	399.679
50	168883		-24653.9		348.813	348.813
50	299480		691.242		393.049	393.049
50	166595		-6116.85		353.719	353.719
50	168136		-5760.54		342.674	342.674
50	305054		663.92		379.855	379.855
50	271270		829.287		399.442	399.442
50	183143		2586.88		330.579	330.579
50	166977		-3010.27		359.072	359.072
50	272751		704.002		392.284	392.284
50	164979		-2305.82		364.198	364.198
50	236223		1050.27		385.002	385.002
50	159720		-1419.01		371.919	371.919
50	234760		1066.61		385.734	385.734
50	157262		-1144.71		378.008	378.008
50	199262		2515.75		371.981	371.981
50	157977		-1091.34		380.43	380.43
50	176884		-17917.6		361.507	361.507
50	168175		-4105.25		352.535	352.535
50	157491		-985.108		386.847	386.847
50	155992		-1689.38		338.637	338.637
50	152309		-750.768		380.162	380.162
50	148097		-645.037		387.991	387.991
50	156434		-1738.42		325.497	325.497
50	154479		-1798.07		318.288	318.288
50	149778		-682.459		375.633	375.633
50	151702		-714.417		367.657	367.657
50	158368		-2338.92		311.823	311.823
50	153765		-756.379		367.214	367.214
50	156719		-2177.49		307.689	307.689
50	151871		-677.524		373.78	373.78
50	157451		-2247.87		306.156	306.156
50	154709		-721.875		378.087	378.087
50	154528		-1847.58		301.589	301.589
50	153558		-1672.49		298.401	298.401
50	152269		-649.746		382.074	382.074
50	150151		-1481.99		291.321	291.321
50	150680		-593.192		380.486	380.486
50	154969		-671.678		363.465	363.465
50	150438		-1516.52		287.351	287.351
50	153485		-606.233		358.913	358.913
50	150317		-1641.86		286.219	286.219
50	149105		-1449.77		278.258	278.258
50	159683		-762.013		355.039	355.039
50	159158		-734.15		364.429	364.429
50	146856		-1301.67		275.906	275.906
50	151141		-1742.56		279.738	279.738
50	158690		-747.904		360	360
50	156042		-711.199		370.059	370.059
50	151864		-1835.46		290.195	290.195
50	154117		-2410.66		290.395	290.395
50	158459		-801.567		354.637	354.637
50	156724		-783.254		342.477	342.477
50	154008		-2789.37		286.926	286.926
50	155903		-3950.07		286.616	286.616
50	156811		-835.962		331.64	331.64
50	156452		-847.621		317.133	317.133
50	156273		-5869.36		279.628	279.628
50	162460		-1015.54		337.409	337.409
50	155385		-7772.99		281.201	281.201
50	162065		-897.134		361.24	361.24
50	153657		-5240.68		276.384	276.384
50	162888		-855.697		366.925	366.925
50	152825		-4094.79		268.531	268.531
50	170136		-1036.49		370.115	370.115
50	155884		-8470.72		268.902	268.902
50	168219		-920.436		377.909	377.909
50	151423		-2898.04		272.254	272.254
50	174354		-1025.28		379.29	379.29
50	149531		-2398.81		272.577	272.577
50	179285		-1093.04		384.756	384.756
50	147593		-1870.72		274.822	274.822
50	177965		-1044.98		385.686	385.686
50	151025		-3155.06		271.106	271.106
50	152016		-3935.7		278.352	278.352
50	177361		-1020.31		380.212	380.212
50	158065		10285.8		287.517	287.517
50	177737		-1063.63		378.113	378.113
50	177760		-1041.84		379.825	379.825
50	159598		4825.04		281.05	281.05
50	167909		-811.44		385.379	385.379
50	160674		3365.01		279.967	279.967
50	160301		2950.37		273.09	273.09
50	163584		-743.173		384.044	384.044
50	163321		-763.057		385.931	385.931
50	162205		2069.53		270.238	270.238
50	157510		-705.223		384.163	384.163
50	166241		1404.93		268.239	268.239
50	152106		-646.799		403.192	403.192
50	169123		1105.46		266.848	266.848
50	171563		962.123		264.054	264.054
50	144598		-546.765		401.788	401.788
50	176288		797.586		264.21	264.21
50	155109		-694.178		388.125	388.125
50	165152		-868.864		370.921	370.921
50	175577		781.911		262.258	262.258
50	177414		-1128.58		378.5	378.5
50	179955		670.465		262.221	262.221
50	193316		-1748		375.355	375.355
50	177067		722.099		260.326	260.326
50	181431		633.227		261.256	261.256
50	219772		-6010.04		383.289	383.289
50	231438		-810684		379.062	379.062
50	183503		593.125		258.845	258.845
50	292290		1614.21		389.543	389.543
50	193148		490.129		259.64	259.64
50	491027		634.558		396.812	396.812
50	193675		482.583		259.488	259.488
50	561916		570.573		396.907	396.907
50	190784		503.773		257.994	257.994
50	516612		588.281		395.264	395.264
50	181190		594.581		258.063	258.063
50	606137		512.793		386.954	386.954
50	194796		452.797		255.299	255.299
50	583587		506.531		378.263	378.263
50	204411		405.036		256.57	256.57
50	520207		545.505		385.457	385.457
50	208726		390.04		256.154	256.154
50	674642		460.444		391.012	391.012
50	208110		397.188		263.608	263.608
50	613150		487.017		397.569	397.569
50	203133		429.509		262.931	262.931
50	535886		522.756		397.071	397.071
50	193122		484.757		264.576	264.576
50	470396		585.879		404.486	404.486
50	193739		476.646		262.541	262.541
50	466362		598.11		425.268	425.268
50	184574		556.135		261.989	261.989
50	456736		611.783		423.336	423.336
50	184727		548.002		260.215	260.215
50	446714		633.237		422.709	422.709
50	181200		583.347		260.752	260.752
50	444970		636.205		420.328	420.328
50	182800		569.074		260.821	260.821
50	417991		682.729		418.242	418.242
50	181394		585.843		262.586	262.586
50	437154		644.42		422.796	422.796
50	181262		592.132		264.385	264.385
50	457415		643.292		418.221	418.221
50	176692		651.812		260.582	260.582
50	464100		634.824		434.923	434.923
50	174458		700.191		263.526	263.526
50	469790		653.585		428.349	428.349
50	170697		779.145		264.106	264.106
50	491662		624.306		428.858	428.858
50	169362		826.642		267.588	267.588
50	551593		582.614		425.295	425.295
50	164506		1001.67		269.6	269.6
50	516639		622.229		427.942	427.942
50	169626		797.122		274.486	274.486
50	557535		605.987		423.861	423.861
50	175326		671.333		267.578	267.578
50	176420		653.084		266.598	266.598
50	592854		589.084		440.79	440.79
50	518076		670.289		426.205	426.205
50	168774		793.918		262.559	262.559
50	597365		598.059		413.956	413.956
50	177356		616.832		262.205	262.205
50	533984		648.919		402.824	402.824
50	169621		778.021		260.595	260.595
50	526228		653.686		393.39	393.39
50	170300		757.55		261.531	261.531
50	583813		571.128		385.391	385.391
50	166106		857.107		260.375	260.375
50	528685		606.072		377.862	377.862
50	163124		951.241		258.417	258.417
50	548450		571.453		370.81	370.81
50	165114		857.829		258.784	258.784
50	594146		518.405		364.521	364.521
50	170375		712.053		258.769	258.769
50	527607		559.247		357.113	357.113
50	164626		846.942		256.447	256.447
50	569185		507.313		353.027	353.027
50	165360		803.755		257.044	257.044
50	574747		504.261		348.114	348.114
50	163042		857.379		256.349	256.349
50	624730		468.624		344.737	344.737
50	169682		680.021		257.341	257.341
50	561071		497.14		340.535	340.535
50	170042		672.882		256.457	256.457
50	686063		425.074		338.952	338.952
50	170010		662.703		256.78	256.78
50	644311		439.241		335.602	335.602
50	170048		664.868		254.567	254.567
50	780487		395.72		334.219	334.219
50	169906		670.551		254.93	254.93
50	697947		416.847		330.643	330.643
50	167734		718.245		252.85	252.85
50	784932		389.33		329.594	329.594
50	167813		718.009		254.047	254.047
50	636539		422.52		325.474	325.474
50	168725		701.242		253.657	253.657
50	648213		416.38		324.908	324.908
50	169336		682.555		255.106	255.106
50	594027		440.077		320.21	320.21
50	170287		669.036		253.331	253.331
50	664200		407.443		319.967	319.967
50	169115		706.491		255.129	255.129
50	566475		438.261		317.288	317.288
50	168542		717.536		253.507	253.507
50	689818		383.063		317.398	317.398
50	170785		667.525		254.854	254.854
50	782711		363.066		315.583	315.583
50	171974		644.983		254.54	254.54
50	781481		357.825		314.109	314.109
50	172110		632.77		254.159	254.159
50	931312		329.931		313.78	313.78
50	172814		624.5		255.223	255.223
50	817859		339.017		311.477	311.477
50	173446		616.705		254.053	254.053
50	875226		332.71		311.236	311.236
50	173662		603.59		254.774	254.774
50	823449		337.278		309.848	309.848
50	172435		618.13		253.724	253.724
50	859336		334.386		310.503	310.503
50	174050		583.893		255.096	255.096
50	784433		339.903		308.833	308.833
50	173682		584.648		254.201	254.201
50	784433		339.903		309.398	309.398
50	174090		575.853		254.276	254.276
50	647830		311.698		308.688	308.688
50	175475		553.495		253.495	253.495
50	897264		300.46		308.713	308.713
50	176858		538.571		254.361	254.361
50	918311		296.333		307.227	307.227
50	175658		552.096		252.696	252.696
50	585036		319.104		305.971	305.971
50	177001		529.093		251.144	251.144
50	550578		326.703		307.664	307.664
50	174979		563.969		253.24	253.24
50	540994		328.927		305.661	305.661
50	175710		549.977		251.542	251.542
50	523532		335.281		307.166	307.166
50	174796		553.912		253.413	253.413
50	523863		336.052		305.799	305.799
50	175444		548.556		253.109	253.109
50	524448		336.438		306.57	306.57
50	175611		546.592		253.214	253.214
50	525000		336.421		305.473	305.473
50	173856		562.059		251.396	251.396
50	528063		334.253		306.127	306.127
50	173967		559.161		252.668	252.668
50	535466		332.8		305.864	305.864
50	173629		560.926		251.406	251.406
50	535800		332.708		306.813	306.813
50	174065		554.029		251.616	251.616
50	535785		333.449		305.826	305.826
50	174252		552.193		250.64	250.64
50	540630		330.184		296.237	296.237
50	175090		538.812		252.549	252.549
50	540874		330.347		296.745	296.745
50	175355		536.243		251.693	251.693
50	177143		512.533		252.256	252.256
50	540872		330.35		291.672	291.672
50	178524		502.093		251.802	251.802
50	542493		330.034		276.051	276.051
50	535644		333.264		279.701	279.701
50	178880		498.881		253.299	253.299
50	535644		333.264		281.603	281.603
50	178136		504.279		251.457	251.457
50	544722		327.198		284.657	284.657
50	179032		491.905		252.543	252.543
50	545472		328.875		286.875	286.875
50	179326		489.845		251.483	251.483
50	544897		327.011		289.388	289.388
50	178579		495.15		251.895	251.895
50	540777		327.552		290.236	290.236
50	177747		502.792		250.246	250.246
50	539559		328.688		292.944	292.944
50	177309		508.703		251.429	251.429
50	540317		328.464		292.016	292.016
50	176583		515.648		250.954	250.954
50	529098		335.852		295.029	295.029
50	176313		519.153		252.133	252.133
50	521643		338.212		295.693	295.693
50	176596		516.721		251.024	251.024
50	515671		341.548		297.685	297.685
50	175835		525.146		251.596	251.596
50	518407		340.376		298.85	298.85
50	176238		522.918		250.303	250.303
50	523793		334.918		300.053	300.053
50	175909		527.438		243.821	243.821
50	177260		514.554		243.591	243.591
50	507763		337.75		299.286	299.286
50	519190		331.691		300.447	300.447
50	177195		514.914		245.234	245.234
50	514305		333.041		299.189	299.189
50	178882		499.987		245.091	245.091
50	526350		328.691		300.977	300.977
50	178390		505.627		247.458	247.458
50	523469		329.337		300.06	300.06
50	178022		508.712		247.178	247.178
50	519979		327.828		300.586	300.586
50	178219		505.026		247.804	247.804
50	522559		325.644		301.419	301.419
50	179132		496.001		248.348	248.348
50	536260		320.981		299.484	299.484
50	180824		479.348		248.246	248.246
50	534693		320.595		300.497	300.497
50	180310		484.396		249.185	249.185
50	554335		315.159		301.51	301.51
50	178726		501.509		251.187	251.187
50	563091		314.238		300.66	300.66
50	178725		501.125		250.519	250.519
50	569211		312.888		300.485	300.485
50	178406		502.736		251.068	251.068
50	541495		319.162		300.878	300.878
50	178534		501.52		251.875	251.875
50	543317		319.286		301.964	301.964
50	177231		514.256		252.801	252.801
50	526182		322.998		302.443	302.443
50	177671		513.339		252.048	252.048
50	509727		328.168		303.794	303.794
50	176776		525.798		253.755	253.755
50	510800		327.079		302.281	302.281
50	175583		540.073		252.485	252.485
50	493801		333.101		304.023	304.023
50	175201		545.588		254.142	254.142
50	495790		332.937		303.45	303.45
50	174115		558.801		252.941	252.941
50	494221		333.627		304.747	304.747
50	174334		553.641		253.431	253.431
50	506238		331.362		304.243	304.243
50	174294		554.125		252.809	252.809
50	519263		328.08		305.309	305.309
50	174847		548.63		253.598	253.598
50	517566		328.44		304.701	304.701
50	174507		551.729		253.55	253.55
50	521276		327.124		306.043	306.043
50	175916		532.229		255.503	255.503
50	533426		324.236		305.135	305.135
50	174788		542.518		254.902	254.902
50	554364		317.319		306.416	306.416
50	175285		535.729		256.301	256.301
50	536913		320.766		305.144	305.144
50	174090		546.059		255.206	255.206
50	547665		318.096		305.368	305.368
50	173484		557.112		255.846	255.846
50	535341		319.651		305.52	305.52
50	173876		550.666		255.633	255.633
50	524427		322.762		303.983	303.983
50	174577		541.416		255.099	255.099
50	513255		326.195		305.637	305.637
50	174932		535.416		255.6	255.6
50	528315		321.894		304.616	304.616
50	174865		538.25		256.163	256.163
50	501166		326.867		304.215	304.215
50	175046		534.161		256.569	256.569
50	483259		333.274		304.194	304.194
50	174163		543.377		256.151	256.151
50	485318		332.609		302.701	302.701
50	174107		544.927		256.096	256.096
50	482290		333.226		303.814	303.814
50	174128		546.103		257.469	257.469
50	465260		337.934		302.843	302.843
50	172348		563.064		256.237	256.237
50	483670		331.231		302.918	302.918
50	171547		576.979		256.206	256.206
50	471804		334.276		302.99	302.99
50	170961		587.925		256.963	256.963
50	475234		334.264		302.659	302.659
50	170721		593.928		256.966	256.966
50	471944		334.728		303.605	303.605
50	169343		617.185		258.14	258.14
50	473016		334.746		301.171	301.171
50	169186		621.694		257.432	257.432
50	451983		341.088		301.363	301.363
50	168595		636.132		258.128	258.128
50	457184		338.195		302.106	302.106
50	168525		636.302		257.893	257.893
50	455784		338.74		301.355	301.355
50	171054		599.035		256.62	256.62
50	469784		331.933		302.854	302.854
50	170992		600.412		256.39	256.39
50	470943		331.38		302.71	302.71
50	169274		626.778		254.267	254.267
50	475883		329.307		304.066	304.066
50	169672		620.322		254.406	254.406
50	476609		328.65		303.706	303.706
50	168980		627.342		254.21	254.21
50	472658		330.936		305.109	305.109
50	169038		623.129		254.137	254.137
50	504758		320.232		306.082	306.082
50	167677		644.314		254.096	254.096
50	500934		322.676		305.045	305.045
50	168940		623.595		253.162	253.162
50	501294		321.994		305.199	305.199
50	166685		658.324		253.588	253.588
50	514688		317.679		304.936	304.936
50	166433		662.134		252.168	252.168
50	496709		323.91		306.275	306.275
50	166574		656.933		253.047	253.047
50	507002		321.828		304.869	304.869
50	167328		647.165		252.84	252.84
50	504017		324.368		306.061	306.061
50	167791		639.12		254.063	254.063
50	505781		323.839		304.836	304.836
50	167248		644.558		252.687	252.687
50	517760		322.042		305.69	305.69
50	167685		630.84		253.118	253.118
50	521957		321.126		304.674	304.674
50	169331		600.002		251.641	251.641
50	519978		321.792		305.292	305.292
50	170695		580.103		253.107	253.107
50	516032		321.8		305.363	305.363
50	170021		587.698		252.378	252.378
50	527080		320.093		305.948	305.948
50	171031		574.711		251.638	251.638
50	521759		321.005		307.361	307.361
50	171800		562.201		252.297	252.297
50	538896		318.43		307.528	307.528
50	172146		557.394		251.706	251.706
50	561706		313.078		308.299	308.299
50	172100		558.6		252.826	252.826
50	576852		311.577		307.221	307.221
50	173518		543.991		252.158	252.158
50	584546		308.906		307.93	307.93
50	172460		559.86		252.97	252.97
50	568228		310.595		306.771	306.771
50	174449		539.477		251.599	251.599
50	561801		312.761		308.011	308.011
50	172779		563.522		253.298	253.298
50	534586		317.903		305.623	305.623
50	172884		562.524		252.127	252.127
50	525870		321.866		306.447	306.447
50	172083		574.355		253.584	253.584
50	504901		326.551		304.115	304.115
50	171041		586.928		252.373	252.373
50	510802		324.271		305.194	305.194
50	171366		581.497		253.299	253.299
50	497872		326.488		304.955	304.955
50	172450		569.61		253.567	253.567
50	501177		325.615		303.605	303.605
50	172232		575.512		253.523	253.523
50	502340		325.646		296.807	296.807
50	172971		568.156		254.695	254.695
50	493200		327.757		294.877	294.877
50	172971		568.156		254.006	254.006
50	501136		327.15		296.649	296.649
50	174852		544.221		255.387	255.387
50	495786		326.924		296.867	296.867
50	174797		545.336		254.646	254.646
50	504739		323.943		297.089	297.089
50	174964		545.105		254.056	254.056
50	488396		330.003		299.814	299.814
50	175115		541.877		255.281	255.281
50	499292		328.635		299.508	299.508
50	175035		544.702		254.277	254.277
50	501545		328.748		300.944	300.944
50	176204		532.12		254.894	254.894
50	501657		328.688		300.404	300.404
50	176163		532.529		254.445	254.445
50	506467		327.875		301.494	301.494
50	176515		527.226		254.571	254.571
50	510636		327.335		301.379	301.379
50	176332		529.7		253.261	253.261
50	509414		328.176		302.29	302.29
50	176243		532.827		252.991	252.991
50	519725		326.146		302.676	302.676
50	177641		514.693		253.311	253.311
50	502046		330.02		301.684	301.684
50	177588		515.089		253.3	253.3
50	498403		333.052		303.545	303.545
50	178601		503.213		253.551	253.551
50	505786		331.039		302.569	302.569
50	178130		507.02		252.883	252.883
50	515733		328.685		303.254	303.254
50	179062		496.36		253.513	253.513
50	515071		329.163		302.367	302.367
50	179404		494.209		253.041	253.041
50	511092		330.396		303.34	303.34
50	179117		494.292		252.652	252.652
50	510254		330.911		302.726	302.726
50	178727		496.916		252.208	252.208
50	508610		330.675		303.599	303.599
50	179567		490.508		252.834	252.834
50	513162		328.793		302.167	302.167
50	178438		502.115		252.22	252.22
50	507181		330.283		302.954	302.954
50	179206		494.51		251.124	251.124
50	506940		330.268		302.645	302.645
50	177708		509.44		249.824	249.824
50	509494		330.601		303.311	303.311
50	178458		503.969		249.855	249.855
50	507478		330.138		304.084	304.084
50	177906		508.347		251.167	251.167
50	505232		331.607		303.088	303.088
50	177376		514.618		249.483	249.483
50	497819		333.937		304.087	304.087
50	177913		510.773		251.234	251.234
50	504395		331.266		304.392	304.392
50	177128		519.666		251.13	251.13
50	497204		334.21		305.7	305.7
50	177685		511.974		252.404	252.404
50	497362		333.617		304.751	304.751
50	177476		512.686		252.109	252.109
50	493201		334.829		304.876	304.876
50	177781		509.602		251.971	251.971
50	491546		335.81		305.884	305.884
50	178427		502.615		253.301	253.301
50	486410		337.335		305.361	305.361
50	178266		503.198		253.264	253.264
50	488558		336.789		305.083	305.083
50	178289		505.517		253.115	253.115
50	488866		336.347		305.908	305.908
50	179340		495.073		253.255	253.255
50	490543		335.538		304.876	304.876
50	178558		501.163		252.772	252.772
50	489302		335.312		305.359	305.359
50	178836		497.771		253.92	253.92
50	486671		335.882		305.557	305.557
50	177914		505.548		253.607	253.607
50	485450		337.181		304.595	304.595
50	179681		488.565		253.429	253.429
50	486973		335.644		305.219	305.219
50	177686		505.876		254.809	254.809
50	487335		335.263		304.484	304.484
50	177481		504.802		253.79	253.79
50	486215		335.661		303.403	303.403
50	176247		516.221		254.12	254.12
50	492446		332.478		304.348	304.348
50	178059		496.035		254.621	254.621
50	504443		329.294		303.71	303.71
50	178353		493.983		254.308	254.308
50	511376		325.688		304.044	304.044
50	180409		473.686		254.649	254.649
50	523517		322.377		302.788	302.788
50	181555		465.799		254.193	254.193
50	521842		323.344		303.942	303.942
50	180824		470.563		253.771	253.771
50	527907		321.991		303.674	303.674
50	180669		471.032		253.114	253.114
50	527523		322.156		304.813	304.813
50	180149		473.934		253.579	253.579
50	524758		323.005		304.177	304.177
50	182041		458.112		252.63	252.63
50	535911		318.912		304.788	304.788
50	181837		458.307		253.615	253.615
50	532547		320.839		304.86	304.86
50	183449		445.568		253.227	253.227
50	533571		320.716		303.912	303.912
50	183768		443.697		252.975	252.975
50	525102		323.998		304.798	304.798
50	183581		443.813		254.058	254.058
50	523500		322.632		302.464	302.464
50	183582		442.273		252.993	252.993
50	523841		321.418		302.332	302.332
50	183110		444.937		253.793	253.793
50	526414		317.247		302.737	302.737
50	181964		452.561		252.823	252.823
50	522471		318.519		301.519	301.519
50	182557		447.938		252.78	252.78
50	517085		321.298		302.732	302.732
50	182276		449.811		253.343	253.343
50	521406		318.71		302.72	302.72
50	183173		443.642		252.803	252.803
50	521292		318.731		303.904	303.904
50	182360		448.189		252.122	252.122
50	514366		322.326		305.152	305.152
50	180466		464.141		253.285	253.285
50	518945		319.999		303.256	303.256
50	178804		476.871		251.333	251.333
50	520044		316.959		304.42	304.42
50	177822		487.12		252.38	252.38
50	524475		318.111		302.348	302.348
50	178572		481.23		251.22	251.22
50	524475		318.111		303.301	303.301
50	177849		488.545		252.538	252.538
50	506989		331.39		301.742	301.742
50	176005		503.763		251.149	251.149
50	504074		332.883		303.342	303.342
50	175865		506.049		252.823	252.823
50	506664		321.297		303.77	303.77
50	175639		507.986		251.288	251.288
50	510513		320.514		304.208	304.208
50	176024		503.944		251.395	251.395
50	503490		320.052		304.945	304.945
50	176199		502.995		252.483	252.483
50	507395		317.748		303.907	303.907
50	176637		500.237		251.668	251.668
50	514740		318.884		304.594	304.594
50	177942		487.787		252.083	252.083
50	504641		320.174		304.38	304.38
50	176991		494.398		252.283	252.283
50	507502		318.902		303.116	303.116
50	177676		488.59		252.683	252.683
50	502773		318.768		303.786	303.786
50	177634		489.2		253.642	253.642
50	502847		317.218		303.907	303.907
50	178409		480.16		253.04	253.04
50	502911		317.059		304.015	304.015
50	177863		486.94		253.621	253.621
50	501597		313.875		304.119	304.119
50	177694		488.372		254.102	254.102
50	489561		317.69		302.968	302.968
50	177859		487.545		253.586	253.586
50	485794		317.173		303.289	303.289
50	178300		485.698		253.904	253.904
50	500034		312.118		301.486	301.486
50	176933		499.167		253.147	253.147
50	505457		313.868		302.751	302.751
50	177183		498.224		254.21	254.21
50	502381		313.224		302.531	302.531
50	177072		498.85		254.117	254.117
50	501325		313.606		303.681	303.681
50	176923		500.336		253.823	253.823
50	495319		315.141		302.656	302.656
50	176525		503.216		253.301	253.301
50	489290		320.021		303.241	303.241
50	177187		495.21		254.47	254.47
50	494577		318.299		303.304	303.304
50	177190		495.614		254.644	254.644
50	492230		318.934		301.985	301.985
50	175741		507.341		251.866	251.866
50	488501		322.096		303.515	303.515
50	173820		529.655		255.034	255.034
50	496801		320.931		301.77	301.77
50	175266		515.896		252.845	252.845
50	492335		322.674		303	303
50	173972		529.952		255.102	255.102
50	500595		319.948		301.962	301.962
50	173344		538.095		254.303	254.303
50	492781		322.308		302.883	302.883
50	173686		531.385		255.565	255.565
50	488799		321.986		302.503	302.503
50	173444		535.055		254.409	254.409
50	487244		322.393		303.022	303.022
50	173042		540.723		255.448	255.448
50	489978		319.753		304.029	304.029
50	172774		544.406		254.288	254.288
50	489013		320.047		303.436	303.436
50	173181		541.553		253.591	253.591
50	485105		321.624		304.266	304.266
50	172768		547.645		254.819	254.819
50	483910		321.974		304.014	304.014
50	172420		551.011		252.652	252.652
50	476228		326.118		305.268	305.268
50	172088		554.904		253.675	253.675
50	494533		322.039		304.576	304.576
50	171933		556.073		253.274	253.274
50	488226		323.859		305.049	305.049
50	171734		556.282		254.07	254.07
50	497803		318.719		305.397	305.397
50	170919		567.345		253.149	253.149
50	513943		315.016		304.566	304.566
50	172103		554.431		252.241	252.241
50	504520		320.269		305.979	305.979
50	172251		551.633		252.651	252.651
50	512353		319.688		304.896	304.896
50	173275		542.277		252.268	252.268
50	498127		324.663		305.866	305.866
50	172616		549.066		253.206	253.206
50	508542		321.252		306.018	306.018
50	172649		551.246		250.989	250.989
50	491239		329.281		307.219	307.219
50	172134		560.805		252.532	252.532
50	491324		329.521		306.275	306.275
50	173267		548.6		252.694	252.694
50	478100		334.149		307.329	307.329
50	172969		553.31		253.652	253.652
50	481457		333.321		306.677	306.677
50	174569		537.184		252.113	252.113
50	480155		333.725		307.34	307.34
50	175096		529.312		252.961	252.961
50	484352		332.7		306.445	306.445
50	174582		533.989		251.796	251.796
50	485063		331.922		307.461	307.461
50	174722		532.321		253.161	253.161
50	490546		330.013		305.938	305.938
50	175865		520.898		252.456	252.456
50	514212		328.331		306.839	306.839
50	175179		529.256		253.659	253.659
50	518333		328.111		305.501	305.501
50	175706		524.238		252.902	252.902
50	506599		332.706		306.8	306.8
50	175834		522.438		254.01	254.01
50	504353		335.364		305.132	305.132
50	175786		522.82		253.398	253.398
50	505870		334.35		306.648	306.648
50	175503		524.779		254.33	254.33
50	505074		335.498		305.018	305.018
50	174194		539.974		253.106	253.106
50	498231		338.521		305.849	305.849
50	174342		539.151		255.036	255.036
50	493670		339.656		305.697	305.697
50	173764		543.31		254.07	254.07
50	497695		340.147		304.721	304.721
50	173844		544.864		253.564	253.564
50	498434		338.329		305.417	305.417
50	174818		533.597		254.395	254.395
50	502670		338.219		305.888	305.888
50	174925		529.742		252.96	252.96
50	173814		545.165		256.566	256.566
50	503764		337.979		302.153	302.153
50	506928		337.45		301.678	301.678
50	173674		550.024		256.605	256.605
50	173999		546.139		257.409	257.409
50	506642		337.411		303.462	303.462
50	514918		335.478		304.134	304.134
50	174249		546.835		257.871	257.871
50	511941		336.007		305.09	305.09
50	173973		550.99		257.026	257.026
50	507653		335.602		305.411	305.411
50	173535		552.54		257.449	257.449
50	511231		336.232		304.171	304.171
50	173645		553.627		256.838	256.838
50	516205		334.782		305.451	305.451
50	172973		565.679		256.911	256.911
50	512348		335.659		303.562	303.562
50	172806		571.023		255.443	255.443
50	509527		337.323		305.11	305.11
50	172118		581.547		256.947	256.947
50	506269		338.348		303.439	303.439
50	172791		573.444		256.137	256.137
50	503672		339.07		304.246	304.246
50	174941		542.429		256.584	256.584
50	509140		337.475		302.747	302.747
50	174937		542.593		255.032	255.032
50	507607		338.479		303.632	303.632
50	175692		532.494		255.944	255.944
50	499637		340.866		302.442	302.442
50	176867		522.318		254.87	254.87
50	496797		343.028		304.129	304.129
50	174102		558.488		256.56	256.56
50	496797		343.029		303.57	303.57
50	173180		568.641		255.737	255.737
50	496974		343.034		303.358	303.358
50	173341		566.407		255.221	255.221
50	496685		344.014		305.165	305.165
50	174129		557.663		256.028	256.028
