1.89196e-07 1.79984e-07 0.202731 307200 165 1.356e-06
1.91921e-07 2.13476e-07 0.242598 307200 165 1.347e-06
1.85965e-07 2.16344e-07 0.117662 307200 42 1.573e-06
1.5534e-07 1.97416e-07 0.0945713 307200 42 1.38e-06
1.5291e-07 2.19466e-07 0.108583 307200 55 1.93e-06
1.38093e-07 2.09951e-07 0.116418 307200 55 1.849e-06
1.32482e-07 2.09893e-07 0.0931627 307200 48 1.329e-06
1.19907e-07 1.99343e-07 0.0885561 307200 48 1.368e-06
1.20237e-07 1.98076e-07 0.0824303 307200 50 1.249e-06
1.12114e-07 1.86924e-07 0.0791958 307200 50 1.436e-06
1.12577e-07 1.90688e-07 0.0874632 307200 50 1.305e-06
1.22669e-07 1.91869e-07 0.114693 307200 50 1.486e-06
1.15226e-07 1.80011e-07 0.107107 307200 50 5.964e-06
1.24539e-07 1.79157e-07 0.088735 307200 50 1.334e-06
1.14937e-07 1.68776e-07 0.0958951 307200 50 1.778e-06
1.25263e-07 1.69738e-07 0.0986931 307200 50 4.665e-06
1.16439e-07 1.6609e-07 0.10613 307200 50 1.603e-06
1.26332e-07 1.63807e-07 0.10005 307200 50 1.543e-06
1.17206e-07 1.59906e-07 0.103138 307200 50 1.93e-06
1.28119e-07 1.67785e-07 0.103435 307200 50 2.408e-06
1.16752e-07 1.58188e-07 0.100314 307200 50 1.323e-06
1.31205e-07 1.61822e-07 0.102893 307200 50 1.295e-06
1.11676e-07 1.50256e-07 0.0828965 307200 50 1.424e-06
1.21758e-07 1.48749e-07 0.0694609 307200 50 1.248e-06
1.14745e-07 1.44854e-07 0.113114 307200 50 1.317e-06
1.25201e-07 1.65937e-07 0.110019 307200 50 1.32e-06
1.14237e-07 1.32168e-07 0.0974625 307200 50 1.785e-06
1.21948e-07 1.5539e-07 0.0758114 307200 50 2.079e-06
1.02095e-07 1.39196e-07 0.0878402 307200 50 2.296e-06
1.16317e-07 1.58816e-07 0.0945209 307200 50 1.466e-06
9.80506e-08 1.32046e-07 0.0750441 307200 50 1.089e-06
1.11739e-07 1.74324e-07 0.109977 307200 50 1.256e-06
1.11432e-07 1.50327e-07 0.124262 307200 50 1.451e-06
1.06671e-07 1.64025e-07 0.0751912 307200 50 3.961e-06
1.0891e-07 1.74984e-07 0.122686 307200 50 4.865e-06
1.00206e-07 1.71832e-07 0.0990249 307200 50 1.311e-06
1.06005e-07 1.84176e-07 0.105679 307200 50 1.613e-06
9.72153e-08 1.84311e-07 0.110736 307200 50 1.15e-06
1.02973e-07 1.89817e-07 0.105577 307200 50 1.543e-06
9.81345e-08 1.90882e-07 0.10482 307200 50 1.344e-06
1.0158e-07 1.93881e-07 0.102067 307200 50 1.751e-06
9.5951e-08 1.92111e-07 0.0983588 307200 50 1.096e-05
1.05745e-07 2.14708e-07 0.131072 307200 50 1.531e-06
1.17057e-07 1.97248e-07 0.149387 307200 50 4.141e-06
1.10256e-07 1.91473e-07 0.101313 307200 50 1.482e-06
1.11616e-07 1.84901e-07 0.080417 307200 50 5.78e-06
1.10523e-07 1.86528e-07 0.0963578 307200 50 1.374e-06
1.09138e-07 2.05127e-07 0.116658 307200 50 1.765e-06
1.14658e-07 1.97202e-07 0.111279 307200 50 1.682e-06
1.1828e-07 2.13971e-07 0.137 307200 50 1.207e-06
1.19394e-07 1.83973e-07 0.101942 307200 50 1.552e-06
1.13369e-07 1.94346e-07 0.0765466 307200 50 1.774e-06
1.18698e-07 2.00804e-07 0.122707 307200 50 1.09e-06
1.08654e-07 2.01846e-07 0.109564 307200 50 1.28e-06
1.13505e-07 2.04113e-07 0.104219 307200 50 2.005e-06
1.0139e-07 2.0423e-07 0.102448 307200 50 1.143e-06
1.13323e-07 1.95073e-07 0.085564 307200 50 1.924e-06
9.73187e-08 1.94873e-07 0.0875713 307200 50 3.961e-06
1.09003e-07 2.05892e-07 0.115786 307200 50 1.388e-06
9.03844e-08 1.98173e-07 0.104778 307200 50 1.828e-06
1.09803e-07 1.94599e-07 0.0830532 307200 50 1.935e-06
9.00558e-08 1.89707e-07 0.0870769 307200 50 1.539e-06
1.07949e-07 1.9928e-07 0.104224 307200 50 1.894e-06
8.66293e-08 1.84993e-07 0.0895897 307200 50 1.923e-06
1.14398e-07 2.04837e-07 0.109941 307200 50 2.55e-06
8.65969e-08 1.93461e-07 0.142349 307200 50 2.02e-06
1.22542e-07 1.87674e-07 0.103325 307200 50 1.811e-06
8.53881e-08 1.78422e-07 0.0979336 307200 50 1.035e-06
1.17083e-07 1.8083e-07 0.0843759 307200 50 2.879e-06
8.55744e-08 1.87814e-07 0.109629 307200 50 3.174e-06
1.09602e-07 1.62975e-07 0.0651464 307200 50 1.393e-06
1.04107e-07 1.66181e-07 0.0942247 307200 50 1.704e-06
9.25443e-08 2.10052e-07 0.13079 307200 50 1.244e-06
9.38262e-08 2.15259e-07 0.112458 307200 50 1.378e-06
1.03138e-07 1.81113e-07 0.111623 307200 50 1.73e-06
9.1737e-08 2.11662e-07 0.102503 307200 50 4.124e-06
9.82099e-08 1.78242e-07 0.0904428 307200 50 1.686e-06
8.78084e-08 2.1042e-07 0.0960305 307200 50 1.5027e-05
9.88018e-08 1.85608e-07 0.106237 307200 50 1.677e-06
9.07616e-08 2.13013e-07 0.105691 307200 50 1.895e-06
1.12618e-07 2.0015e-07 0.14193 307200 50 1.797e-06
1.01451e-07 1.89348e-07 0.105265 307200 50 1.439e-06
1.20069e-07 1.85669e-07 0.101158 307200 50 1.584e-06
9.59165e-08 1.79877e-07 0.0812886 307200 50 6.869e-06
1.13484e-07 1.79858e-07 0.0867999 307200 50 1.389e-06
9.20473e-08 1.76539e-07 0.0897683 307200 50 1.442e-06
1.30157e-07 1.63794e-07 0.124267 307200 50 1.923e-06
9.31218e-08 1.67761e-07 0.0795557 307200 50 1.352e-06
1.27141e-07 1.80972e-07 0.113164 307200 50 1.393e-06
8.96834e-08 1.7954e-07 0.107991 307200 50 2.993e-06
1.22337e-07 1.87259e-07 0.105107 307200 50 3.003e-06
8.8309e-08 1.7836e-07 0.0904638 307200 50 2.154e-06
1.22043e-07 1.95546e-07 0.106765 307200 50 5.341e-06
8.61209e-08 1.82211e-07 0.102771 307200 50 1.316e-06
1.28126e-07 2.10158e-07 0.121904 307200 50 1.349e-06
8.32265e-08 1.91179e-07 0.109686 307200 50 1.77e-06
1.23274e-07 2.15615e-07 0.110029 307200 50 1.143e-06
7.99237e-08 1.96923e-07 0.105945 307200 50 1.818e-06
1.18667e-07 2.09068e-07 0.0943381 307200 50 4.797e-06
7.63072e-08 1.94022e-07 0.0935208 307200 50 1.173e-06
1.1635e-07 2.09923e-07 0.103494 307200 50 1.348e-06
7.75364e-08 1.99572e-07 0.108583 307200 50 3.844e-06
8.05132e-08 1.97285e-07 0.0813747 307200 50 1.283e-06
6.90528e-08 1.97267e-07 0.0978141 307200 50 1.158e-06
-1.18964e-07 1.93929e-07 0.0942943 307200 50 1.183e-06
-7.75275e-09 2.10379e-07 0.120065 307200 50 1.684e-06
-7.75099e-08 1.9179e-07 0.0938579 307200 50 1.256e-06
1.21184e-08 2.17405e-07 0.112819 307200 50 2.779e-06
-2.03384e-08 1.94073e-07 0.140143 307200 50 6.25e-06
2.55288e-08 1.97274e-07 0.0740136 307200 50 1.341e-06
1.25413e-08 2.03967e-07 0.112163 307200 50 1.777e-06
3.86481e-08 1.97671e-07 0.0981319 307200 50 1.601e-06
3.15395e-08 2.12671e-07 0.112932 307200 50 3.972e-06
4.64636e-08 2.02642e-07 0.107752 307200 50 1.305e-06
5.04997e-08 2.09352e-07 0.101073 307200 50 1.79e-06
5.73982e-08 1.95293e-07 0.0884516 307200 50 1.729e-06
7.79551e-08 2.17689e-07 0.118073 307200 50 1.552e-06
9.23055e-08 2.06797e-07 0.164556 307200 50 1.516e-06
9.33498e-08 1.99812e-07 0.105662 307200 50 1.706e-06
1.01445e-07 2.12595e-07 0.110978 307200 50 1.554e-06
9.04026e-08 1.79583e-07 0.0676639 307200 50 1.481e-06
9.82615e-08 2.17035e-07 0.108774 307200 50 1.504e-06
8.5915e-08 1.7559e-07 0.0856902 307200 50 1.764e-06
8.54066e-08 1.84334e-07 0.104152 307200 50 1.222e-06
1.00492e-07 2.21858e-07 0.113765 307200 50 9.723e-06
8.9174e-08 1.91313e-07 0.106205 307200 50 1.735e-06
9.75147e-08 2.2121e-07 0.10712 307200 50 1.306e-06
9.19409e-08 1.88522e-07 0.0916603 307200 50 1.255e-06
9.31411e-08 2.11394e-07 0.09078 307200 50 2.491e-06
9.39262e-08 1.85003e-07 0.0895022 307200 50 1.427e-06
1.12907e-07 1.98391e-07 0.128692 307200 50 1.734e-06
1.06288e-07 1.71228e-07 0.0950833 307200 50 1.593e-06
1.15095e-07 1.89141e-07 0.084248 307200 50 1.762e-06
1.25154e-07 1.58489e-07 0.123405 307200 50 7.854e-06
1.25958e-07 1.73745e-07 0.104508 307200 50 1.39e-06
1.30591e-07 1.4555e-07 0.0934616 307200 50 1.593e-06
1.19793e-07 1.5938e-07 0.0702373 307200 50 1.965e-06
1.30656e-07 1.59064e-07 0.104736 307200 50 3.428e-06
1.1106e-07 1.64348e-07 0.0962759 307200 50 1.156e-06
1.24064e-07 1.75847e-07 0.114 307200 50 1.644e-06
1.06741e-07 1.71916e-07 0.104059 307200 50 1.355e-06
1.22177e-07 1.85052e-07 0.107895 307200 50 4.969e-06
1.01938e-07 1.80795e-07 0.10587 307200 50 1.449e-06
1.11907e-07 1.91527e-07 0.105709 307200 50 9.97e-07
1.20395e-07 1.79431e-07 0.128914 307200 50 1.496e-06
1.23454e-07 1.7348e-07 0.103729 307200 50 1.838e-06
1.28017e-07 1.65731e-07 0.0919527 307200 50 1.373e-06
1.17315e-07 1.61024e-07 0.0733131 307200 50 1.366e-06
1.33522e-07 1.58332e-07 0.095857 307200 50 1.319e-06
1.14064e-07 1.59009e-07 0.0862073 307200 50 1.189e-06
1.32168e-07 1.55853e-07 0.095306 307200 50 5.555e-06
1.32302e-07 1.53817e-07 0.123022 307200 50 1.036e-06
1.216e-07 1.53857e-07 0.0855121 307200 50 2.19e-06
1.26284e-07 1.54864e-07 0.0868967 307200 50 1.58e-06
1.27034e-07 1.45265e-07 0.0989569 307200 50 1.363e-06
1.3243e-07 1.45024e-07 0.0964589 307200 50 1.363e-06
1.34833e-07 1.35258e-07 0.102087 307200 50 1.474e-06
1.35e-07 1.5562e-07 0.10017 307200 50 1.919e-06
1.24978e-07 1.30801e-07 0.0718732 307200 50 1.261e-06
1.35234e-07 1.58289e-07 0.0916342 307200 50 1.604e-06
1.31195e-07 1.31997e-07 0.107749 307200 50 1.713e-06
1.26285e-07 1.52076e-07 0.0775092 307200 50 1.408e-06
1.2029e-07 1.38992e-07 0.08766 307200 50 1.871e-06
1.22473e-07 1.62641e-07 0.0987498 307200 50 1.309e-06
1.27316e-07 1.33199e-07 0.0986857 307200 50 1.457e-06
1.27765e-07 1.49518e-07 0.0893359 307200 50 1.36e-06
1.24955e-07 1.35289e-07 0.0812039 307200 50 1.428e-06
1.1994e-07 1.47061e-07 0.0815609 307200 50 1.252e-06
1.2512e-07 1.48654e-07 0.102169 307200 50 1.302e-06
1.32835e-07 1.60026e-07 0.12024 307200 50 1.482e-06
1.35205e-07 1.3938e-07 0.103208 307200 50 1.369e-06
1.35662e-07 1.54931e-07 0.0887601 307200 50 1.552e-06
1.34125e-07 1.32782e-07 0.0835137 307200 50 1.147e-06
1.44538e-07 1.5274e-07 0.104112 307200 50 1.876e-06
1.44265e-07 1.26572e-07 0.113022 307200 50 1.205e-06
1.51278e-07 1.43712e-07 0.114284 307200 50 1.634e-06
1.50865e-07 1.25761e-07 0.116098 307200 50 1.697e-06
1.48417e-07 1.43226e-07 0.0870343 307200 50 1.328e-06
1.49843e-07 1.20134e-07 0.0894555 307200 50 1.332e-06
1.49784e-07 1.37377e-07 0.0931073 307200 50 1.596e-06
1.43538e-07 1.29993e-07 0.0921613 307200 50 1.533e-06
1.37324e-07 1.34221e-07 0.076218 307200 50 1.777e-06
1.39088e-07 1.27442e-07 0.0845916 307200 50 1.349e-06
1.40289e-07 1.29156e-07 0.0920135 307200 50 1.253e-06
1.40908e-07 1.2594e-07 0.091614 307200 50 3.633e-06
1.34164e-07 1.27404e-07 0.0736125 307200 50 4.664e-06
1.37642e-07 1.57057e-07 0.12663 307200 50 9.7e-07
1.24392e-07 1.38359e-07 0.0977675 307200 50 1.517e-06
1.18537e-07 1.4589e-07 0.0922787 307200 50 1.642e-06
1.2601e-07 1.62722e-07 0.0967825 307200 50 1.583e-06
1.19517e-07 1.75891e-07 0.128256 307200 50 1.524e-06
1.20996e-07 1.80901e-07 0.117668 307200 50 1.275e-06
1.21455e-07 1.84067e-07 0.105823 307200 50 1.504e-06
1.12636e-07 1.78867e-07 0.092676 307200 50 1.539e-06
1.18125e-07 1.87981e-07 0.102134 307200 50 2.095e-06
1.25087e-07 1.80061e-07 0.129248 307200 50 1.203e-06
1.18878e-07 1.68929e-07 0.0756667 307200 50 1.307e-06
1.31406e-07 1.68475e-07 0.101332 307200 50 1.278e-06
1.27091e-07 1.54195e-07 0.0951792 307200 50 1.347e-06
1.33178e-07 1.57476e-07 0.0920166 307200 50 1.48e-06
1.21951e-07 1.42484e-07 0.0691606 307200 50 1.347e-06
1.28237e-07 1.60021e-07 0.0910092 307200 50 1.529e-06
1.17715e-07 1.5267e-07 0.0994831 307200 50 1.653e-06
1.26205e-07 1.63197e-07 0.0909676 307200 50 1.508e-06
1.13754e-07 1.57152e-07 0.0916286 307200 50 1.218e-06
1.24428e-07 1.78661e-07 0.110951 307200 50 1.468e-06
1.32057e-07 1.77464e-07 0.149501 307200 50 1.279e-06
1.27151e-07 1.70963e-07 0.0885966 307200 50 1.598e-06
1.27908e-07 1.66398e-07 0.0768613 307200 50 1.979e-06
1.3023e-07 1.86762e-07 0.117112 307200 50 1.333e-06
1.19489e-07 1.76605e-07 0.107247 307200 50 1.739e-06
1.28522e-07 1.9066e-07 0.100832 307200 50 1.526e-06
1.15649e-07 1.75432e-07 0.0922735 307200 50 1.73e-06
1.27952e-07 1.88353e-07 0.0989028 307200 50 1.519e-06
1.23222e-07 1.72195e-07 0.110841 307200 50 1.396e-06
1.3703e-07 1.69646e-07 0.104366 307200 50 5.988e-06
1.32327e-07 1.61693e-07 0.1067 307200 50 1.745e-06
1.45339e-07 1.57143e-07 0.106295 307200 50 9.49e-06
1.38163e-07 1.5797e-07 0.102254 307200 50 2.248e-06
1.48482e-07 1.47185e-07 0.0982738 307200 50 4.806e-06
1.46947e-07 1.46158e-07 0.107213 307200 50 1.392e-06
1.48449e-07 1.39857e-07 0.0905748 307200 50 1.184e-06
1.35424e-07 1.3815e-07 0.072564 307200 50 1.457e-06
inf 1.54665e-07 0.106393 307200 50 1.38e-06
1.26224e-07 1.42651e-07 0.0900666 307200 50 1.508e-06
inf 1.58908e-07 0.0939529 307200 50 1.541e-06
1.18884e-07 1.4347e-07 0.0844862 307200 50 1.551e-06
inf 1.64827e-07 0.0953453 307200 50 1.229e-06
1.15394e-07 1.56216e-07 0.101226 307200 50 1.805e-06
inf 1.65291e-07 0.0892766 307200 50 1.358e-06
1.10108e-07 1.46649e-07 0.0725548 307200 50 3.749e-06
inf 1.7777e-07 0.107913 307200 50 1.527e-06
1.27231e-07 1.56515e-07 0.138122 307200 50 1.142e-06
inf 1.62937e-07 0.0847628 307200 50 1.328e-06
1.25712e-07 1.52121e-07 0.0809759 307200 50 1.342e-06
inf 1.54956e-07 0.0752887 307200 50 1.303e-06
1.18581e-07 1.6058e-07 0.0974467 307200 50 1.902e-06
inf 1.80057e-07 0.122594 307200 50 1.471e-06
1.13055e-07 1.53236e-07 0.0775285 307200 50 1.245e-06
inf 1.87648e-07 0.106715 307200 50 1.673e-06
1.04282e-07 1.61954e-07 0.102886 307200 50 1.231e-06
inf 1.79597e-07 0.0831663 307200 50 1.391e-06
9.94825e-08 1.53434e-07 0.0736989 307200 50 8.418e-06
inf 1.82354e-07 0.098541 307200 50 1.442e-06
-0.320545 1.54527e-07 0.0854747 307200 50 1.722e-06
inf 1.91268e-07 0.106606 307200 50 4.762e-06
-0.572525 1.61605e-07 0.095203 307200 50 1.269e-06
inf 1.99616e-07 0.108334 307200 50 1.234e-06
-0.45802 1.7598e-07 0.109647 307200 50 1.442e-06
inf 2.04293e-07 0.107469 307200 50 1.662e-06
-0.366416 1.76685e-07 0.0947625 307200 50 1.271e-06
inf 2.13089e-07 0.114738 307200 50 6.28e-06
-0.293133 1.88116e-07 0.109513 307200 50 2.514e-06
inf 2.10176e-07 0.0991238 307200 50 1.612e-06
-0.234506 1.93351e-07 0.104662 307200 50 1.472e-06
-0.187605 1.94597e-07 0.0991071 307200 50 1.479e-06
inf 2.2006e-07 0.119552 307200 50 1.402e-06
-0.150084 2.03441e-07 0.113491 307200 50 1.682e-06
inf 2.12297e-07 0.0956158 307200 50 1.107e-06
-0.120067 1.96038e-07 0.0905889 307200 50 2.956e-06
inf 2.03524e-07 0.0912136 307200 50 3.616e-06
-0.0960537 1.97813e-07 0.10332 307200 50 1.314e-06
inf 1.91895e-07 0.0836551 307200 50 1.599e-06
-0.0768429 1.98719e-07 0.100996 307200 50 1.609e-06
inf 1.87555e-07 0.0907077 307200 50 1.529e-06
inf 1.88547e-07 0.0968922 307200 50 4.705e-06
-0.0614743 1.98396e-07 0.0986866 307200 50 1.28e-06
-0.0491794 2.02563e-07 0.105729 307200 50 1.582e-06
inf 1.96395e-07 0.110247 307200 50 1.341e-06
-0.0393435 1.88691e-07 0.0825501 307200 50 1.126e-06
inf 1.79141e-07 0.0709446 307200 50 1.178e-06
-0.0314748 1.84363e-07 0.0892969 307200 50 1.548e-06
inf 1.74047e-07 0.104678 307200 50 1.33e-06
-0.0251798 1.72862e-07 0.0767554 307200 50 2.004e-06
inf 1.83055e-07 0.104557 307200 50 1.773e-06
-0.0201438 1.58232e-07 0.0675344 307200 50 1.416e-06
inf 1.92415e-07 0.107978 307200 50 1.266e-06
-0.0161151 1.72845e-07 0.110371 307200 50 3.38e-06
inf 2.01231e-07 0.109746 307200 50 1.346e-06
-0.012892 1.73313e-07 0.0926261 307200 50 1.45e-06
inf 1.97095e-07 0.0947142 307200 50 1.332e-06
-0.0103136 1.70434e-07 0.0871609 307200 50 1.697e-06
inf 2.09573e-07 0.119247 307200 50 1.238e-06
-0.00825085 1.74148e-07 0.131027 307200 50 2.225e-06
inf 1.91218e-07 0.102031 307200 50 3.888e-06
-0.00660065 1.5919e-07 0.105036 307200 50 4.737e-06
inf 1.98892e-07 0.114809 307200 50 2.013e-06
-0.00528048 1.53946e-07 0.111815 307200 50 1.433e-06
inf 1.77151e-07 0.0996232 307200 50 1.388e-06
-0.00422435 1.41888e-07 0.108593 307200 50 1.606e-06
inf 1.78817e-07 0.0952318 307200 50 1.27e-06
-0.00337946 1.62195e-07 0.111765 307200 50 1.84e-06
inf 1.72386e-07 0.124902 307200 50 1.564e-06
-0.00270354 1.52223e-07 0.069193 307200 50 1.299e-06
inf 1.79485e-07 0.102755 307200 50 1.476e-06
-0.00216282 1.61619e-07 0.0987887 307200 50 1.725e-06
inf 1.90316e-07 0.108671 307200 50 1.335e-06
-0.00173024 1.78339e-07 0.112872 307200 50 1.536e-06
inf 1.9789e-07 0.109407 307200 50 1.252e-06
-0.00138417 1.7848e-07 0.0948872 307200 50 1.829e-06
inf 1.99579e-07 0.100363 307200 50 2.533e-06
-0.00110732 1.8389e-07 0.10042 307200 50 1.593e-06
inf 2.05521e-07 0.109372 307200 50 1.855e-06
-0.000885835 1.86956e-07 0.10014 307200 50 1.252e-06
-0.000708637 1.94924e-07 0.107573 307200 50 1.304e-06
inf 2.10233e-07 0.109957 307200 50 1.174e-06
-0.000566885 2.01766e-07 0.107992 307200 50 1.366e-06
inf 2.12788e-07 0.108755 307200 50 1.246e-06
0.497329 1.98159e-07 0.0970971 307200 50 1.884e-06
inf 1.96505e-07 0.11946 307200 50 1.59e-06
0.887444 1.75801e-07 0.0733359 307200 50 1.369e-06
inf 1.94178e-07 0.0961177 307200 50 8.501e-06
0.709955 2.02789e-07 0.134778 307200 50 1.254e-06
inf 1.82637e-07 0.0787799 307200 50 1.938e-06
0.567964 2.02402e-07 0.10192 307200 50 1.356e-06
inf 1.85921e-07 0.0977512 307200 50 1.287e-06
0.454371 1.96493e-07 0.0930989 307200 50 1.509e-06
inf 1.76117e-07 0.080866 307200 50 1.189e-06
inf 1.82275e-07 0.100035 307200 50 1.334e-06
0.363497 2.13979e-07 0.127258 307200 50 3.296e-06
inf 1.92147e-07 0.10898 307200 50 1.301e-06
0.290798 2.20223e-07 0.146968 307200 50 1.564e-06
inf 1.75133e-07 0.104604 307200 50 1.634e-06
0.232638 2.15447e-07 0.0989112 307200 50 4.606e-06
inf 1.61343e-07 0.0988116 307200 50 4.287e-06
inf 1.98737e-07 0.0777209 307200 50 1.288e-06
inf 1.6169e-07 0.0883709 307200 50 1.287e-06
inf 1.87999e-07 0.0848344 307200 50 1.577e-06
inf 1.64146e-07 0.0924961 307200 50 1.445e-06
inf 1.7805e-07 0.0790512 307200 50 1.886e-06
inf 1.7638e-07 0.106063 307200 50 1.277e-06
inf 1.80668e-07 0.0966187 307200 50 1.772e-06
inf 1.78949e-07 0.0972281 307200 50 1.68e-06
inf 1.80974e-07 0.0937391 307200 50 1.175e-06
