2.29157e+07		5708.26		10650.5
1.84435e+07		7431.88		8169.01
2.38178e+07		5618.54		13444.5
1.87809e+07		7341.9		11188
2.62766e+07		5395.97		15267.4
2.27323e+07		6515.35		13959.9
2.69944e+07		5342.73		15787.4
2.33169e+07		6431.62		13944.7
2.69944e+07		5342.73		16066.4
2.18092e+07		6668.06		14124.8
2.69801e+07		5344.15		16448
2.15719e+07		6709.98		14486.3
2.95658e+07		5180.56		16454.1
2.3099e+07		6462.79		15321.9
3.00039e+07		5157.46		16773.1
2.37165e+07		6377.79		15698.5
3.03591e+07		5138.45		16783.7
2.24273e+07		6562.7		15337
3.15505e+07		5076.43		16082.4
2.30238e+07		6473.69		15007.7
3.10261e+07		5101.25		15354.9
2.37876e+07		6368.41		14601.4
3.07175e+07		5116.32		15308.4
2.35191e+07		6404.36		14794
2.99648e+07		5158.63		15372.4
2.38497e+07		6360.2		15225.9
2.93112e+07		5195.29		15310.3
2.26779e+07		6524.87		14435.8
2.85397e+07		5240.78		15040.7
2.36104e+07		6392		14827
2.77682e+07		5289.95		14998.5
2.27461e+07		6514.15		14940.9
2.72839e+07		5322.79		15009.6
2.33941e+07		6421.3		15212
2.71522e+07		5332.06		15182.8
2.30988e+07		6462.78		15143.7
2.75152e+07		5307.09		15134.7
2.23708e+07		6571.06		15002.8
2.7334e+07		5319.47		15128.9
2.2659e+07		6527.16		15151.8
2.75753e+07		5303.07		15534.2
2.31383e+07		6457.1		15840.3
2.77947e+07		5288.21		15461.4
2.33095e+07		6433.06		15930.8
2.35219e+07		6403.91		16113.8
2.68821e+07		5351.19		15707.7
2.35193e+07		6404.29		15722.4
2.72665e+07		5324.12		15966.7
2.35277e+07		6403.18		15932.5
2.72654e+07		5324.07		15219.4
2.33638e+07		6425.69		15920.5
2.71719e+07		5330.56		15465.3
2.3563e+07		6398.49		15644.4
2.71635e+07		5331.12		15508.6
2.3153e+07		6455.31		15614.6
2.70624e+07		5338.25		15433.4
2.3008e+07		6476.31		16225.5
2.74273e+07		5313.02		15950.1
2.26413e+07		6530.94		16067.8
2.72729e+07		5323.68		16201.9
2.21999e+07		6599.46		15987.7
2.75036e+07		5307.88		15757.9
2.24921e+07		6553.16		15693.9
2.78377e+07		5285.48		15705.3
2.21535e+07		6606.08		16352.8
2.81186e+07		5267.35		16029.4
2.19858e+07		6633.68		16416.7
2.78866e+07		5282.52		15594.6
2.19896e+07		6633.16		16571.6
2.2154e+07		6605.91		17053
2.81684e+07		5264.21		16156.9
2.75224e+07		5306.66		16129.2
2.21348e+07		6609.14		16339.9
2.68366e+07		5354.55		16280.5
2.21136e+07		6612.94		16395.8
2.69396e+07		5347.2		16706.5
2.20745e+07		6619.64		16700.6
2.50616e+07		5494.67		17366.8
2.23072e+07		6581.9		16550.1
2.52469e+07		5478.77		17596.8
2.24236e+07		6563.29		16823.4
2.52524e+07		5478.3		17338
2.21739e+07		6602.67		17213.6
2.48627e+07		5512.05		17177.8
2.19953e+07		6631.99		17388.9
2.49079e+07		5508.03		17337.3
2.20223e+07		6627.59		17218.7
2.51334e+07		5488.45		17390.3
2.20094e+07		6629.86		16864.9
2.52596e+07		5477.69		17578.5
2.18295e+07		6660.05		16215.9
2.57478e+07		5437.44		17325.7
2.18297e+07		6660.03		16677.6
2.57859e+07		5434.38		17114.3
2.19517e+07		6639.61		16371
2.58e+07		5433.25		17147.8
2.1729e+07		6677.46		15850.7
2.54564e+07		5461.2		16845.8
2.21434e+07		6294.78		16106.6
2.21805e+07		6724.09		16958.6
-2.44192e+07		1456.06		16013.6
7.08272e+07		2953.25		16885
-2.61627e+06		358.744		15400.4
-7.35329e+06		792.181		16487.7
2.03266e+07		7443.82		16115.8
2.07582e+07		7601.88		16785.7
2.03389e+07		7448.33		16251.4
2.07382e+07		7594.56		17131.2
2.02476e+07		7414.89		16285.4
2.09274e+07		7663.83		17584.6
2.02476e+07		7414.89		16280.9
2.09489e+07		7671.71		17632.1
2.01295e+07		7371.65		16276.9
2.09489e+07		7671.71		17706.3
2.01295e+07		7371.65		16242.3
2.08787e+07		7645.99		17640.8
2.03088e+07		7437.3		16313.7
2.08649e+07		7640.94		16721.9
2.02645e+07		7421.08		15891.6
2.08649e+07		7640.94		16832.4
2.03275e+07		7444.15		16829.7
2.03379e+07		7447.97		16946.4
2.088e+07		7646.48		17199.1
2.03503e+07		7452.51		17414.8
2.08801e+07		7646.53		17697.1
2.05082e+07		7510.33		16699.2
2.08693e+07		7642.58		17471.9
2.05082e+07		7510.33		16657.8
2.08693e+07		7642.58		17452.5
2.06848e+07		7575.01		16867.8
2.09748e+07		7681.2		17511.6
2.06848e+07		7575.01		17072.1
2.09748e+07		7681.2		17260.6
2.05056e+07		7509.38		17092
2.11862e+07		7758.63		17405.6
2.05056e+07		7509.38		16231.1
2.11862e+07		7758.63		17777.3
2.05056e+07		7509.38		16042.6
2.14274e+07		7846.96		18242.2
2.0774e+07		7607.68		16470.9
2.14274e+07		7846.96		18199.1
2.07805e+07		7610.06		16561.2
2.15048e+07		7875.31		18757.4
2.07805e+07		7610.06		17053.4
2.15181e+07		7880.18		18791.4
2.07805e+07		7610.06		16817.9
2.15181e+07		7880.18		18507.8
2.0437e+07		7484.24		16526.5
2.15181e+07		7880.18		18141.6
2.0437e+07		7484.24		16411.2
2.13661e+07		7824.49		18033.5
2.02871e+07		7429.36		16579.8
2.13661e+07		7824.49		17347.5
2.02871e+07		7429.36		16855.1
2.15414e+07		7888.68		17646.5
2.04365e+07		7484.08		17039.3
2.16231e+07		7918.61		17522.8
2.03939e+07		7468.48		17146.7
2.16177e+07		7916.64		18057.4
2.03939e+07		7468.48		17346.5
2.17284e+07		7957.19		17887
2.02897e+07		7430.31		17254.5
2.17621e+07		7969.51		18054.9
2.04717e+07		7496.96		17278.9
2.18093e+07		7986.79		16912.6
2.04717e+07		7496.96		16427.1
2.16505e+07		7928.66		16794.4
2.04717e+07		7496.96		16624
2.17136e+07		7951.76		17126.3
2.04717e+07		7496.96		17092.2
2.1813e+07		7988.15		17388.4
2.04717e+07		7496.96		17516
2.18422e+07		7998.84		17405.4
2.12844e+07		7794.58		17135
2.18422e+07		7998.84		16759.7
2.12987e+07		7799.8		16976.3
2.18918e+07		8017.01		16998.2
2.12987e+07		7799.8		16831.9
2.19019e+07		8020.7		16991.8
2.12987e+07		7799.8		16766.1
2.17067e+07		7949.22		16285.2
2.1076e+07		7718.26		17150.7
2.16161e+07		7916.04		16280.1
2.1304e+07		7801.77		17455
2.16161e+07		7916.04		16677.3
2.13786e+07		7829.07		17382
2.13786e+07		7829.08		17189.9
2.17563e+07		7967.4		17585.6
2.13949e+07		7835.05		16975.5
2.16852e+07		7941.36		17043.1
2.13949e+07		7835.05		16331.8
2.16526e+07		7929.42		17101.9
2.13949e+07		7835.05		16872.6
2.17737e+07		7973.76		17373.6
2.13949e+07		7835.05		16575
2.17737e+07		7973.76		16971.6
2.13063e+07		7802.62		16940.6
2.17737e+07		7973.76		17734.3
2.12142e+07		7768.88		17336.9
2.17737e+07		7973.76		17673.6
2.12989e+07		7799.88		17661.5
2.17737e+07		7973.76		17767.2
2.12989e+07		7799.88		18237
2.16347e+07		7922.86		17739.1
2.11143e+07		7732.28		17553.4
2.16883e+07		7942.48		17093.6
2.11627e+07		7750.03		17357.3
2.16121e+07		7914.57		16094.8
2.10662e+07		7714.68		17240.8
2.16121e+07		7914.57		15895.3
2.10662e+07		7714.68		17129
2.16121e+07		7914.57		15929.1
2.10662e+07		7714.68		17242.9
2.12345e+07		7776.32		16036.5
2.12361e+07		7776.9		16860.1
2.12398e+07		7778.26		16940.1
2.1236e+07		7776.85		17061.3
2.12914e+07		7797.14		16607.2
2.1121e+07		7734.76		17549.4
2.12914e+07		7797.14		15817.4
2.10588e+07		7711.98		17770.2
-2.46765e-06		4.01635e-10		14756.6
2.10086e+07		7693.58		17609.3
2.11698e+07		7752.6		15017.7
2.10363e+07		7703.72		17813
2.09686e+07		7678.93		15509
2.09728e+07		7680.47		17458.9
2.07355e+07		7593.55		14744.4
2.09378e+07		7667.66		16974.4
2.06056e+07		7546.01		14929.7
2.09429e+07		7669.53		16699.8
2.07202e+07		7587.98		15341.1
2.09453e+07		7670.4		16976.5
2.07017e+07		7581.18		15595.9
2.09453e+07		7670.4		17122.4
2.06771e+07		7572.17		15452.9
2.09453e+07		7670.4		17055.9
2.06771e+07		7572.17		15062.8
2.09453e+07		7670.4		17511.4
2.06771e+07		7572.17		15180.6
2.0823e+07		7625.6		17706.7
2.00677e+07		7349.02		15526.6
8.70311e-06		-1.41652e-09		17595
2.01462e+07		7377.75		16025.7
8.70311e-06		-1.41652e-09		17835
2.01246e+07		7369.86		16411.4
2.10944e+07		7724.98		18539.6
2.03021e+07		7434.85		16557.1
2.12118e+07		7768		18643.7
2.03178e+07		7440.59		16587.3
2.12208e+07		7771.31		18840.3
2.03881e+07		7466.33		17026.8
2.12467e+07		7780.77		19237.9
2.12692e+07		7789		17939.1
2.03269e+07		7443.95		17079.7
2.12692e+07		7789		17333.2
2.03217e+07		7442.03		16400.6
2.12692e+07		7789		17105.4
2.02796e+07		7426.63		16710.6
2.12692e+07		7789		16939.7
2.02796e+07		7426.63		16541.5
2.10161e+07		7696.34		16961.3
2.02369e+07		7410.99		16834
2.02369e+07		7410.99		17269
2.10462e+07		7707.33		17233.2
2.09033e+07		7655.02		17202
2.02369e+07		7410.99		17235.3
2.0862e+07		7639.88		17056.9
2.03359e+07		7447.21		17364
2.0725e+07		7589.71		16670.7
2.03364e+07		7447.42		17853
2.05893e+07		7540.03		16517.9
2.01272e+07		7370.8		17135
2.05893e+07		7540.03		16519.1
2.02176e+07		7403.91		17141.4
2.06428e+07		7559.62		16950.5
2.02383e+07		7411.5		17522.7
2.06987e+07		7580.09		16974
2.02072e+07		7400.09		17728.1
2.05949e+07		7542.09		16387.8
2.01972e+07		7396.45		17335.9
2.05949e+07		7542.09		16657.7
2.0426e+07		7480.21		17452.3
2.05949e+07		7542.09		16861.9
2.0426e+07		7480.21		17241.3
2.06781e+07		7572.54		17105.4
2.0426e+07		7480.21		17025.2
2.07903e+07		7613.64		16737.8
2.02982e+07		7433.42		16828.2
2.08414e+07		7632.36		17064.4
2.05305e+07		7518.51		16623.2
2.0752e+07		7599.6		16947.7
2.02581e+07		7418.74		16116.5
2.09175e+07		7660.22		17279
2.02274e+07		7407.5		16614.2
2.09175e+07		7660.22		17145.8
2.02274e+07		7407.5		16441.2
2.09416e+07		7669.04		17439.2
2.03354e+07		7447.06		16706.5
2.1039e+07		7704.72		17504.2
2.06102e+07		7547.66		16150
2.11305e+07		7738.22		16953.8
2.1138e+07		7740.98		16615.1
2.06102e+07		7547.66		16652.1
2.1138e+07		7740.98		16950.6
2.06102e+07		7547.66		16961.8
4.84827e-06		-7.89107e-10		16670.8
2.06102e+07		7547.66		16881.8
4.84827e-06		-7.89107e-10		15506.6
2.07606e+07		7602.77		15979
2.0943e+07		7669.56		15769.4
2.07404e+07		7595.37		15260.8
2.0943e+07		7669.56		15544.8
2.07404e+07		7595.37		15554.5
2.08453e+07		7633.78		14362.2
2.07404e+07		7595.37		16275.8
2.09926e+07		7687.73		16946.4
2.09295e+07		7664.6		14444
2.084e+07		7631.85		16535.9
2.09386e+07		7667.94		15024.9
2.08602e+07		7639.23		16604.3
2.09714e+07		7679.95		14999.6
2.08706e+07		7643.03		16744.9
2.83679e-06		-4.61717e-10		15535.9
2.09011e+07		7654.23		16763
2.09549e+07		7673.9		15826.1
2.09342e+07		7666.33		15966.6
2.08953e+07		7652.09		15468.8
2.11146e+07		7732.39		16081.1
2.07853e+07		7611.81		15697.4
2.11177e+07		7733.54		16175.9
2.08466e+07		7634.25		16761.6
