0.208184
0.0788719
0.0529671
0.0752479
0.0647229
0.0644483
0.0631336
0.0641416
0.0578622
2.09274
0.0586654
0.0545677
0.0707796
0.0626032
0.0714634
0.0415076
0.0583247
0.0597396
0.0567097
0.044583
0.0521842
0.053912
0.0724875
0.0646246
0.0785231
0.0569008
2.08491
0.0867967
0.0968739
0.0904528
0.0595651
0.0594786
0.0709817
0.231596
0.181184
2.08589
0.133188
0.0740182
0.084146
0.121041
0.095649
0.138767
0.147364
0.167292
0.138922
0.0789143
0.155634
0.0910503
0.103873
0.13389
0.144195
0.113271
0.142601
