2.25943e-07 5.46432e-07 0.224922 96960 110 0.0739233
2.21268e-07 2.13407e-07 0.228334 96960 110 0.0660668
1.99371e-07 2.60786e-07 0.115997 256800 14 1.477e-06
1.16977e-07 3.8706e-07 0.104111 84480 18 0.0788282
1.65968e-07 2.46205e-07 0.0996283 292800 53 1.394e-06
2.40676e-06 3.46941e-07 2.08557 143520 15 0.0558408
1.71247e-07 2.38269e-07 0.0999517 291360 26 1.351e-06
1.81495e-06 2.95853e-07 0.0880561 80640 14 0.0572364
1.46687e-06 2.56859e-07 0.058271 80640 8 0.030779
1.31489e-06 2.21438e-07 4.12663 281280 16 1.387e-06
1.22817e-06 2.48536e-07 0.0836763 80640 10 0.0533496
1.0547e-06 2.99951e-07 0.120519 80640 8 0.0613908
1.10444e-06 2.27465e-07 0.0755591 119040 27 1.436e-06
9.24214e-07 2.86748e-07 0.0953204 80640 8 0.0689698
9.58534e-07 2.31376e-07 0.0643082 126720 4 1.638e-06
8.59672e-07 2.3414e-07 0.0645425 135840 4 1.329e-06
8.22933e-07 3.11509e-07 0.138442 80640 8 0.0844832
7.75116e-07 2.39176e-07 0.072552 142080 4 1.869e-06
7.41579e-07 3.3513e-07 0.146973 80640 8 0.0945272
7.31921e-07 2.39039e-07 0.0883755 148800 4 1.194e-06
6.75224e-07 3.64221e-07 0.166971 81120 21 0.0884224
6.76161e-07 2.4145e-07 0.0682377 152160 3 1.723e-06
5.40807e-07 3.34062e-07 0.138453 82080 15 0.114138
4.33077e-07 2.94695e-07 0.0608169 91680 22 0.0397748
5.65105e-07 2.66048e-07 0.0995848 213600 32 1.689e-06
3.46959e-07 2.70988e-07 0.131673 98400 19 0.105707
2.7866e-07 2.48144e-07 0.0821429 110880 16 0.0527111
4.87521e-07 2.67392e-07 0.0949919 281280 12 2.112e-06
2.24699e-07 2.24626e-07 0.103515 120480 39 0.0767586
4.47556e-07 2.82026e-07 0.133772 280800 25 1.421e-06
2.18076e-07 2.37333e-07 0.0995505 264000 20 1.622e-06
4.26862e-07 2.64458e-07 0.152702 277440 20 1.364e-06
2.4769e-07 2.46399e-07 0.107602 264000 20 1.397e-06
3.83578e-07 2.42879e-07 0.0832195 269760 20 2.478e-06
2.44137e-07 2.58631e-07 0.101009 257760 20 1.021e-06
3.34923e-07 2.5305e-07 0.0980246 266880 20 1.37e-06
2.37029e-07 2.60039e-07 0.0963122 255360 27 1.131e-06
