5661.97
6539.65
5916.61
6802.88
5725.35
7100.04
5869.4
6868.67
6201.4
7366.76
6028.98
7371.28
6135.73
7033.76
6091.39
7714.47
5959.79
7615.24
5974.05
7248.08
6042.67
7082.54
6183.28
7348.85
6286.59
7167.46
6316.2
7130.96
6282.87
7085.19
6337.26
7071.03
6318.03
7156.59
6253.51
7265.92
6205.58
7359.64
6197.39
7304.64
6158.03
7189.69
6142.54
7373.61
6102.52
7326.38
6078.19
7304.53
6088.23
7238.69
6045.6
7059.93
6033.07
7058.84
6009.17
7117.97
5983.54
7089.44
5994.4
7178.96
5970.23
7178.96
5978.9
4964.56
4236.79
27517
6284.15
16682.3
4971.78
5327.3
4705.92
4742.52
5193.02
4585.47
13909.3
4275.35
4516.12
10080.9
9276.63
5016.26
4452.08
9196.89
4195.99
5114.36
5542.44
9419.41
4213.07
5025.29
5591.23
4992.94
11343.9
4191.13
5409.72
4969.51
12237.6
4201.41
5475.61
12032.4
5178.78
6261.93
4196.02
5059.81
11947.1
4186.92
6016.16
4184.44
11280.3
5167.72
4184.74
13482.1
5962.39
4209.28
11450.6
5496.38
5722.4
11234.2
5303.7
5443.06
-403878
11564.1
11481.9
-56987
5416.26
-3835.09
12646.7
5588.61
-48286.9
-4433.8
-5897.87
5532.17
-49848.9
-4488.12
-6140.21
-35406.3
