2	135513		-1728.26		314.86	1.51702e+06
2	65129.6		-153.554		447.266	1.82592e+06
3	133945		-1641.31		331.416	1.59626e+06
3	64237.6		-153.554		433.746	1.80008e+06
4	131604		-1257.38		393.351	1.75545e+06
4	131837		-1726.59		346.39	1.59869e+06
5	137203		-2244.34		318.569	1.62697e+06
5	132096		-1518.91		396.978	1.76159e+06
6	148145		20505.6		360.693	1.82564e+06
6	135889		-2400.7		333.114	1.63919e+06
7	137088		-2585.4		323.132	1.62152e+06
7	157392		1580.83		367.361	1.81526e+06
8	151063		2323.95		351.017	1.75601e+06
8	137087		-2986.91		336.32	1.61312e+06
9	145715		3859.25		329.044	1.65616e+06
9	151075		2218.17		357.428	1.68665e+06
10	151075		2218.17		340.577	1.68281e+06
10	145715		3859.25		336.419	1.68418e+06
11	145448		3764.82		331.082	1.75646e+06
11	138369		-2184.97		344.729	1.70322e+06
12	139488		-1956.82		347.913	1.69761e+06
12	145544		3717.22		325.771	1.80725e+06
13	141550		-2098.18		348.147	2.09146e+06
13	145572		3150.64		322.628	1.77549e+06
14	143866		-2175.43		347.696	2.20529e+06
14	146280		2294.86		318.467	1.81186e+06
15	146702		-2436.76		362.947	2.25347e+06
15	146876		1745.97		314.373	1.8537e+06
16	147031		-2423.73		375.253	2.20848e+06
16	147032		1687.74		313.635	1.86567e+06
17	149303		-2707.23		388.249	2.28678e+06
17	144939		1882.11		310.258	1.89434e+06
18	151877		-3130.55		401.247	2.37596e+06
18	145344		1724.95		307.813	1.91302e+06
19	154651		-3835.86		406.361	2.46309e+06
19	144699		1734.16		305.537	1.92287e+06
20	157263		-4783.04		414.542	2.42932e+06
20	145038		1565.72		305.353	1.91382e+06
21	158282		-4626.2		412.343	2.39249e+06
21	145653		1454.25		303.014	1.93492e+06
22	161214		-6351.61		427.358	2.1533e+06
22	145936		1489.72		302.463	1.74146e+06
23	161219		-4635.1		434.881	1.93802e+06
23	146208		1494.4		301.416	1.56734e+06
24	164635		-6792.3		425.078	1.74425e+06
24	148840		1311.12		294.435	1.41063e+06
25	164806		-4275.48		428.558	1.56987e+06
25	147926		1438.44		292.841	1.2696e+06
26	166184		-4618.8		415.334	1.41291e+06
26	152993		1124.41		284.807	1.14266e+06
27	154714		1048.25		286.214	1.02842e+06
27	166876		-4255.41		410.863	1.27166e+06
28	178908		-779904		394.819	1.14452e+06
28	151505		1276.7		288.271	925611
29	179759		70474.8		384.701	1.03009e+06
29	150466		1417.06		296.779	833087
30	150788		1374.39		303.959	749816
30	174498		32540.5		381.513	927120
31	166636		-14981.4		373.002	834438
31	148840		1626.12		329.464	674890
32	151625		1355.5		323.833	607428
32	161526		-6722.79		361.76	751020
33	158536		-5381.82		353.179	675946
33	151651		1345.47		325.217	546719
34	158387		-5294.21		338.186	608372
34	149723		1589.76		326.1	492081
35	156534		-4367.56		331.447	547561
35	149308		1706.15		320.656	442900
36	156915		-4347.48		348.54	492855
36	149639		1591.79		315.241	398636
37	158972		-5793.51		347.215	443603
37	148916		1647.4		308.546	358798
38	160466		-7416.01		373.393	399304
38	149618		1522.41		303.96	322944
39	162547		-12385.6		370.045	359408
39	149033		1547.93		299.495	290676
40	163987		-22227.8		371.564	323505
40	148787		1525.93		294.859	261633
41	165418		-88759		395.803	291216
41	150299		1312.12		292.219	235497
42	166862		43435		416.573	262155
42	150946		1222.67		287.682	211972
43	168715		15213.4		411.484	235976
43	151183		1197.03		284.225	190800
44	170647		9061.91		406.373	212414
44	151943		1117.4		281.593	171746
45	172432		6618.83		421.486	191229
45	152029		1102.28		280.554	154598
46	173040		6858.17		416.426	172143
46	151731		1101.39		278.413	139164
47	174838		5371.28		428.089	154982
47	150804		1143.9		275.353	125273
48	175577		5791.49		424.444	139523
48	150868		1142.79		273.967	112772
49	176962		4958.44		412.892	125602
49	150407		1204.07		272.727	101521
50	151298		1178.95		284.893	91408
50	172314		6075.9		396.761	113066
50	152821		1088.38		298.043	82308.8
50	183488		1366.63		382.567	101785
50	155182		987.672		326.228	74135.9
50	184884		1178.48		368.334	91630.8
50	158954		847.375		350.519	66779.2
50	202283		707.998		358.85	82495.1
50	160877		801.552		352.413	60138.3
50	196900		737.181		347.189	74269.8
50	165035		714.526		352.612	54159.9
50	211988		556.83		338.568	66868.9
50	165238		715.327		349.896	48776.4
50	209069		556.698		330.904	60208.2
50	170855		623.739		372.903	43956.8
50	218164		487.704		323.954	54213.5
50	178396		548.182		355.595	39581.1
50	226164		435.056		317.695	48818.3
50	183708		497.634		342.719	35645.7
50	247815		367.025		311.134	43961.7
50	189776		460.964		324.113	32096.8
50	304132		274.777		305.199	39590.7
50	204386		391.015		315.069	28910.5
50	340131		243.369		309.11	35666.1
50	204999		397.695		341.288	26077.1
50	342952		241.611		306.781	32128
50	213575		372.044		368.609	23530.9
50	316417		261.459		305.982	28945.1
50	309921		264.169		310.894	26086.1
50	297141		274.254		317.895	23515.6
50	268151		311.401		316.033	21194
50	257622		329.152		324.48	19114.6
50	256603		330.802		322.994	17234.1
50	202612		420.488		373.603	21219.6
50	209630		398.02		366.016	19127.4
50	248173		344.842		330.123	15550.1
50	246908		347.179		329.019	14027
50	206536		414.776		368.977	17254.3
50	223872		363.899		363.19	15559.9
50	257915		331.656		321.441	12649.6
50	255546		335.447		319.723	11415.1
50	215420		399.402		356.564	14033.6
50	223166		380.919		351.784	12661.2
50	282569		294.533		332.066	10317.9
50	277788		299.847		328.505	9315.76
50	223359		386.386		355.739	11434.2
50	227700		379.129		349.41	10320
50	314261		263.318		341.673	8430.2
50	318711		260.101		337.765	7617.44
50	229658		378.066		356.884	9330.42
50	237001		361.971		351.326	8427.5
50	382350		227.997		329.642	6881.35
50	249381		342.899		353.151	7621.71
50	297683		275.518		343.254	6239.79
50	260625		324.686		377.021	6918.72
50	295432		277.09		336.352	5643.24
50	290300		278.501		328.625	5104.82
50	281893		290.972		323.877	4622.45
50	300529		273.531		318.272	4186.99
50	304530		272.252		313.598	3795.44
50	313603		265.071		309.086	3442.75
50	352226		244.27		305.428	3125.72
50	349587		244.843		301.41	2839.68
50	330395		254.029		298.729	2583.17
50	319441		259.742		296.537	2352.53
50	301924		270.747		292.803	2143.2
50	291465		278.814		291.155	1956.51
50	281418		286.871		288.76	1787.58
50	272372		294.7		286.576	1635.51
50	258647		309.571		284.67	1498.71
50	245150		327.871		283.531	1376.17
50	225367		362.762		282.478	1265.85
50	205534		414.749		281.278	1166.32
50	183283		520.344		279.748	1076.28
50	180756		536.631		277.755	994.636
50	180756		536.631		277.405	922.597
50	148532		1155.09		275.595	856.269
50	148026		1187.68		274.675	797.281
50	148026		1187.68		274.665	745.011
50	148026		1187.68		273.997	697.308
50	191379		471.938		273.626	654.607
50	192769		466.879		272.128	615.01
50	182800		522.682		271.566	580.16
50	187661		491.131		271.881	549.615
50	190301		476.016		272.763	522.724
50	190853		473.134		272.373	497.338
50	192837		462.624		272.194	474.663
50	195267		450.813		272.606	454.827
50	183241		512.288		273.416	437.415
50	152265		967.331		273.018	420.617
50	145195		1287.56		271.91	404.75
50	145289		1268.42		271.667	391.223
50	144499		1312.35		271.111	378.711
50	143352		1380.81		272.242	369.082
50	142120		1479.02		271.516	358.672
50	141476		1548.7		270.724	349.164
50	141766		1522.49		270.188	340.784
50	141794		1514.31		271.704	335.241
50	141500		1531.45		272.009	329.192
50	141225		1558.09		270.982	322.447
50	141732		1511.12		270.651	316.969
50	140828		1595.44		270.977	312.664
50	139993		1693.74		271.226	308.744
50	140910		1592.38		269.51	303.276
50	140543		1637.69		270.006	300.396
50	139845		1718.72		270.014	297.364
50	140073		1687.51		269.115	293.731
50	141669		1505.05		268.745	290.899
50	142227		1458.53		268.279	288.218
50	142628		1414.88		267.327	285.272
50	140307		1641.4		268.09	284.24
50	139067		1802.53		267.752	282.287
50	139979		1679.41		267.047	280.129
50	140115		1668.97		267.859	279.633
50	139941		1687.83		267.403	277.999
50	138060		1968.24		267.532	277.069
50	137805		2031.28		266.863	275.446
50	137652		2053.47		267.197	274.921
50	137701		2040.18		267.251	274.203
50	137552		2052.45		266.816	273.073
50	137679		2020.54		268.216	273.847
50	139294		1763.53		269.258	274.327
50	140151		1656.03		268.541	273.102
50	140682		1581.09		269.381	273.486
50	139717		1695.24		269.409	273.104
50	141945		1457.48		269.003	272.328
50	140663		1580.48		269.448	272.44
50	144047		1289.41		269.204	271.898
50	143949		1299.04		268.205	270.629
50	144861		1242.5		268.402	270.584
50	144446		1271.66		268.594	270.557
50	146394		1155.06		267.622	269.389
50	151272		948.96		268.824	270.414
50	151032		957.894		268.608	270.039
50	148721		1050.05		269.119	270.407
50	144478		1275.5		268.673	269.832
50	145096		1239.87		267.6	268.643
50	143699		1331.71		267.993	268.933
50	143127		1385.29		268.147	268.993
50	143705		1343.49		267.537	268.298
50	143227		1381.5		268.056	268.741
50	142313		1461.42		267.979	268.595
50	142135		1485.5		268.358	268.912
50	140472		1659.82		268.483	268.982
50	141517		1556.3		267.649	268.098
50	141844		1515.53		268.528	268.933
50	141212		1573.39		267.703	268.067
50	140237		1700.86		267.501	267.829
50	138927		1891.65		267.786	268.081
50	139379		1812.05		268.644	268.909
50	138758		1911.45		269.093	269.332
50	138059		2021.49		270.126	270.341
50	138196		1993.97		269.971	270.165
50	137478		2104.04		270.648	270.822
50	137704		2052.05		270.092	270.249
50	138185		1973.83		269.74	269.88
50	138003		1998.86		269.601	269.728
50	137631		2071.94		270.519	270.633
50	137754		2036.98		271.114	271.217
50	138367		1933.1		270.807	270.9
50	138946		1822.14		272.25	272.333
50	139169		1776.26		272.334	272.409
50	138483		1865.39		273.567	273.635
50	139293		1745.84		274.045	274.106
50	139422		1730.16		273.86	273.915
50	140690		1571.37		275.012	275.062
50	141337		1500.61		275.075	275.119
50	141534		1483.4		274.672	274.712
50	141858		1462.55		274.922	274.958
50	142124		1447.79		274.718	274.751
50	143115		1374.95		272.98	273.009
50	142305		1449.18		273.17	273.196
50	142357		1444.51		272.322	272.345
50	141663		1513.88		271.383	271.404
50	141762		1497.76		270.959	270.978
50	140993		1566.84		270.566	270.583
50	140597		1614.79		271.075	271.091
50	138986		1819.73		270.678	270.692
50	138748		1847.49		270.916	270.928
50	138719		1849.97		270.671	270.682
50	139664		1718.07		270.235	270.245
50	139786		1693.94		270.635	270.644
50	137337		2102.02		270.285	270.293
50	136103		2378.42		269.678	269.685
50	136799		2202.89		270.191	270.198
50	136903		2178.16		269.273	269.279
50	136798		2183.63		269.717	269.723
50	137045		2135.06		269.163	269.168
50	136855		2165.55		269.852	269.856
50	135212		2582.56		270.372	270.376
50	134845		2684.79		269.923	269.926
50	134996		2632.79		269.955	269.958
50	136155		2312.29		269.557	269.56
50	137315		2066.27		269.651	269.653
50	137342		2043.16		268.825	268.827
50	137346		2049.45		269.165	269.167
50	137377		2042.5		269.607	269.609
50	139154		1746.16		269.719	269.72
50	141895		1444.78		270.499	270.5
50	141679		1469.71		269.902	269.903
50	141812		1449.45		270.165	270.166
50	142579		1385.47		269.661	269.662
50	140464		1587.31		269.754	269.755
50	138825		1798.08		269.71	269.711
50	138747		1800.35		270.447	270.448
50	138466		1828.96		270.282	270.283
50	138245		1865.21		269.906	269.907
50	139034		1753.15		269.914	269.915
50	138118		1890.05		269.396	269.396
50	138678		1798.2		270.162	270.163
50	137292		2031.97		269.063	269.064
50	137593		1980.03		268.674	268.674
50	137597		1992.53		269.165	269.165
50	135340		2527.79		269.039	269.039
50	136200		2298.15		267.688	267.688
50	134364		2905.43		268.69	268.691
50	134060		3034.46		268.592	268.592
50	133586		3246.83		268.587	268.587
50	133668		3208.08		268.913	268.914
50	132571		3857.68		269.025	269.025
50	131555		4752.87		268.022	268.022
50	131653		4630.81		267.906	267.906
50	131107		5225.93		267.873	267.873
50	131061		5249.97		268.298	268.298
50	130701		5931.87		267.635	267.635
50	131583		4812.65		266.78	266.78
50	131300		5051.75		267.52	267.52
50	131090		5338.09		267.389	267.389
50	131275		5031.04		267.679	267.679
50	131907		4313.96		268.166	268.166
50	130721		5654.5		267.846	267.846
50	133476		3179.55		269.51	269.51
50	135423		2436.85		268.293	268.293
50	136471		2160.2		268.999	268.999
50	136528		2165.59		268.887	268.887
50	137445		1988.71		268.528	268.528
50	138680		1785.76		269.762	269.762
50	139169		1723.89		269.635	269.635
50	140072		1624.58		270.313	270.313
50	141415		1477.73		271.164	271.164
50	142504		1391.84		271.309	271.309
50	142435		1397.45		270.767	270.767
50	141446		1473.39		271.737	271.737
50	143401		1306.59		272.725	272.725
50	143700		1286.7		272.687	272.687
50	144175		1250.63		272.662	272.662
50	145144		1193.61		271.854	271.854
50	145705		1158.87		272.413	272.413
50	146477		1124.9		272.417	272.417
