1	0	3.64269
2	0	3.71823
3	84	3.77587
4	168	3.83962
5	252	3.91707
6	336	3.97991
7	420	4.03687
8	504	4.0756
9	588	4.11977
10	672	4.16054
11	756	4.23378
12	840	4.28746
-----------------------
1	0	0.109003
2	0	0.125836
3	84	0.150717
4	168	0.158992
5	252	0.166111
6	336	0.173737
7	420	0.181036
8	504	0.190425
9	588	0.204893
10	672	0.215613
11	756	0.233905
12	840	0.241895
-----------------------
1	0	0.0834994
2	0	0.0897375
3	84	0.102239
4	168	0.112133
5	252	0.12148
6	336	0.129588
7	420	0.138824
8	504	0.149972
9	588	0.158749
10	672	0.168225
11	756	0.17797
-----------------------
1	0	0.0728588
2	0	0.0785889
3	84	0.0898955
4	168	0.0987649
-----------------------
1	0	0.164273
-----------------------
1	0	0.338593
-----------------------
1	0	0.107368
2	0	0.116725
3	84	0.132115
4	168	0.143181
5	252	0.15304
6	336	0.160643
7	420	0.167017
8	504	0.174287
9	588	0.186763
10	672	0.19463
11	756	0.201473
12	840	0.208494
-----------------------
1	0	0.192953
-----------------------
1	0	0.206312
-----------------------
1	0	0.204785
-----------------------
1	0	0.154062
2	84	0.16909
3	168	0.179874
4	252	0.196489
5	336	0.2049
6	420	0.214582
7	504	0.223495
8	588	0.232397
9	672	0.239483
10	756	0.246663
11	840	0.253927
12	924	0.260822
-----------------------
1	0	0.0642174
2	0	0.0869792
3	84	0.0982891
4	168	0.107173
5	252	0.115783
6	336	0.123406
7	420	0.131585
8	504	0.14786
9	588	0.164589
10	672	0.171479
11	756	0.178101
12	840	0.185209
-----------------------
1	0	0.0751876
2	0	0.0852038
3	84	0.0962521
4	168	0.119847
-----------------------
1	0	0.583974
2	84	0.595192
3	168	0.608489
4	252	0.621536
5	336	0.630747
-----------------------
1	0	0.160476
-----------------------
1	0	0.121994
2	0	0.129599
3	84	0.144558
4	168	0.15434
5	252	0.164284
6	336	0.171849
7	420	0.180271
8	504	0.192629
9	588	0.207719
10	672	0.222257
11	756	0.235056
12	840	0.243613
-----------------------
1	0	0.0760479
2	0	0.0891624
3	84	0.105013
4	168	0.113208
5	252	0.124606
6	336	0.136009
7	420	0.142159
8	504	0.155083
9	588	0.168555
10	672	0.17862
11	756	0.185945
12	840	0.200427
-----------------------
1	0	0.169048
2	84	0.183801
3	168	0.194546
4	252	0.202826
5	336	0.212467
-----------------------
1	0	0.163816
-----------------------
1	0	0.170675
2	84	0.187074
3	168	0.205563
4	252	0.216211
5	336	0.231959
6	420	0.240683
7	504	0.248547
8	588	0.258844
9	672	0.266687
10	756	0.274697
11	840	0.282379
12	924	0.293411
-----------------------
1	0	0.0655982
2	0	0.07489
3	84	0.0913828
4	168	0.100422
5	252	0.110668
6	336	0.126612
7	420	0.14042
8	504	0.15938
9	588	0.172859
-----------------------
1	0	0.0798393
2	0	0.0962821
3	84	0.109477
4	168	0.1195
5	252	0.133518
6	336	0.141025
7	420	0.148179
8	504	0.160063
9	588	0.171801
-----------------------
1	0	0.0945229
2	0	0.108667
3	84	0.122007
4	168	0.130741
5	252	0.140652
6	336	0.146703
7	420	0.155141
8	504	0.167472
9	588	0.194524
-----------------------
1	0	0.102131
2	0	0.10965
3	84	0.123644
4	168	0.134582
5	252	0.15067
6	336	0.161179
7	420	0.169786
8	504	0.177215
9	588	0.189874
-----------------------
1	0	0.0924134
2	0	0.103589
3	84	0.113693
4	168	0.122956
5	252	0.133899
6	336	0.15067
7	420	0.158437
8	504	0.165367
9	588	0.175457
10	672	0.18519
11	756	0.194785
12	840	0.20662
-----------------------
1	0	0.0844186
2	0	0.0991144
3	84	0.119932
4	168	0.129945
5	252	0.144025
6	336	0.152793
7	420	0.159907
8	504	0.169827
9	588	0.182664
10	672	0.193239
11	756	0.200658
12	840	0.207412
-----------------------
1	0	0.0620771
2	0	0.0683664
3	84	0.0825501
4	168	0.0922917
5	252	0.103092
6	336	0.112233
7	420	0.120421
8	504	0.13046
9	588	0.144886
10	672	0.155039
11	756	0.171317
12	840	0.187084
-----------------------
1	0	0.0559489
2	0	0.0875226
3	84	0.10098
4	168	0.114157
5	252	0.12787
6	336	0.137133
7	420	0.149342
8	504	0.161885
9	588	0.182157
10	672	0.191408
11	756	0.199088
12	840	0.210542
-----------------------
1	0	0.0846763
2	0	0.0971603
3	84	0.115075
4	168	0.125136
5	252	0.138208
6	336	0.152276
7	420	0.159004
8	504	0.1692
9	588	0.182641
10	672	0.190301
11	756	0.200949
12	840	0.21239
-----------------------
1	0	0.0718811
2	0	0.0780236
3	84	0.117879
-----------------------
1	0	0.334136
-----------------------
1	0	0.176673
-----------------------
1	0	0.210186
-----------------------
1	0	0.192121
-----------------------
1	0	0.115096
2	0	0.152034
3	84	0.163899
4	168	0.175028
5	252	0.184946
6	336	0.191154
7	420	0.198314
8	504	0.206392
9	588	0.224805
10	672	0.23432
11	756	0.247638
12	840	0.258443
-----------------------
1	0	0.0561568
2	0	0.0662361
3	84	0.0797982
4	168	0.089681
5	252	0.105888
6	336	0.115532
7	420	0.123915
8	504	0.134044
9	588	0.148003
10	672	0.157702
11	756	0.172629
12	840	0.184795
-----------------------
1	0	0.065385
2	0	0.0719299
3	84	0.0857233
4	168	0.0953973
5	252	0.106745
6	336	0.114318
7	420	0.122183
8	504	0.131111
9	588	0.149279
10	672	0.158972
11	756	0.170345
12	840	0.179779
-----------------------
1	0	0.0611248
2	0	0.074685
3	84	0.0923092
4	168	0.104251
5	252	0.115783
6	336	0.124082
7	420	0.132564
8	504	0.142619
9	588	0.154717
10	672	0.164294
11	756	0.171573
12	840	0.181537
-----------------------
1	0	0.0495505
2	0	0.0612849
3	84	0.0756834
4	168	0.0877366
5	252	0.105227
6	336	0.118925
7	420	0.127723
8	504	0.137903
9	588	0.154346
10	672	0.164231
11	756	0.174121
12	840	0.189742
-----------------------
1	0	0.192454
-----------------------
1	0	0.196379
-----------------------
1	0	0.268215
-----------------------
1	0	0.138078
2	84	0.153892
3	168	0.163729
4	252	0.174729
5	336	0.18253
6	420	0.190743
7	504	0.20075
8	588	0.213517
9	672	0.223085
10	756	0.237819
11	840	0.245106
12	924	0.252482
-----------------------
1	0	0.0631417
2	0	0.0751744
3	84	0.0855426
4	168	0.093855
5	252	0.106592
-----------------------
1	0	0.189787
2	0	0.198744
3	84	0.206646
4	168	0.213793
5	252	0.244305
-----------------------
1	0	0.255985
2	84	0.274308
3	168	0.290914
4	252	0.310133
5	336	0.317911
6	420	0.337005
7	504	0.345045
8	588	0.356429
9	672	0.364583
10	756	0.372207
11	840	0.380227
12	924	0.387355
-----------------------
1	0	0.0424699
-----------------------
1	0	0.221075
2	0	0.228799
3	84	0.242234
4	168	0.253049
5	252	0.26417
6	336	0.279713
7	420	0.292873
8	504	0.301608
9	588	0.32377
10	672	0.336639
11	756	0.356069
12	840	0.36859
-----------------------
1	0	0.0590045
2	0	0.0704641
3	84	0.0820821
4	168	0.10137
5	252	0.111493
6	336	0.119399
7	420	0.12735
8	504	0.134162
9	588	0.143368
10	672	0.150452
11	756	0.167575
12	840	0.177692
-----------------------
1	0	0.080991
2	0	0.107218
3	84	0.141228
4	168	0.155476
5	252	0.163879
6	336	0.175172
7	420	0.184142
8	504	0.194363
9	588	0.205518
10	672	0.21292
11	756	0.220169
12	840	0.231815
-----------------------
1	0	0.0579634
2	0	0.079249
3	84	0.0946841
4	168	0.109417
5	252	0.119638
6	336	0.127606
7	420	0.133806
8	504	0.142592
9	588	0.152236
10	672	0.164709
11	756	0.172658
12	840	0.184962
-----------------------
1	0	0.0770812
2	0	0.0845174
3	84	0.101773
4	168	0.110729
5	252	0.126628
6	336	0.133335
7	420	0.139649
8	504	0.146197
9	588	0.154326
10	672	0.162699
11	756	0.170627
12	840	0.179561
-----------------------
1	0	0.0986016
2	0	0.11964
3	84	0.150321
4	168	0.161619
5	252	0.168761
6	336	0.174905
7	420	0.181382
8	504	0.18945
9	588	0.215219
10	672	0.228666
11	756	0.238957
12	840	0.248884
-----------------------
1	0	0.0794903
2	0	0.0894302
3	84	0.103343
4	168	0.11189
5	252	0.121929
6	336	0.134458
7	420	0.153717
8	504	0.161992
9	588	0.175305
10	672	0.183239
11	756	0.191387
12	840	0.200128
-----------------------
1	0	0.0815059
2	0	0.093294
3	84	0.111557
4	168	0.127522
5	252	0.139935
6	336	0.149497
7	420	0.156737
8	504	0.163902
9	588	0.172119
10	672	0.18491
11	756	0.20094
12	840	0.21207
-----------------------
1	0	0.0532001
2	0	0.0610266
3	84	0.0758831
4	168	0.0861822
5	252	0.0963616
6	336	0.107307
7	420	0.115787
8	504	0.125
9	588	0.134305
10	672	0.143921
11	756	0.157791
12	840	0.171688
-----------------------
1	0	0.090362
2	0	0.10084
3	84	0.111963
4	168	0.123221
5	252	0.131749
6	336	0.14161
7	420	0.147336
8	504	0.15382
9	588	0.161842
10	672	0.169359
11	756	0.176819
12	840	0.186781
-----------------------
1	0	0.084882
2	0	0.097607
3	84	0.112703
4	168	0.130867
5	252	0.141857
6	336	0.152054
7	420	0.160744
8	504	0.171336
9	588	0.195912
10	672	0.208046
11	756	0.216644
12	840	0.226515
-----------------------
1	0	0.067521
2	0	0.0748525
3	84	0.0891729
4	168	0.0982364
5	252	0.111112
6	336	0.12005
7	420	0.129415
8	504	0.139391
9	588	0.156383
10	672	0.16389
11	756	0.177422
12	840	0.188434
-----------------------
1	0	0.0864583
2	0	0.101678
3	84	0.11591
4	168	0.12906
5	252	0.139137
6	336	0.148758
7	420	0.159455
8	504	0.168784
9	588	0.177614
10	672	0.191238
11	756	0.199078
12	840	0.214818
-----------------------
1	0	0.0399172
2	0	0.0652984
3	84	0.0830379
4	168	0.0933297
5	252	0.103713
6	336	0.121481
7	420	0.133019
8	504	0.143916
9	588	0.15603
10	672	0.170222
11	756	0.183288
12	840	0.19594
-----------------------
1	0	0.0603776
2	0	0.0710037
3	84	0.0931563
4	168	0.118295
5	252	0.128783
6	336	0.137525
7	420	0.148667
8	504	0.162258
9	588	0.176281
10	672	0.188178
11	756	0.196877
-----------------------
1	0	0.0621485
2	0	0.0701613
3	84	0.0821961
4	168	0.100285
5	252	0.110039
6	336	0.116552
7	420	0.122644
8	504	0.129856
9	588	0.139247
10	672	0.147762
11	756	0.164596
12	840	0.172659
-----------------------
1	0	0.0652013
2	0	0.0827084
3	84	0.10325
4	168	0.112473
5	252	0.120937
6	336	0.127204
7	420	0.135366
8	504	0.147292
9	588	0.159626
10	672	0.172334
11	756	0.18313
12	840	0.196719
-----------------------
1	0	0.093097
2	0	0.103566
3	84	0.121909
4	168	0.140276
5	252	0.151705
6	336	0.17093
7	420	0.181031
8	504	0.19671
9	588	0.206296
10	672	0.219114
11	756	0.226965
12	840	0.238963
-----------------------
1	0	0.0940845
-----------------------
1	0	0.282705
2	84	0.297251
3	168	0.317886
4	252	0.336084
5	336	0.346424
6	420	0.355755
7	504	0.364775
8	588	0.372286
9	672	0.379954
10	756	0.387171
-----------------------
1	0	0.161562
-----------------------
1	0	0.231597
-----------------------
1	0	0.255979
2	84	0.270251
3	168	0.279769
4	252	0.288459
5	336	0.298816
-----------------------
1	0	0.176472
2	84	0.190271
3	168	0.199689
4	252	0.211259
5	336	0.224064
-----------------------
1	0	0.146222
-----------------------
1	0	0.103279
2	0	0.111443
3	84	0.139578
4	168	0.15648
5	252	0.172594
6	336	0.179173
7	420	0.190601
8	504	0.204381
9	588	0.219637
10	672	0.236397
11	756	0.246913
12	840	0.258478
-----------------------
1	0	0.207902
-----------------------
1	0	0.124789
2	0	0.141074
3	84	0.176619
4	168	0.190601
5	252	0.203623
6	336	0.221982
7	420	0.230171
8	504	0.239894
9	588	0.255033
10	672	0.264916
11	756	0.277211
12	840	0.290636
-----------------------
1	0	0.163482
2	84	0.187827
-----------------------
1	0	0.1627
-----------------------
1	0	0.197181
2	84	0.219654
-----------------------
1	0	0.204222
-----------------------
1	0	0.194127
2	84	0.208189
-----------------------
1	0	0.164479
-----------------------
1	0	0.110484
2	0	0.131699
3	84	0.175553
4	168	0.194655
5	252	0.212358
6	336	0.22352
7	420	0.232922
8	504	0.249944
9	588	0.268614
10	672	0.28093
11	756	0.294156
12	840	0.316783
-----------------------
1	0	0.184099
-----------------------
1	0	0.107883
2	0	0.134836
3	84	0.149872
4	168	0.165406
5	252	0.179635
6	336	0.191242
7	420	0.218721
8	504	0.232751
9	588	0.247693
10	672	0.261289
11	756	0.271779
12	840	0.281845
-----------------------
1	0	0.239257
-----------------------
1	0	0.112405
2	0	0.134791
3	84	0.158099
4	168	0.180642
5	252	0.196937
6	336	0.205635
7	420	0.214337
8	504	0.230917
9	588	0.247428
10	672	0.25577
11	756	0.264911
12	840	0.272957
-----------------------
1	0	0.188261
-----------------------
1	0	0.246428
-----------------------
1	0	0.0976113
2	0	0.108694
3	84	0.124592
4	168	0.139013
5	252	0.15371
6	336	0.159955
7	420	0.166412
8	504	0.180275
9	588	0.189854
10	672	0.200147
11	756	0.211677
12	840	0.220791
-----------------------
1	0	0.0865288
2	0	0.108143
3	84	0.117686
4	168	0.129229
5	252	0.140733
6	336	0.1491
7	420	0.158997
8	504	0.16852
9	588	0.182548
10	672	0.194197
11	756	0.203794
12	840	0.218594
-----------------------
1	0	0.0786876
2	0	0.09473
3	84	0.141336
4	168	0.154513
5	252	0.176656
6	336	0.19263
7	420	0.200847
8	504	0.21141
9	588	0.22653
10	672	0.234159
11	756	0.256146
12	840	0.268158
-----------------------
1	0	0.0695499
2	0	0.0870931
3	84	0.106682
4	168	0.119753
5	252	0.135258
6	336	0.150389
7	420	0.171869
8	504	0.181727
9	588	0.193425
10	672	0.205345
11	756	0.212205
12	840	0.231461
-----------------------
1	0	0.090061
-----------------------
1	0	0.354671
-----------------------
1	0	0.16931
2	84	0.188779
3	168	0.200685
4	252	0.212415
5	336	0.221306
6	420	0.237859
7	504	0.246528
8	588	0.258662
9	672	0.27113
10	756	0.280433
11	840	0.289603
12	924	0.30187
-----------------------
1	0	0.0658718
2	0	0.0758708
3	84	0.0884609
4	168	0.118264
-----------------------
1	0	0.211119
-----------------------
1	0	0.303295
2	84	0.314384
3	168	0.340123
4	252	0.361036
5	336	0.375347
6	420	0.383709
7	504	0.397136
8	588	0.413779
9	672	0.421825
10	756	0.432209
11	840	0.443232
12	924	0.466325
-----------------------
1	0	0.13452
2	84	0.152598
3	168	0.16579
4	252	0.190914
5	336	0.201597
6	420	0.207784
7	504	0.214769
8	588	0.224968
9	672	0.233587
10	756	0.24156
11	840	0.25096
12	924	0.260915
-----------------------
1	0	0.0974822
-----------------------
1	0	0.289511
2	84	0.308515
3	168	0.331468
4	252	0.357282
5	336	0.369597
6	420	0.379117
7	504	0.386693
8	588	0.404043
9	672	0.418602
10	756	0.43067
11	840	0.441311
12	924	0.453021
-----------------------
1	0	0.0955567
-----------------------
1	0	0.24286
2	84	0.262073
3	168	0.286525
4	252	0.312476
5	336	0.320757
6	420	0.328266
7	504	0.34354
8	588	0.358417
9	672	0.371613
10	756	0.382799
11	840	0.392985
12	924	0.403417
-----------------------
1	0	0.0897682
-----------------------
1	0	0.260702
2	84	0.278167
3	168	0.293497
4	252	0.313827
5	336	0.333167
6	420	0.345803
7	504	0.354639
8	588	0.365377
9	672	0.377348
10	756	0.390253
11	840	0.398742
12	924	0.410562
-----------------------
1	0	0.0941908
-----------------------
1	0	0.275065
2	84	0.298396
3	168	0.31841
4	252	0.340579
5	336	0.35276
6	420	0.361254
7	504	0.373911
8	588	0.391051
9	672	0.399951
10	756	0.410698
11	840	0.418397
12	924	0.425731
-----------------------
1	0	0.0700084
-----------------------
1	0	0.238135
-----------------------
1	0	0.242656
-----------------------
1	0	0.251718
2	84	0.267402
3	168	0.277802
4	252	0.295095
5	336	0.313778
6	420	0.324642
7	504	0.33364
8	588	0.343544
9	672	0.356414
10	756	0.367979
11	840	0.379877
12	924	0.389771
-----------------------
1	0	0.0858247
-----------------------
1	0	0.195468
2	84	0.216364
3	168	0.233799
4	252	0.243842
5	336	0.260439
6	420	0.286643
7	504	0.303019
8	588	0.317457
9	672	0.326937
10	756	0.33509
11	840	0.352273
12	924	0.361701
-----------------------
1	0	0.121748
2	84	0.133202
3	168	0.148539
4	252	0.157555
5	336	0.174761
6	420	0.186389
7	504	0.193054
8	588	0.201058
9	672	0.209299
-----------------------
1	0	0.149424
2	84	0.174061
3	168	0.183041
4	252	0.191213
5	336	0.198736
-----------------------
1	0	0.193434
-----------------------
1	0	0.197168
-----------------------
1	0	0.212378
-----------------------
1	0	0.210088
-----------------------
1	0	0.0836232
2	0	0.098389
3	84	0.115427
4	168	0.130264
5	252	0.139863
6	336	0.148704
7	420	0.155835
8	504	0.172689
9	588	0.185279
10	672	0.194539
11	756	0.20798
-----------------------
1	0	0.0914904
2	0	0.102268
3	84	0.118149
4	168	0.131293
5	252	0.138093
6	336	0.147073
7	420	0.155821
8	504	0.16303
9	588	0.171326
10	672	0.178923
11	756	0.189318
-----------------------
1	0	0.0549416
2	0	0.0711188
3	84	0.0836663
4	168	0.0987939
5	252	0.117605
6	336	0.129029
7	420	0.150323
8	504	0.166277
9	588	0.177738
10	672	0.186556
11	756	0.200692
12	840	0.214606
-----------------------
1	0	0.18192
-----------------------
1	0	0.198403
-----------------------
1	0	0.142156
2	0	0.154125
3	84	0.172224
4	168	0.184791
5	252	0.198717
6	336	0.20757
7	420	0.216081
8	504	0.228647
9	588	0.238518
10	672	0.2501
11	756	0.260818
12	840	0.270941
-----------------------
1	0	0.110343
2	84	0.137233
3	168	0.146823
4	252	0.160094
5	336	0.175622
6	420	0.187811
7	504	0.195266
8	588	0.207794
9	672	0.215096
10	756	0.228488
11	840	0.237222
12	924	0.243981
-----------------------
1	0	0.0609963
2	0	0.0674771
3	84	0.0864297
4	168	0.0969663
5	252	0.109711
6	336	0.119197
7	420	0.132461
8	504	0.142199
9	588	0.154656
10	672	0.164835
11	756	0.179087
12	840	0.187468
-----------------------
1	0	0.0721451
2	0	0.0777519
3	84	0.0975832
4	168	0.114552
5	252	0.125803
6	336	0.134105
7	420	0.144966
8	504	0.152646
9	588	0.167194
10	672	0.177777
11	756	0.187447
12	840	0.194722
-----------------------
1	0	0.0621797
2	0	0.0745419
3	84	0.0864719
4	168	0.095958
5	252	0.109525
6	336	0.118962
7	420	0.127174
8	504	0.139033
9	588	0.149838
10	672	0.161363
11	756	0.177818
12	840	0.187094
-----------------------
1	0	0.089331
2	0	0.100919
3	84	0.119579
4	168	0.131471
5	252	0.148962
6	336	0.164129
7	420	0.179548
8	504	0.188498
9	588	0.209535
10	672	0.217976
11	756	0.238166
12	840	0.248478
-----------------------
1	0	0.177959
-----------------------
1	0	0.220421
-----------------------
1	0	0.162566
2	84	0.182779
3	168	0.192951
4	252	0.21037
5	336	0.223214
6	420	0.232461
7	504	0.243639
8	588	0.257246
9	672	0.266665
10	756	0.279908
11	840	0.292985
12	924	0.300027
-----------------------
1	0	0.0764884
2	0	0.0888406
3	84	0.107531
4	168	0.114346
5	252	0.1209
6	336	0.126609
7	420	0.135042
8	504	0.153571
-----------------------
1	0	0.104648
2	0	0.11919
3	84	0.133947
4	168	0.157165
5	252	0.178489
6	336	0.186901
7	420	0.202797
8	504	0.214242
9	588	0.23041
10	672	0.238162
11	756	0.245436
12	840	0.262905
-----------------------
1	0	0.0678756
2	0	0.0794937
3	84	0.0924925
4	168	0.103349
5	252	0.113275
6	336	0.127533
7	420	0.14137
8	504	0.149241
9	588	0.162637
-----------------------
1	0	0.109816
2	0	0.117159
3	84	0.130893
4	168	0.146868
5	252	0.157084
6	336	0.165103
7	420	0.173864
8	504	0.203054
9	588	0.219314
-----------------------
1	0	0.0705133
2	0	0.081918
3	84	0.0989623
4	168	0.120253
5	252	0.134014
6	336	0.146555
7	420	0.161442
8	504	0.190289
9	588	0.202992
10	672	0.214934
11	756	0.222518
12	840	0.229863
-----------------------
1	0	0.139495
-----------------------
1	0	0.198116
-----------------------
1	0	0.216354
-----------------------
1	0	0.227301
2	84	0.239637
-----------------------
1	0	0.12332
2	84	0.146145
3	168	0.165112
4	252	0.191142
5	336	0.198242
6	420	0.213869
7	504	0.230073
8	588	0.241079
9	672	0.251167
10	756	0.258311
11	840	0.274991
12	924	0.284335
-----------------------
1	0	0.169999
2	84	0.180742
-----------------------
1	0	0.119958
2	84	0.13291
3	168	0.145128
4	252	0.15765
5	336	0.166808
6	420	0.17953
7	504	0.187247
8	588	0.196289
9	672	0.203888
10	756	0.216572
11	840	0.224402
12	924	0.233769
-----------------------
1	0	0.103856
2	84	0.125825
3	168	0.136226
4	252	0.149713
5	336	0.161514
6	420	0.185344
7	504	0.191673
8	588	0.200843
9	672	0.209981
-----------------------
1	0	0.174636
2	84	0.185723
3	168	0.200241
4	252	0.21153
5	336	0.22237
-----------------------
1	0	0.0764871
2	0	0.0845306
3	84	0.098112
4	168	0.114139
5	252	0.129556
6	336	0.138181
7	420	0.152778
8	504	0.162723
9	588	0.182414
10	672	0.192845
11	756	0.20269
12	840	0.214007
-----------------------
1	0	0.17394
2	84	0.185835
3	168	0.199966
4	252	0.208105
-----------------------
1	0	0.0957768
2	0	0.104468
3	84	0.114729
4	168	0.129882
5	252	0.152199
6	336	0.161191
7	420	0.171685
8	504	0.1846
9	588	0.193693
10	672	0.201303
11	756	0.215712
12	840	0.226135
-----------------------
1	0	0.152456
2	84	0.172918
-----------------------
1	0	0.206871
2	84	0.217224
-----------------------
1	0	0.175527
2	84	0.192761
3	168	0.206636
4	252	0.230637
5	336	0.241613
6	420	0.251311
7	504	0.283659
8	588	0.299052
9	672	0.310577
10	756	0.321284
11	840	0.333524
12	924	0.343829
-----------------------
1	0	0.215542
2	84	0.229683
3	168	0.237055
4	252	0.243458
5	336	0.250891
-----------------------
1	0	0.154161
2	84	0.165052
3	168	0.181045
4	252	0.19774
5	336	0.214972
6	420	0.224602
7	504	0.233616
8	588	0.245614
9	672	0.256724
10	756	0.26702
11	840	0.274907
12	924	0.288178
-----------------------
1	0	0.0736576
2	0	0.0871856
3	84	0.099067
4	168	0.121551
5	252	0.133778
6	336	0.142886
7	420	0.152246
8	504	0.170423
9	588	0.187519
10	672	0.199636
11	756	0.210962
12	840	0.219544
-----------------------
1	0	0.0843278
2	0	0.0924367
3	84	0.109707
4	168	0.127224
5	252	0.140176
6	336	0.153882
7	420	0.162101
8	504	0.173078
9	588	0.184655
10	672	0.194589
11	756	0.203578
12	840	0.218279
-----------------------
1	0	0.0618946
2	0	0.0796918
3	84	0.096219
4	168	0.105593
5	252	0.124808
6	336	0.131449
7	420	0.155356
8	504	0.191989
9	588	0.214706
10	672	0.227547
11	756	0.2369
12	840	0.25161
-----------------------
1	0	0.0817816
2	0	0.0885185
3	84	0.105842
4	168	0.116428
5	252	0.138262
6	336	0.146282
7	420	0.154714
8	504	0.168869
9	588	0.182909
10	672	0.195864
11	756	0.207884
12	840	0.218048
-----------------------
1	0	0.069122
2	0	0.0835242
3	84	0.10707
4	168	0.115439
5	252	0.128421
6	336	0.13983
7	420	0.147578
8	504	0.15921
9	588	0.173555
10	672	0.18693
11	756	0.198142
12	840	0.207063
-----------------------
1	0	0.161936
-----------------------
1	0	0.198817
-----------------------
1	0	0.132047
2	0	0.138786
3	84	0.155627
4	168	0.165702
5	252	0.177537
6	336	0.186162
7	420	0.201256
8	504	0.211461
9	588	0.236818
10	672	0.255294
11	756	0.263865
12	840	0.275535
-----------------------
1	0	0.0759459
2	0	0.0911449
3	84	0.103841
4	168	0.130489
5	252	0.150634
6	336	0.159345
7	420	0.167816
8	504	0.190989
9	588	0.200743
10	672	0.208186
11	756	0.216999
12	840	0.224438
-----------------------
1	0	0.0742701
2	0	0.0903424
3	84	0.112375
4	168	0.131019
5	252	0.143586
6	336	0.156612
7	420	0.168495
8	504	0.178713
9	588	0.190127
10	672	0.198783
11	756	0.209669
12	840	0.226855
-----------------------
1	0	0.0595283
2	0	0.0687776
3	84	0.0824265
4	168	0.0984899
5	252	0.119028
6	336	0.137519
7	420	0.159323
8	504	0.18409
9	588	0.198738
10	672	0.209887
11	756	0.220541
12	840	0.229224
-----------------------
1	0	0.0574888
2	0	0.0893127
3	84	0.100528
4	168	0.116107
5	252	0.128692
6	336	0.140357
7	420	0.149302
8	504	0.161839
9	588	0.171839
10	672	0.181892
11	756	0.190387
12	840	0.205053
-----------------------
1	0	0.0689515
2	0	0.084885
3	84	0.100729
4	168	0.125266
5	252	0.139228
6	336	0.149301
7	420	0.160572
8	504	0.170736
9	588	0.198164
10	672	0.209117
11	756	0.221098
-----------------------
1	0	0.0969434
2	0	0.10365
3	84	0.122975
4	168	0.140326
5	252	0.156321
6	336	0.179425
7	420	0.212392
8	504	0.230801
9	588	0.251635
10	672	0.261274
11	756	0.270661
-----------------------
1	0	0.0802463
2	0	0.102468
3	84	0.138634
4	168	0.154858
5	252	0.171037
6	336	0.179608
7	420	0.188232
8	504	0.201164
9	588	0.213462
10	672	0.227766
11	756	0.239353
-----------------------
1	0	0.0859864
2	0	0.102826
3	84	0.118429
4	168	0.132241
5	252	0.157003
6	336	0.166947
7	420	0.1797
8	504	0.192156
9	588	0.206523
10	672	0.22059
11	756	0.231079
-----------------------
1	0	0.10589
2	0	0.113114
3	84	0.128032
4	168	0.140662
5	252	0.152182
6	336	0.161097
7	420	0.169617
8	504	0.189206
9	588	0.200279
10	672	0.226143
11	756	0.243745
12	840	0.256407
-----------------------
1	0	0.0561104
2	0	0.0640171
3	84	0.0797533
4	168	0.094339
5	252	0.108194
6	336	0.116351
7	420	0.128618
8	504	0.137256
9	588	0.150019
10	672	0.159444
11	756	0.172629
12	840	0.182995
-----------------------
1	0	0.0848105
2	0	0.102997
3	84	0.126404
4	168	0.137987
5	252	0.152797
6	336	0.164948
7	420	0.191764
8	504	0.201833
9	588	0.213282
10	672	0.225577
11	756	0.232479
-----------------------
1	0	0.0789694
2	0	0.101053
3	84	0.136796
4	168	0.153301
5	252	0.161672
6	336	0.168798
7	420	0.181483
8	504	0.205565
9	588	0.215316
10	672	0.223341
11	756	0.231289
12	840	0.244146
-----------------------
1	0	0.0734995
2	0	0.0831415
3	84	0.112994
4	168	0.135976
5	252	0.148282
6	336	0.159719
7	420	0.169596
8	504	0.178936
9	588	0.191138
10	672	0.203811
11	756	0.211892
-----------------------
1	0	0.0704959
2	0	0.0825723
3	84	0.104087
4	168	0.113449
5	252	0.12298
6	336	0.133022
7	420	0.146071
8	504	0.159732
9	588	0.179854
10	672	0.191527
11	756	0.205922
-----------------------
1	0	0.0498688
2	0	0.0633698
3	84	0.103071
4	168	0.122005
5	252	0.136139
6	336	0.151872
7	420	0.162338
8	504	0.182796
9	588	0.194139
10	672	0.205745
11	756	0.213742
-----------------------
1	0	0.0781485
2	0	0.0875109
3	84	0.101587
4	168	0.11736
5	252	0.132415
6	336	0.138961
7	420	0.160471
8	504	0.169284
9	588	0.182916
10	672	0.195077
11	756	0.205187
-----------------------
1	0	0.0601441
2	0	0.0697957
3	84	0.0950031
4	168	0.103969
5	252	0.119075
6	336	0.128431
7	420	0.136763
8	504	0.153959
9	588	0.165591
10	672	0.18357
11	756	0.193535
-----------------------
1	0	0.0621198
2	0	0.0731059
3	84	0.0840229
4	168	0.0937454
5	252	0.109219
6	336	0.122793
7	420	0.131877
8	504	0.13984
9	588	0.162953
10	672	0.171414
11	756	0.181654
-----------------------
1	0	0.0855914
2	0	0.0977226
3	84	0.119889
4	168	0.131312
5	252	0.138265
6	336	0.146218
7	420	0.159181
8	504	0.170096
9	588	0.192769
10	672	0.204172
11	756	0.213059
-----------------------
1	0	0.0631478
2	0	0.074393
3	84	0.0974731
4	168	0.112203
5	252	0.123118
6	336	0.132351
7	420	0.140303
8	504	0.161376
9	588	0.171267
10	672	0.180808
11	756	0.192628
-----------------------
1	0	0.0593705
2	0	0.0723689
3	84	0.107795
4	168	0.134308
5	252	0.1518
6	336	0.167029
7	420	0.175587
8	504	0.190941
9	588	0.203754
10	672	0.214429
11	756	0.235757
-----------------------
1	0	0.0580578
2	0	0.0743894
3	84	0.110416
4	168	0.138812
5	252	0.15295
6	336	0.161495
7	420	0.170485
8	504	0.184148
9	588	0.196356
10	672	0.207625
11	756	0.219956
-----------------------
1	0	0.064241
2	0	0.0862601
3	84	0.0970001
4	168	0.105961
5	252	0.116346
6	336	0.125655
7	420	0.137088
8	504	0.144893
9	588	0.157794
10	672	0.17371
11	756	0.183533
-----------------------
1	0	0.0723552
2	0	0.087416
3	84	0.103739
4	168	0.110412
5	252	0.121773
6	336	0.142625
7	420	0.156015
8	504	0.164839
9	588	0.180844
10	672	0.192883
11	756	0.208026
-----------------------
1	0	0.0842082
2	0	0.0961147
3	84	0.118412
4	168	0.137351
5	252	0.148946
6	336	0.157798
7	420	0.167949
8	504	0.181807
9	588	0.195669
10	672	0.20474
11	756	0.217451
-----------------------
1	0	0.0585749
2	0	0.0766081
3	84	0.0985808
4	168	0.110754
5	252	0.119797
6	336	0.126153
7	420	0.134472
8	504	0.167216
9	588	0.186462
10	672	0.204715
11	756	0.224689
-----------------------
1	0	0.0811677
2	0	0.0938654
3	84	0.12356
4	168	0.140457
5	252	0.154897
6	336	0.166023
7	420	0.17638
8	504	0.191206
9	588	0.2067
10	672	0.216257
11	756	0.22718
-----------------------
1	0	0.0718264
2	0	0.0910058
3	84	0.108685
4	168	0.127643
5	252	0.141107
6	336	0.170458
7	420	0.185502
8	504	0.199493
9	588	0.214186
10	672	0.22587
11	756	0.236417
-----------------------
1	0	0.0924005
2	0	0.103813
3	84	0.122214
4	168	0.132627
5	252	0.141837
6	336	0.148907
7	420	0.158739
8	504	0.168587
9	588	0.180616
10	672	0.18996
11	756	0.200134
-----------------------
1	0	0.0720097
2	0	0.0838003
3	84	0.0953746
4	168	0.108093
5	252	0.129665
6	336	0.13789
7	420	0.152446
8	504	0.167112
9	588	0.184263
10	672	0.198525
11	756	0.224352
12	840	0.23639
-----------------------
1	0	0.0842095
2	0	0.096503
3	84	0.12927
4	168	0.139905
5	252	0.150204
6	336	0.169716
7	420	0.179167
8	504	0.188199
9	588	0.204922
10	672	0.214034
11	756	0.225512
-----------------------
1	0	0.106451
2	0	0.124046
3	84	0.148393
4	168	0.177413
5	252	0.188036
6	336	0.199174
7	420	0.20746
8	504	0.21839
9	588	0.237363
10	672	0.24702
11	756	0.260518
-----------------------
1	0	0.0747604
2	0	0.0917331
3	84	0.105255
4	168	0.124557
5	252	0.131579
6	336	0.137511
7	420	0.144431
8	504	0.158551
9	588	0.169417
10	672	0.182782
11	756	0.192407
-----------------------
1	0	0.0919672
2	0	0.100408
3	84	0.126583
4	168	0.14046
5	252	0.150636
6	336	0.161963
7	420	0.171448
8	504	0.184637
9	588	0.20373
10	672	0.215354
11	756	0.223018
12	840	0.234598
-----------------------
1	0	0.0721712
2	0	0.0843908
3	84	0.0970306
4	168	0.10526
5	252	0.116612
6	336	0.127412
7	420	0.139713
8	504	0.152812
9	588	0.167021
10	672	0.174865
11	756	0.181713
12	840	0.189072
-----------------------
1	0	0.0794361
2	0	0.0863491
3	84	0.098785
4	168	0.122029
5	252	0.132394
6	336	0.140222
7	420	0.154562
8	504	0.167044
9	588	0.181818
10	672	0.195823
11	756	0.2105
12	840	0.228539
-----------------------
1	0	0.0806459
2	0	0.0968534
3	84	0.110365
4	168	0.126027
5	252	0.143176
6	336	0.151295
7	420	0.160984
8	504	0.172432
9	588	0.19256
10	672	0.207835
11	756	0.223405
12	840	0.233279
-----------------------
1	0	0.0975087
2	0	0.104471
3	84	0.116854
4	168	0.130706
5	252	0.145
6	336	0.155143
7	420	0.174764
8	504	0.185191
9	588	0.197803
10	672	0.207102
11	756	0.216046
-----------------------
1	0	0.0791023
2	0	0.0959522
3	84	0.109735
4	168	0.127926
5	252	0.138256
6	336	0.144776
7	420	0.152125
8	504	0.166204
9	588	0.186079
10	672	0.201118
11	756	0.210651
-----------------------
1	0	0.0818779
2	0	0.102255
3	84	0.121695
4	168	0.132106
5	252	0.143967
6	336	0.154763
7	420	0.163403
8	504	0.174327
9	588	0.187386
10	672	0.195137
11	756	0.205247
-----------------------
1	0	0.0666275
2	0	0.0902569
3	84	0.105646
4	168	0.1177
5	252	0.127478
6	336	0.135244
7	420	0.14479
8	504	0.161772
9	588	0.180304
10	672	0.191162
11	756	0.204237
-----------------------
1	0	0.0917953
2	0	0.104482
3	84	0.125059
4	168	0.135254
5	252	0.153301
6	336	0.167276
7	420	0.177479
8	504	0.20764
9	588	0.218277
10	672	0.229017
11	756	0.238982
12	840	0.254524
-----------------------
1	0	0.0665816
2	0	0.0723385
3	84	0.0875777
4	168	0.0958497
5	252	0.106466
6	336	0.118051
7	420	0.130979
8	504	0.145183
9	588	0.160036
-----------------------
1	0	0.0688065
2	0	0.0878076
3	84	0.101482
4	168	0.120007
5	252	0.132105
6	336	0.154769
7	420	0.177939
8	504	0.189072
9	588	0.215086
-----------------------
1	0	0.120911
2	0	0.129565
3	84	0.145099
4	168	0.158397
5	252	0.167806
6	336	0.177399
7	420	0.188831
8	504	0.204209
9	588	0.216583
-----------------------
1	0	0.100496
2	0	0.113683
3	84	0.140107
4	168	0.152295
5	252	0.164305
6	336	0.170109
7	420	0.178518
8	504	0.189886
9	588	0.205723
-----------------------
1	0	0.165645
2	0	0.174459
3	84	0.187381
4	168	0.203218
-----------------------
1	0	0.202205
2	0	0.211707
3	84	0.224935
4	168	0.243282
5	252	0.253952
-----------------------
1	0	0.266132
-----------------------
1	0	0.170829
-----------------------
1	0	0.251093
-----------------------
1	0	0.241967
-----------------------
1	0	0.0975887
2	0	0.107058
3	84	0.116993
4	168	0.136925
5	252	0.157158
6	336	0.16758
7	420	0.175729
8	504	0.188622
9	588	0.206454
10	672	0.223162
11	756	0.230992
12	840	0.244386
-----------------------
1	0	0.0676954
2	0	0.0742481
3	84	0.103205
4	168	0.112694
5	252	0.12514
6	336	0.136385
7	420	0.14634
8	504	0.156574
9	588	0.178142
10	672	0.188601
11	756	0.198553
12	840	0.208315
-----------------------
1	0	0.0876454
2	0	0.0947974
3	84	0.113586
4	168	0.129162
5	252	0.147165
6	336	0.155031
7	420	0.162261
8	504	0.175673
9	588	0.187966
10	672	0.199259
11	756	0.216509
12	840	0.240925
-----------------------
1	0	0.121105
2	0	0.126945
3	84	0.136402
4	168	0.16152
5	252	0.179572
6	336	0.191281
7	420	0.202105
8	504	0.216387
9	588	0.242973
-----------------------
1	0	0.192251
2	0	0.203867
3	84	0.227333
4	168	0.243426
5	252	0.254573
6	336	0.266351
7	420	0.276967
8	504	0.292259
9	588	0.30609
10	672	0.319425
-----------------------
1	0	0.0544617
2	0	0.064829
3	84	0.0748688
4	168	0.0914343
5	252	0.109828
6	336	0.11875
7	420	0.129453
8	504	0.139671
9	588	0.165328
10	672	0.17541
11	756	0.185026
12	840	0.195335
-----------------------
1	0	0.0555724
2	0	0.0639519
3	84	0.0903845
4	168	0.100599
5	252	0.109166
6	336	0.118787
7	420	0.127745
8	504	0.137163
9	588	0.164945
10	672	0.179679
11	756	0.188753
12	840	0.200206
-----------------------
1	0	0.0548509
2	0	0.0724944
3	84	0.089265
4	168	0.0996582
5	252	0.108648
6	336	0.117431
7	420	0.132652
8	504	0.141843
9	588	0.152276
10	672	0.164018
11	756	0.173829
12	840	0.184093
-----------------------
1	0	0.0832849
2	0	0.0948968
3	84	0.114291
4	168	0.131978
5	252	0.147245
6	336	0.155133
7	420	0.162919
8	504	0.173282
9	588	0.191031
10	672	0.206568
11	756	0.218992
12	840	0.227478
-----------------------
1	0	0.0895151
2	0	0.106921
3	84	0.154655
4	168	0.169143
5	252	0.181887
6	336	0.190418
7	420	0.20225
8	504	0.211629
9	588	0.224985
10	672	0.233704
11	756	0.243142
12	840	0.25065
-----------------------
1	0	0.0691691
2	0	0.0874421
3	84	0.114185
4	168	0.125449
5	252	0.137043
6	336	0.145644
7	420	0.166306
8	504	0.19146
9	588	0.201343
10	672	0.21051
11	756	0.22154
12	840	0.236957
-----------------------
1	0	0.049262
2	0	0.065965
3	84	0.0810562
4	168	0.0952071
5	252	0.108189
6	336	0.117262
7	420	0.134582
8	504	0.151998
9	588	0.165993
10	672	0.180837
11	756	0.192596
12	840	0.201134
-----------------------
1	0	0.0738912
2	0	0.0850485
3	84	0.108742
4	168	0.116926
5	252	0.128581
6	336	0.135538
7	420	0.143324
8	504	0.159642
9	588	0.173476
10	672	0.18033
11	756	0.190578
12	840	0.199161
-----------------------
1	0	0.0829954
2	0	0.0959587
3	84	0.114929
4	168	0.127314
5	252	0.134932
6	336	0.144458
7	420	0.161077
8	504	0.173364
9	588	0.19054
10	672	0.19763
11	756	0.213342
12	840	0.226352
-----------------------
1	0	0.053969
2	0	0.0611773
3	84	0.0742712
4	168	0.0844664
5	252	0.0944798
6	336	0.105809
7	420	0.115622
8	504	0.124636
9	588	0.136129
10	672	0.143969
11	756	0.166713
-----------------------
1	0	0.0834044
2	0	0.0935002
3	84	0.112206
4	168	0.123243
5	252	0.146483
6	336	0.154771
7	420	0.163154
8	504	0.173338
-----------------------
1	0	0.0763206
2	0	0.0930188
3	84	0.105758
4	168	0.117587
5	252	0.129478
6	336	0.13873
7	420	0.148633
8	504	0.156684
9	588	0.172194
10	672	0.188448
11	756	0.198674
-----------------------
1	0	0.0856299
2	0	0.0922583
3	84	0.107252
4	168	0.117308
5	252	0.139257
6	336	0.148023
7	420	0.156107
8	504	0.164803
9	588	0.175335
10	672	0.185043
11	756	0.2029
12	840	0.213925
-----------------------
1	0	0.0848714
2	0	0.094835
3	84	0.107782
4	168	0.118527
5	252	0.131373
6	336	0.142235
7	420	0.152547
8	504	0.16442
9	588	0.180167
10	672	0.192691
11	756	0.202603
12	840	0.212425
-----------------------
1	0	0.098718
2	0	0.107049
3	84	0.121001
4	168	0.130323
5	252	0.152699
6	336	0.160125
7	420	0.173488
8	504	0.18846
9	588	0.204355
10	672	0.219727
11	756	0.228909
12	840	0.238204
-----------------------
1	0	0.0556599
2	0	0.0622612
3	84	0.0853485
4	168	0.0953203
5	252	0.106511
6	336	0.114924
7	420	0.123574
8	504	0.132462
9	588	0.146728
10	672	0.155261
11	756	0.165345
12	840	0.178329
-----------------------
1	0	0.0605412
2	0	0.0691105
3	84	0.0854346
4	168	0.0943469
5	252	0.118023
6	336	0.125922
7	420	0.136585
8	504	0.150387
9	588	0.159338
10	672	0.168528
11	756	0.178229
12	840	0.187623
-----------------------
1	0	0.0566369
2	0	0.0690023
3	84	0.0857212
4	168	0.103167
5	252	0.115348
6	336	0.123338
7	420	0.131778
8	504	0.161169
9	588	0.175734
10	672	0.185326
11	756	0.194641
12	840	0.204455
-----------------------
1	0	0.182117
-----------------------
1	0	0.200246
-----------------------
1	0	0.0894677
2	0	0.110165
3	84	0.127636
4	168	0.138128
5	252	0.147964
6	336	0.156443
7	420	0.170568
8	504	0.187565
9	588	0.199869
10	672	0.20846
11	756	0.21771
12	840	0.225318
-----------------------
1	0	0.0592736
-----------------------
1	0	0.297428
-----------------------
1	0	0.23333
-----------------------
1	0	0.103791
-----------------------
1	0	0.301894
-----------------------
1	0	0.164501
-----------------------
1	0	0.207783
-----------------------
1	0	0.228638
-----------------------
1	0	0.135209
2	84	0.151322
3	168	0.160529
4	252	0.183085
5	336	0.199017
6	420	0.21472
7	504	0.22525
8	588	0.238675
9	672	0.249218
10	756	0.256892
11	840	0.2667
12	924	0.274491
-----------------------
1	0	0.0762815
2	0	0.0836262
3	84	0.0962205
4	168	0.108377
5	252	0.121374
-----------------------
1	0	0.186347
2	0	0.19863
3	84	0.209394
4	168	0.222584
-----------------------
1	0	0.19116
2	0	0.197977
3	84	0.209938
4	168	0.222137
5	252	0.232292
6	336	0.243224
7	420	0.256424
8	504	0.266307
9	588	0.282076
10	672	0.290407
11	756	0.297494
12	840	0.304807
-----------------------
1	0	0.0784771
2	0	0.0917329
3	84	0.10421
4	168	0.120493
5	252	0.132731
6	336	0.151258
7	420	0.167799
8	504	0.180947
9	588	0.194298
10	672	0.205495
11	756	0.218813
12	840	0.22734
-----------------------
1	0	0.0604089
2	0	0.0683102
3	84	0.0960031
4	168	0.104987
5	252	0.116759
6	336	0.128754
7	420	0.143278
8	504	0.169004
9	588	0.179667
10	672	0.19117
11	756	0.198453
12	840	0.205568
-----------------------
1	0	0.0589405
2	0	0.0683025
3	84	0.0828104
-----------------------
1	0	0.18008
2	0	0.191095
3	84	0.198757
4	168	0.207453
-----------------------
1	0	0.175595
2	0	0.189864
3	84	0.205917
4	168	0.216486
5	252	0.239465
6	336	0.261237
7	420	0.273836
8	504	0.281833
-----------------------
1	0	0.0617111
2	0	0.0718305
3	84	0.0846485
4	168	0.102452
5	252	0.124184
6	336	0.1351
7	420	0.153208
8	504	0.172877
9	588	0.192186
10	672	0.205353
11	756	0.216841
12	840	0.227274
-----------------------
1	0	0.0764486
2	0	0.0866089
3	84	0.110311
4	168	0.1228
5	252	0.14124
6	336	0.148991
7	420	0.15873
8	504	0.168846
9	588	0.179923
10	672	0.199779
-----------------------
1	0	0.0893068
2	0	0.112455
3	84	0.134344
4	168	0.142134
5	252	0.152104
6	336	0.159393
7	420	0.166278
8	504	0.177922
9	588	0.200143
10	672	0.209412
11	756	0.216568
12	840	0.225305
-----------------------
1	0	0.08299
2	0	0.0905429
3	84	0.10477
4	168	0.11678
5	252	0.14163
6	336	0.153458
7	420	0.162822
8	504	0.173256
9	588	0.188864
10	672	0.202433
11	756	0.21239
12	840	0.225154
-----------------------
1	0	0.0824309
2	0	0.107948
3	84	0.124182
4	168	0.135731
5	252	0.16606
6	336	0.177768
7	420	0.185862
8	504	0.197212
9	588	0.209027
-----------------------
1	0	0.0795776
2	0	0.0936058
3	84	0.109151
4	168	0.124663
5	252	0.135419
6	336	0.147787
7	420	0.175856
8	504	0.189863
9	588	0.203887
10	672	0.217924
-----------------------
1	0	0.0888884
2	0	0.0983149
3	84	0.113301
4	168	0.129747
5	252	0.138623
6	336	0.144678
7	420	0.154087
8	504	0.161023
9	588	0.173796
10	672	0.192804
11	756	0.20053
-----------------------
1	0	0.0752743
2	0	0.0894731
3	84	0.115104
4	168	0.132254
5	252	0.150799
6	336	0.167271
7	420	0.183432
8	504	0.197347
9	588	0.207472
10	672	0.216878
11	756	0.225127
12	840	0.233566
-----------------------
1	0	0.0590419
2	0	0.0646694
3	84	0.0785345
4	168	0.0933837
5	252	0.103202
6	336	0.111771
7	420	0.119914
8	504	0.137476
9	588	0.1554
-----------------------
1	0	0.0988934
2	0	0.120138
3	84	0.1312
4	168	0.139726
5	252	0.150975
6	336	0.160344
7	420	0.168961
8	504	0.184248
9	588	0.194765
-----------------------
1	0	0.112281
2	0	0.132103
3	84	0.147299
4	168	0.167427
5	252	0.177589
6	336	0.185874
7	420	0.197172
8	504	0.211519
9	588	0.226961
10	672	0.2376
11	756	0.2497
-----------------------
1	0	0.0757908
2	0	0.0999923
3	84	0.124274
4	168	0.13082
5	252	0.141074
6	336	0.155639
7	420	0.16811
8	504	0.184934
9	588	0.196546
10	672	0.206255
11	756	0.222091
12	840	0.232356
-----------------------
1	0	0.0702501
2	0	0.0762978
3	84	0.110757
4	168	0.122347
5	252	0.131284
6	336	0.142179
7	420	0.151585
8	504	0.158903
9	588	0.181223
10	672	0.190337
11	756	0.198071
12	840	0.212026
-----------------------
1	0	0.0541351
2	0	0.0610394
3	84	0.0893628
4	168	0.103997
-----------------------
1	0	0.127945
2	0	0.144782
3	84	0.155123
4	168	0.167826
5	252	0.177186
6	336	0.185268
7	420	0.193603
8	504	0.201339
9	588	0.216202
-----------------------
1	0	0.120742
2	0	0.143766
3	84	0.154778
4	168	0.166925
5	252	0.179226
6	336	0.187457
7	420	0.196543
8	504	0.213883
9	588	0.224797
10	672	0.237073
-----------------------
1	0	0.0856351
2	0	0.106633
3	84	0.127898
4	168	0.144047
5	252	0.160283
6	336	0.173516
7	420	0.182162
8	504	0.194962
9	588	0.207163
10	672	0.232251
11	756	0.244468
-----------------------
1	0	0.0676375
2	0	0.0740895
3	84	0.0845508
4	168	0.1054
5	252	0.11204
6	336	0.120503
7	420	0.130345
8	504	0.137392
9	588	0.147984
10	672	0.157931
-----------------------
1	0	0.101164
2	0	0.12064
3	84	0.136915
4	168	0.146672
5	252	0.156835
6	336	0.166318
7	420	0.174842
8	504	0.196756
9	588	0.207469
-----------------------
1	0	0.0727702
2	0	0.0812464
3	84	0.0946033
4	168	0.107762
5	252	0.121717
6	336	0.128654
7	420	0.14716
8	504	0.156091
9	588	0.176007
-----------------------
1	0	0.0819463
2	0	0.0911437
3	84	0.107065
4	168	0.124717
5	252	0.13713
6	336	0.145718
7	420	0.15232
8	504	0.161505
9	588	0.172911
10	672	0.18332
-----------------------
1	0	0.141441
2	0	0.162158
3	84	0.182326
4	168	0.202311
5	252	0.213972
6	336	0.221344
7	420	0.233136
8	504	0.244333
9	588	0.258912
10	672	0.270223
11	756	0.279084
-----------------------
1	0	0.0636657
2	0	0.07565
3	84	0.103299
4	168	0.112188
5	252	0.123254
6	336	0.134789
7	420	0.143442
8	504	0.151901
9	588	0.167722
10	672	0.176457
11	756	0.184481
-----------------------
1	0	0.0642949
2	0	0.0756486
3	84	0.0927834
4	168	0.120877
5	252	0.134801
6	336	0.14489
7	420	0.157944
8	504	0.178194
9	588	0.191541
10	672	0.199183
11	756	0.211108
-----------------------
1	0	0.0713127
2	0	0.0895073
3	84	0.103627
4	168	0.12848
5	252	0.150971
6	336	0.162431
7	420	0.184247
8	504	0.193416
9	588	0.205161
10	672	0.215519
11	756	0.225681
-----------------------
1	0	0.105761
2	0	0.112681
3	84	0.128161
4	168	0.152101
5	252	0.176175
6	336	0.186253
7	420	0.195309
8	504	0.205838
9	588	0.219952
10	672	0.242531
11	756	0.255932
-----------------------
1	0	0.0552243
2	0	0.0726468
3	84	0.0867321
4	168	0.0954979
5	252	0.10873
6	336	0.116184
7	420	0.123795
8	504	0.139547
9	588	0.151601
10	672	0.168765
-----------------------
1	0	0.0761901
2	0	0.0829211
3	84	0.0938815
4	168	0.102727
5	252	0.117405
6	336	0.135991
7	420	0.156081
8	504	0.172361
9	588	0.192177
-----------------------
1	0	0.102561
2	0	0.111956
3	84	0.128818
4	168	0.138279
5	252	0.14813
6	336	0.159571
7	420	0.166331
8	504	0.173789
9	588	0.196914
10	672	0.206785
-----------------------
1	0	0.101704
2	0	0.109344
3	84	0.12497
4	168	0.141348
5	252	0.15882
6	336	0.169949
7	420	0.178421
8	504	0.195554
9	588	0.20709
10	672	0.214657
-----------------------
1	0	0.083414
2	0	0.093371
3	84	0.11066
4	168	0.127667
5	252	0.153117
6	336	0.159464
7	420	0.167202
8	504	0.179133
9	588	0.205916
10	672	0.216174
-----------------------
1	0	0.0901309
2	0	0.105685
3	84	0.126149
4	168	0.151371
5	252	0.167877
6	336	0.181162
7	420	0.190639
8	504	0.210639
9	588	0.222499
10	672	0.239206
11	756	0.25099
-----------------------
1	0	0.161732
-----------------------
1	0	0.215054
-----------------------
1	0	0.142183
2	0	0.148718
3	84	0.161562
4	168	0.170775
5	252	0.181105
6	336	0.196416
7	420	0.210004
8	504	0.229994
9	588	0.2463
10	672	0.257601
11	756	0.270485
12	840	0.278834
-----------------------
1	0	0.0520642
2	0	0.058228
3	84	0.0703698
4	168	0.0825398
5	252	0.116142
6	336	0.129288
7	420	0.145269
8	504	0.168698
9	588	0.18229
10	672	0.195801
11	756	0.212731
12	840	0.232267
-----------------------
1	0	0.0795774
2	0	0.0905911
3	84	0.107622
4	168	0.124285
5	252	0.146263
6	336	0.162443
7	420	0.172841
8	504	0.196989
9	588	0.214725
10	672	0.227229
11	756	0.236538
12	840	0.251192
-----------------------
1	0	0.242968
-----------------------
1	0	0.109839
2	0	0.116441
3	84	0.131904
4	168	0.146396
5	252	0.170615
6	336	0.187298
7	420	0.197746
8	504	0.220483
9	588	0.248685
10	672	0.264279
11	756	0.275175
12	840	0.286886
-----------------------
1	0	0.0736706
2	0	0.0877463
3	84	0.111068
4	168	0.128952
5	252	0.151461
6	336	0.174407
7	420	0.190321
8	504	0.20702
9	588	0.233166
10	672	0.245647
11	756	0.256308
12	840	0.267242
-----------------------
1	0	0.07583
2	0	0.0861891
3	84	0.100223
4	168	0.11502
5	252	0.128218
6	336	0.138297
7	420	0.14982
8	504	0.163405
9	588	0.182363
10	672	0.190033
11	756	0.20241
12	840	0.215004
-----------------------
1	0	0.0783062
2	0	0.0854997
3	84	0.0979813
4	168	0.116511
5	252	0.131698
6	336	0.139817
7	420	0.150402
8	504	0.158897
9	588	0.174051
10	672	0.187882
11	756	0.1989
12	840	0.209942
-----------------------
1	0	0.0614827
2	0	0.0903423
3	84	0.102037
4	168	0.111494
5	252	0.120292
6	336	0.128085
7	420	0.151254
8	504	0.160527
9	588	0.170164
10	672	0.180721
11	756	0.190588
-----------------------
1	0	0.0689441
2	0	0.0987218
3	84	0.11134
4	168	0.12508
5	252	0.140051
6	336	0.155647
7	420	0.164251
8	504	0.182884
9	588	0.198797
10	672	0.22123
11	756	0.234528
-----------------------
1	0	0.0822968
2	0	0.10771
3	84	0.1477
4	168	0.167347
5	252	0.192527
6	336	0.205663
7	420	0.215263
8	504	0.23042
9	588	0.247823
10	672	0.259735
11	756	0.267649
-----------------------
1	0	0.0681613
2	0	0.0804792
3	84	0.100335
4	168	0.126596
5	252	0.142462
6	336	0.154566
7	420	0.163485
8	504	0.176109
9	588	0.204452
10	672	0.214125
11	756	0.22762
-----------------------
1	0	0.0586447
2	0	0.0793831
3	84	0.10255
4	168	0.109003
5	252	0.118261
6	336	0.125948
7	420	0.148988
8	504	0.168553
9	588	0.182202
-----------------------
1	0	0.125625
2	0	0.131999
3	84	0.148827
4	168	0.161256
5	252	0.173754
6	336	0.182138
7	420	0.188986
8	504	0.197399
9	588	0.211704
10	672	0.220062
-----------------------
1	0	0.130521
2	0	0.142488
3	84	0.15237
4	168	0.16829
5	252	0.181498
6	336	0.198922
7	420	0.208377
8	504	0.21911
9	588	0.233184
10	672	0.241885
11	756	0.253611
12	840	0.265439
-----------------------
1	0	0.0626667
2	0	0.0709854
3	84	0.0869301
4	168	0.0980124
5	252	0.110754
6	336	0.120548
7	420	0.135851
8	504	0.150358
9	588	0.166005
10	672	0.178622
11	756	0.193359
12	840	0.201569
-----------------------
1	0	0.0902381
2	0	0.11125
3	84	0.139228
4	168	0.149735
5	252	0.159961
6	336	0.189206
7	420	0.198343
8	504	0.21368
9	588	0.225644
-----------------------
1	0	0.0926787
2	0	0.103888
3	84	0.113916
4	168	0.127646
5	252	0.140588
6	336	0.14993
7	420	0.157939
8	504	0.167284
9	588	0.184777
-----------------------
1	0	0.0961233
2	0	0.10675
3	84	0.133404
4	168	0.145672
5	252	0.155303
6	336	0.166217
7	420	0.182082
8	504	0.195721
9	588	0.210731
10	672	0.221681
-----------------------
1	0	0.117769
2	0	0.134203
3	84	0.148481
4	168	0.173359
5	252	0.200892
6	336	0.227889
7	420	0.241078
8	504	0.250414
9	588	0.264703
10	672	0.274726
11	756	0.282194
-----------------------
1	0	0.0836173
2	0	0.096536
3	84	0.109807
4	168	0.11933
5	252	0.133779
6	336	0.141198
7	420	0.147491
8	504	0.161707
9	588	0.184468
-----------------------
1	0	0.220611
-----------------------
1	0	0.0923674
2	0	0.109347
3	84	0.127358
4	168	0.139872
5	252	0.166879
6	336	0.183071
7	420	0.191721
8	504	0.20303
9	588	0.218747
10	672	0.231668
11	756	0.242097
12	840	0.250645
-----------------------
1	0	0.0567325
2	0	0.0749821
3	84	0.0897444
4	168	0.0995996
5	252	0.108837
6	336	0.115515
7	420	0.124674
8	504	0.132969
9	588	0.144104
10	672	0.167386
11	756	0.176037
12	840	0.183479
-----------------------
1	0	0.20102
2	84	0.21337
3	168	0.22932
4	252	0.241101
-----------------------
1	0	0.189639
-----------------------
1	0	0.230529
-----------------------
1	0	0.22923
2	84	0.238932
3	168	0.250198
-----------------------
1	0	0.176252
-----------------------
1	0	0.256351
2	84	0.271056
-----------------------
1	0	0.124922
2	84	0.14033
3	168	0.160619
4	252	0.177211
5	336	0.185441
6	420	0.19652
7	504	0.20566
8	588	0.220097
9	672	0.228243
10	756	0.235149
11	840	0.243363
12	924	0.24966
-----------------------
1	0	0.0682958
2	0	0.0755266
3	84	0.0921393
4	168	0.107225
5	252	0.116141
6	336	0.128266
7	420	0.137673
8	504	0.145089
9	588	0.160468
10	672	0.170722
11	756	0.182961
12	840	0.197215
-----------------------
1	0	0.0515702
2	0	0.0762556
3	84	0.0928661
4	168	0.103063
5	252	0.113078
6	336	0.122541
7	420	0.131367
8	504	0.148429
9	588	0.169183
10	672	0.178748
11	756	0.186336
12	840	0.195305
-----------------------
1	0	0.0787845
2	0	0.0866489
3	84	0.100751
4	168	0.111502
5	252	0.123393
6	336	0.131768
7	420	0.145813
8	504	0.160021
9	588	0.179647
10	672	0.189771
11	756	0.199737
12	840	0.212123
-----------------------
1	0	0.0759089
2	0	0.0828261
3	84	0.104487
4	168	0.119944
5	252	0.129379
6	336	0.136396
7	420	0.143723
8	504	0.153161
9	588	0.171056
10	672	0.184971
11	756	0.199015
12	840	0.206659
-----------------------
1	0	0.0565806
2	0	0.066957
3	84	0.0787117
4	168	0.100813
5	252	0.11143
6	336	0.117747
7	420	0.124125
8	504	0.135126
9	588	0.146605
10	672	0.155859
11	756	0.178346
12	840	0.187998
-----------------------
1	0	0.0632196
2	0	0.0798752
3	84	0.105428
4	168	0.112754
5	252	0.122321
6	336	0.130945
7	420	0.150093
8	504	0.165594
9	588	0.179779
10	672	0.192231
11	756	0.202363
12	840	0.214713
-----------------------
1	0	0.0462523
2	0	0.0612506
3	84	0.0838165
4	168	0.0925901
5	252	0.105081
6	336	0.114021
7	420	0.122645
8	504	0.14303
9	588	0.15532
10	672	0.165685
11	756	0.176939
12	840	0.189796
-----------------------
1	0	0.0758425
2	0	0.0919138
3	84	0.114698
4	168	0.125215
5	252	0.144347
6	336	0.154215
7	420	0.167058
8	504	0.176355
9	588	0.189489
10	672	0.203857
11	756	0.215402
12	840	0.226589
-----------------------
1	0	0.0777553
2	0	0.0913612
3	84	0.107843
4	168	0.127591
5	252	0.144682
6	336	0.152577
7	420	0.174675
8	504	0.186317
9	588	0.199413
10	672	0.213822
11	756	0.225747
12	840	0.238428
-----------------------
1	0	0.0540233
2	0	0.067025
3	84	0.0796609
4	168	0.0897899
5	252	0.114673
6	336	0.122276
7	420	0.130054
8	504	0.141161
9	588	0.159051
10	672	0.188626
11	756	0.202113
12	840	0.213021
-----------------------
1	0	0.0727054
2	0	0.0996824
3	84	0.116875
4	168	0.126326
5	252	0.141657
6	336	0.158369
7	420	0.167763
8	504	0.18575
9	588	0.196819
10	672	0.205096
11	756	0.22143
12	840	0.232885
-----------------------
1	0	0.0671001
2	0	0.0761048
3	84	0.0893327
4	168	0.0978943
5	252	0.121844
6	336	0.132281
7	420	0.147702
8	504	0.160045
9	588	0.172782
10	672	0.184939
11	756	0.20422
12	840	0.214044
-----------------------
1	0	0.0688092
2	0	0.0750334
3	84	0.0967056
4	168	0.114425
5	252	0.12504
6	336	0.133778
7	420	0.1539
8	504	0.166587
9	588	0.187391
10	672	0.199289
11	756	0.210661
12	840	0.221709
-----------------------
1	0	0.0881522
2	0	0.0952385
3	84	0.10765
4	168	0.12108
5	252	0.132588
6	336	0.141056
7	420	0.149634
8	504	0.161982
9	588	0.181403
10	672	0.193642
11	756	0.202668
12	840	0.210439
-----------------------
1	0	0.053241
2	0	0.0616881
3	84	0.095169
4	168	0.113366
5	252	0.121055
6	336	0.130351
7	420	0.137473
8	504	0.145142
9	588	0.16959
10	672	0.183247
11	756	0.19445
12	840	0.20192
-----------------------
1	0	0.0723327
2	0	0.0805703
3	84	0.0920586
4	168	0.100761
5	252	0.110331
6	336	0.125754
7	420	0.13798
8	504	0.14795
9	588	0.157504
10	672	0.165865
11	756	0.173263
12	840	0.188693
-----------------------
1	0	0.076197
2	0	0.0829444
3	84	0.0922748
4	168	0.101581
5	252	0.115113
6	336	0.128902
7	420	0.146217
8	504	0.157931
9	588	0.174133
10	672	0.184218
11	756	0.1948
12	840	0.204975
-----------------------
1	0	0.0733988
2	0	0.0815224
3	84	0.0937389
4	168	0.121067
5	252	0.13925
6	336	0.153171
7	420	0.167488
8	504	0.179661
9	588	0.193383
10	672	0.206232
11	756	0.213692
12	840	0.231847
-----------------------
1	0	0.0610147
2	0	0.089038
3	84	0.109701
4	168	0.125359
5	252	0.13554
6	336	0.1475
7	420	0.163187
8	504	0.179597
9	588	0.190585
10	672	0.202327
11	756	0.213514
12	840	0.225839
-----------------------
1	0	0.0642165
2	0	0.0764636
3	84	0.0970081
4	168	0.115347
5	252	0.128673
6	336	0.140864
7	420	0.15242
8	504	0.167535
9	588	0.178326
10	672	0.190022
11	756	0.200974
12	840	0.225139
-----------------------
1	0	0.0680214
2	0	0.0760428
3	84	0.0918556
4	168	0.100032
5	252	0.109783
6	336	0.128366
7	420	0.137861
8	504	0.149299
9	588	0.162636
10	672	0.176135
11	756	0.191143
12	840	0.200889
-----------------------
1	0	0.067047
2	0	0.0817864
3	84	0.0996488
4	168	0.115029
5	252	0.128064
6	336	0.140215
7	420	0.14794
8	504	0.157628
9	588	0.175445
10	672	0.182946
11	756	0.199592
12	840	0.213694
-----------------------
1	0	0.178349
2	84	0.20257
3	168	0.219102
4	252	0.233024
5	336	0.24253
6	420	0.253205
-----------------------
1	0	0.133005
2	84	0.159528
3	168	0.171524
4	252	0.179711
5	336	0.186648
-----------------------
1	0	0.122429
2	84	0.141236
3	168	0.151332
4	252	0.164079
5	336	0.174702
-----------------------
1	0	0.169745
-----------------------
1	0	0.0840559
2	0	0.0965307
3	84	0.109215
4	168	0.118241
5	252	0.13766
6	336	0.147816
7	420	0.158226
8	504	0.172168
9	588	0.186608
10	672	0.203882
11	756	0.213004
12	840	0.225063
-----------------------
1	0	0.220509
2	84	0.236404
3	168	0.245695
4	252	0.256084
5	336	0.271234
6	420	0.280942
-----------------------
1	0	0.198922
-----------------------
1	0	0.184483
-----------------------
1	0	0.228032
-----------------------
1	0	0.16582
-----------------------
1	0	0.138969
-----------------------
1	0	0.352997
-----------------------
1	0	0.210058
-----------------------
1	0	0.169589
-----------------------
1	0	0.19683
-----------------------
1	0	0.137144
2	84	0.158025
3	168	0.173062
4	252	0.184354
5	336	0.193626
6	420	0.203909
7	504	0.211422
8	588	0.221339
9	672	0.227942
-----------------------
1	0	0.168022
2	84	0.177758
3	168	0.186976
4	252	0.199605
5	336	0.211456
6	420	0.222728
7	504	0.231875
8	588	0.243531
-----------------------
1	0	0.0469741
2	0	0.0615609
3	84	0.0772525
4	168	0.0941425
5	252	0.110205
6	336	0.122414
7	420	0.131925
8	504	0.139694
9	588	0.152871
10	672	0.164288
11	756	0.172162
12	840	0.183904
-----------------------
1	0	0.0646918
2	0	0.0971967
3	84	0.10783
4	168	0.121028
5	252	0.132461
6	336	0.139242
7	420	0.145412
8	504	0.157499
9	588	0.170047
10	672	0.192023
11	756	0.201356
12	840	0.209688
-----------------------
1	0	0.0703536
2	0	0.0816796
3	84	0.109537
4	168	0.11989
5	252	0.131513
6	336	0.138906
7	420	0.145042
8	504	0.155206
9	588	0.170328
10	672	0.180017
11	756	0.192819
12	840	0.206232
-----------------------
1	0	0.0739953
2	0	0.0908392
3	84	0.108697
4	168	0.121332
5	252	0.135241
6	336	0.148071
7	420	0.160563
8	504	0.171759
9	588	0.193153
10	672	0.202379
11	756	0.220012
12	840	0.228929
-----------------------
1	0	0.133932
2	84	0.151547
3	168	0.163841
4	252	0.174299
5	336	0.182715
6	420	0.192812
7	504	0.211029
8	588	0.224815
9	672	0.237461
10	756	0.247316
11	840	0.258772
-----------------------
1	0	0.0586777
2	0	0.0683978
3	84	0.0817759
4	168	0.0929603
5	252	0.10196
6	336	0.11203
7	420	0.120799
8	504	0.130191
9	588	0.142632
10	672	0.151766
11	756	0.158276
12	840	0.184925
-----------------------
1	0	0.0936502
2	0	0.106791
3	84	0.122075
4	168	0.136025
5	252	0.14933
6	336	0.159688
7	420	0.175818
8	504	0.190378
9	588	0.203459
10	672	0.212675
11	756	0.221614
12	840	0.23316
-----------------------
1	0	0.0622563
2	0	0.0685129
3	84	0.0798833
4	168	0.0903117
5	252	0.100194
6	336	0.108673
7	420	0.128509
8	504	0.146095
9	588	0.159233
10	672	0.168739
11	756	0.181418
12	840	0.194976
-----------------------
1	0	0.151399
2	84	0.168882
3	168	0.177179
4	252	0.18903
5	336	0.200276
6	420	0.209977
7	504	0.216842
8	588	0.223817
9	672	0.232662
-----------------------
1	0	0.0703076
2	0	0.0900325
3	84	0.103898
4	168	0.115706
5	252	0.129917
6	336	0.147968
7	420	0.169141
8	504	0.183616
9	588	0.207598
10	672	0.214769
11	756	0.227552
12	840	0.245456
-----------------------
1	0	0.0634135
2	0	0.081429
3	84	0.100594
4	168	0.110713
5	252	0.121986
6	336	0.131313
7	420	0.141269
8	504	0.163529
9	588	0.175541
10	672	0.186252
11	756	0.194662
12	840	0.203298
-----------------------
1	0	0.0725318
2	0	0.078553
3	84	0.0915697
4	168	0.100795
5	252	0.110584
6	336	0.132017
7	420	0.143095
8	504	0.166046
9	588	0.175473
10	672	0.193603
11	756	0.201593
12	840	0.212256
-----------------------
1	0	0.0514289
2	0	0.0735655
3	84	0.105162
4	168	0.117467
5	252	0.128721
6	336	0.13973
7	420	0.149666
8	504	0.16009
9	588	0.176704
10	672	0.186955
11	756	0.214256
12	840	0.225881
-----------------------
1	0	0.0530609
2	0	0.0720914
3	84	0.0842888
4	168	0.10121
5	252	0.112622
6	336	0.123476
7	420	0.14507
8	504	0.155298
9	588	0.169139
10	672	0.178672
11	756	0.191531
12	840	0.203761
-----------------------
1	0	0.0575473
2	0	0.0679341
3	84	0.0826585
4	168	0.0933978
5	252	0.104284
6	336	0.112478
7	420	0.121248
8	504	0.132133
9	588	0.141362
10	672	0.152831
11	756	0.162472
-----------------------
1	0	0.0820229
2	0	0.0939864
3	84	0.103776
4	168	0.117618
5	252	0.126737
6	336	0.134946
7	420	0.145259
8	504	0.160508
9	588	0.183322
10	672	0.192352
11	756	0.201132
12	840	0.212916
-----------------------
1	0	0.0537553
2	0	0.0670932
3	84	0.0981171
4	168	0.107236
5	252	0.125787
6	336	0.141299
7	420	0.150048
8	504	0.165675
9	588	0.176559
10	672	0.188821
11	756	0.200943
12	840	0.210572
-----------------------
1	0	0.0616071
2	0	0.0716384
3	84	0.0914439
4	168	0.109062
5	252	0.122204
6	336	0.132814
7	420	0.141017
8	504	0.149517
9	588	0.164094
-----------------------
1	0	0.0947821
2	0	0.121137
3	84	0.137908
4	168	0.155534
5	252	0.163111
6	336	0.169263
7	420	0.179482
8	504	0.193794
9	588	0.208759
-----------------------
1	0	0.10168
2	0	0.112642
3	84	0.126359
4	168	0.137353
5	252	0.155482
6	336	0.174562
7	420	0.183537
8	504	0.193853
9	588	0.205535
10	672	0.213524
-----------------------
1	0	0.0650169
2	0	0.0797479
3	84	0.0922522
4	168	0.106212
5	252	0.117609
6	336	0.125718
7	420	0.134196
8	504	0.147678
9	588	0.158893
10	672	0.168703
-----------------------
1	0	0.131819
2	0	0.143421
3	84	0.152523
4	168	0.162869
5	252	0.171892
6	336	0.1833
7	420	0.191436
8	504	0.201513
9	588	0.218139
-----------------------
1	0	0.0886786
-----------------------
1	0	0.343857
-----------------------
1	0	0.165382
-----------------------
1	0	0.147762
-----------------------
1	0	0.318541
-----------------------
1	0	0.212676
-----------------------
1	0	0.207264
-----------------------
1	0	0.221383
-----------------------
1	0	0.188178
-----------------------
1	0	0.144474
2	84	0.158751
3	168	0.168211
4	252	0.178039
5	336	0.185857
6	420	0.19471
7	504	0.206249
8	588	0.221418
9	672	0.236347
10	756	0.246161
11	840	0.256155
12	924	0.26415
-----------------------
1	0	0.0672986
-----------------------
1	0	0.0571049
-----------------------
1	0	0.0954361
2	84	0.134346
3	168	0.161356
4	252	0.174105
5	336	0.184275
6	420	0.202794
7	504	0.217393
8	588	0.23383
9	672	0.244995
10	756	0.263554
11	840	0.273576
-----------------------
1	0	0.14398
2	84	0.157154
3	168	0.169815
4	252	0.186259
5	336	0.203779
6	420	0.214945
7	504	0.227327
8	588	0.244311
9	672	0.254213
10	756	0.265418
11	840	0.276481
12	924	0.28535
-----------------------
1	0	0.130026
2	84	0.151062
3	168	0.168924
4	252	0.186902
5	336	0.200234
6	420	0.21156
7	504	0.2199
8	588	0.229733
9	672	0.241862
10	756	0.250198
11	840	0.25821
12	924	0.269078
-----------------------
1	0	0.139888
2	84	0.16342
3	168	0.178593
4	252	0.198491
5	336	0.207301
6	420	0.215504
7	504	0.228786
8	588	0.238215
9	672	0.257464
10	756	0.263997
11	840	0.271927
12	924	0.281894
-----------------------
1	0	0.166485
2	84	0.179108
3	168	0.189549
4	252	0.199304
5	336	0.213316
6	420	0.222909
7	504	0.235269
8	588	0.250424
9	672	0.260093
10	756	0.268618
11	840	0.278829
12	924	0.292023
-----------------------
1	0	0.12898
2	84	0.138679
3	168	0.154121
4	252	0.172686
5	336	0.197185
6	420	0.206821
7	504	0.215618
8	588	0.224641
9	672	0.234636
10	756	0.242227
11	840	0.249458
12	924	0.265051
-----------------------
1	0	0.109172
2	84	0.131581
3	168	0.148137
4	252	0.170511
5	336	0.17948
6	420	0.189476
7	504	0.200487
8	588	0.210901
9	672	0.22139
10	756	0.230214
11	840	0.239578
12	924	0.251791
-----------------------
1	0	0.121028
2	84	0.146756
3	168	0.162353
4	252	0.172567
5	336	0.182884
6	420	0.191641
7	504	0.19836
8	588	0.207549
9	672	0.21824
10	756	0.225095
11	840	0.232334
12	924	0.241831
-----------------------
1	0	0.126506
2	84	0.146567
3	168	0.156123
4	252	0.16651
5	336	0.174326
6	420	0.182541
7	504	0.194651
8	588	0.21168
9	672	0.221991
10	756	0.229778
11	840	0.237074
12	924	0.246085
-----------------------
1	0	0.122017
2	84	0.137773
3	168	0.151391
4	252	0.161821
5	336	0.176759
6	420	0.196615
7	504	0.207907
8	588	0.227083
9	672	0.2363
10	756	0.246028
11	840	0.256701
12	924	0.265391
-----------------------
1	0	0.154479
2	84	0.173024
3	168	0.184996
4	252	0.197471
5	336	0.214571
6	420	0.235709
7	504	0.244727
8	588	0.256222
9	672	0.266049
10	756	0.284713
11	840	0.293558
12	924	0.301525
-----------------------
1	0	0.134504
2	84	0.156147
3	168	0.1694
4	252	0.180402
5	336	0.188059
6	420	0.195193
7	504	0.204767
8	588	0.214357
9	672	0.221429
10	756	0.23587
11	840	0.246281
12	924	0.252695
-----------------------
1	0	0.106458
2	84	0.120495
3	168	0.129408
4	252	0.140027
5	336	0.153138
6	420	0.178951
7	504	0.205569
8	588	0.220329
9	672	0.23441
10	756	0.244459
11	840	0.253226
12	924	0.26201
-----------------------
1	0	0.127197
2	84	0.153699
3	168	0.166649
4	252	0.187729
5	336	0.195852
6	420	0.204917
7	504	0.215263
8	588	0.225116
9	672	0.23914
10	756	0.247143
11	840	0.254165
12	924	0.260734
-----------------------
1	0	0.135408
2	84	0.157449
3	168	0.179508
4	252	0.191692
5	336	0.199911
6	420	0.213087
7	504	0.225641
8	588	0.240835
9	672	0.250394
10	756	0.260767
11	840	0.269259
12	924	0.279504
-----------------------
1	0	0.127624
2	84	0.146312
3	168	0.154261
4	252	0.165044
5	336	0.173824
6	420	0.18198
7	504	0.199857
8	588	0.212556
9	672	0.224798
10	756	0.232518
11	840	0.2399
12	924	0.249892
-----------------------
1	0	0.152454
2	84	0.170704
3	168	0.188738
4	252	0.199647
5	336	0.222389
6	420	0.234675
7	504	0.242226
8	588	0.256844
9	672	0.268363
10	756	0.275739
11	840	0.291835
12	924	0.300347
-----------------------
1	0	0.126117
2	84	0.138917
3	168	0.147187
4	252	0.160736
5	336	0.177938
6	420	0.186938
7	504	0.197343
8	588	0.20881
9	672	0.220531
10	756	0.229526
11	840	0.241551
12	924	0.252054
-----------------------
1	0	0.138125
2	84	0.154625
3	168	0.178046
4	252	0.198526
5	336	0.211093
6	420	0.220261
7	504	0.23384
8	588	0.249438
9	672	0.260552
10	756	0.270803
11	840	0.280852
12	924	0.287779
-----------------------
1	0	0.116727
2	84	0.133714
3	168	0.156962
4	252	0.165317
5	336	0.176903
6	420	0.183215
7	504	0.191613
8	588	0.202104
9	672	0.211939
10	756	0.222694
11	840	0.231558
12	924	0.239621
-----------------------
1	0	0.116336
2	84	0.128491
3	168	0.140603
4	252	0.153008
5	336	0.161371
6	420	0.176193
7	504	0.18746
8	588	0.202807
9	672	0.213147
10	756	0.220689
11	840	0.228548
12	924	0.24546
-----------------------
1	0	0.098193
2	84	0.143363
3	168	0.152073
4	252	0.16338
5	336	0.176176
6	420	0.185467
7	504	0.195213
8	588	0.209167
9	672	0.216663
10	756	0.228328
11	840	0.236461
12	924	0.245141
-----------------------
1	0	0.110997
2	84	0.146599
3	168	0.161967
4	252	0.18774
5	336	0.206776
6	420	0.217052
7	504	0.228271
8	588	0.243448
9	672	0.266453
10	756	0.277747
11	840	0.288999
12	924	0.297828
-----------------------
1	0	0.121729
2	84	0.144883
3	168	0.153918
4	252	0.167057
5	336	0.176157
6	420	0.183268
7	504	0.190821
8	588	0.204504
9	672	0.217587
10	756	0.23252
11	840	0.24534
12	924	0.252367
-----------------------
1	0	0.11371
2	84	0.125998
3	168	0.135497
4	252	0.146677
5	336	0.155608
6	420	0.167147
7	504	0.182156
8	588	0.198956
9	672	0.206677
10	756	0.217925
11	840	0.230846
12	924	0.239602
-----------------------
1	0	0.139382
2	84	0.154239
3	168	0.180394
4	252	0.202794
5	336	0.213389
6	420	0.222748
7	504	0.238204
8	588	0.247728
9	672	0.258539
10	756	0.265814
11	840	0.275159
12	924	0.282776
-----------------------
1	0	0.133045
2	84	0.149656
3	168	0.16903
4	252	0.181795
5	336	0.203037
6	420	0.212183
7	504	0.22475
8	588	0.239383
9	672	0.253152
10	756	0.261861
11	840	0.274523
12	924	0.282661
-----------------------
1	0	0.0850031
2	84	0.104231
3	168	0.115569
4	252	0.126942
5	336	0.135341
6	420	0.143419
7	504	0.152681
8	588	0.163035
9	672	0.186541
10	756	0.195537
11	840	0.202572
12	924	0.209803
-----------------------
1	0	0.114107
2	84	0.129484
3	168	0.141353
4	252	0.169583
5	336	0.180025
6	420	0.188142
7	504	0.199006
8	588	0.213548
9	672	0.226178
10	756	0.234561
11	840	0.242597
12	924	0.250784
-----------------------
1	0	0.11904
2	84	0.133647
3	168	0.143811
4	252	0.17089
5	336	0.182605
6	420	0.195769
7	504	0.224388
8	588	0.238716
9	672	0.251301
10	756	0.259152
11	840	0.26868
12	924	0.28091
-----------------------
1	0	0.114069
2	84	0.14118
3	168	0.156188
4	252	0.170229
5	336	0.178227
6	420	0.188223
7	504	0.19935
8	588	0.211276
9	672	0.220381
10	756	0.227321
11	840	0.235745
12	924	0.250676
-----------------------
1	0	0.123879
2	84	0.158079
3	168	0.16796
4	252	0.17799
5	336	0.186853
6	420	0.206853
7	504	0.217685
8	588	0.230663
9	672	0.241928
10	756	0.252503
11	840	0.266424
12	924	0.278842
-----------------------
1	0	0.135909
2	84	0.156153
3	168	0.165003
4	252	0.182505
5	336	0.19051
6	420	0.201946
7	504	0.209039
8	588	0.217689
9	672	0.228899
10	756	0.239982
11	840	0.250478
12	924	0.260498
-----------------------
1	0	0.0856569
2	84	0.110191
3	168	0.119745
4	252	0.138721
5	336	0.160184
6	420	0.168873
7	504	0.183851
8	588	0.19716
9	672	0.205495
10	756	0.216181
11	840	0.224794
12	924	0.231942
-----------------------
1	0	0.12738
2	84	0.147679
3	168	0.158918
4	252	0.176805
5	336	0.186414
6	420	0.195399
7	504	0.210358
8	588	0.219448
9	672	0.226532
10	756	0.236878
11	840	0.24485
12	924	0.251736
-----------------------
1	0	0.11439
2	84	0.139813
3	168	0.161429
4	252	0.182935
5	336	0.200106
6	420	0.20885
7	504	0.218245
8	588	0.227295
9	672	0.235931
10	756	0.245609
11	840	0.253317
12	924	0.264436
-----------------------
1	0	0.107039
2	84	0.1432
3	168	0.153704
4	252	0.16386
5	336	0.172883
6	420	0.18866
7	504	0.200151
8	588	0.210689
9	672	0.21995
10	756	0.231532
11	840	0.240228
12	924	0.247015
-----------------------
1	0	0.114792
2	84	0.13773
3	168	0.149408
4	252	0.171612
5	336	0.182014
6	420	0.194164
7	504	0.207886
8	588	0.225369
9	672	0.236517
10	756	0.246156
11	840	0.254836
12	924	0.266319
-----------------------
1	0	0.112152
2	84	0.137637
3	168	0.149138
4	252	0.161836
5	336	0.179295
6	420	0.195615
7	504	0.205481
8	588	0.216403
9	672	0.225104
10	756	0.235517
11	840	0.243435
12	924	0.264602
-----------------------
1	0	0.13489
2	84	0.148251
3	168	0.156496
4	252	0.166926
5	336	0.183899
6	420	0.193005
7	504	0.204462
8	588	0.212964
9	672	0.220034
10	756	0.228112
11	840	0.236313
12	924	0.246361
-----------------------
1	0	0.110703
2	84	0.134005
3	168	0.144585
4	252	0.155718
5	336	0.191822
6	420	0.200861
7	504	0.209153
8	588	0.21959
9	672	0.22997
10	756	0.238953
11	840	0.246512
12	924	0.261029
-----------------------
1	0	0.12195
2	84	0.136005
3	168	0.145493
4	252	0.155717
5	336	0.164566
6	420	0.177654
7	504	0.196333
8	588	0.208494
9	672	0.220497
10	756	0.238577
11	840	0.260228
12	924	0.268586
-----------------------
1	0	0.138505
2	84	0.150908
3	168	0.161034
4	252	0.172995
5	336	0.182312
6	420	0.19634
7	504	0.209133
8	588	0.224312
9	672	0.23896
10	756	0.247209
11	840	0.258657
12	924	0.267894
-----------------------
1	0	0.117999
2	84	0.134054
3	168	0.147741
4	252	0.178145
5	336	0.191632
6	420	0.201151
7	504	0.212403
8	588	0.229019
9	672	0.243419
10	756	0.252271
11	840	0.26257
12	924	0.269151
-----------------------
1	0	0.130315
2	84	0.144143
3	168	0.154785
4	252	0.167435
5	336	0.174589
6	420	0.180644
7	504	0.187497
8	588	0.201482
9	672	0.21692
10	756	0.231782
11	840	0.241805
12	924	0.249713
-----------------------
1	0	0.124623
2	84	0.153154
3	168	0.170017
4	252	0.187463
5	336	0.197594
6	420	0.206031
7	504	0.219062
8	588	0.236357
9	672	0.24397
10	756	0.255164
11	840	0.262423
12	924	0.270876
-----------------------
1	0	0.10994
2	84	0.122514
3	168	0.146568
4	252	0.170427
5	336	0.179302
6	420	0.190672
7	504	0.200118
8	588	0.215646
9	672	0.225564
10	756	0.232471
11	840	0.239617
12	924	0.246911
-----------------------
1	0	0.13201
2	84	0.163132
3	168	0.176146
4	252	0.190596
5	336	0.205405
6	420	0.218273
7	504	0.229705
8	588	0.241203
9	672	0.253384
10	756	0.261507
11	840	0.2688
12	924	0.278959
-----------------------
1	0	0.117944
2	84	0.136858
3	168	0.155553
4	252	0.16458
5	336	0.174541
6	420	0.200414
7	504	0.21255
8	588	0.225566
9	672	0.236173
10	756	0.247968
11	840	0.262208
12	924	0.272029
-----------------------
1	0	0.119512
2	84	0.141357
3	168	0.150403
4	252	0.161683
5	336	0.173607
6	420	0.186359
7	504	0.196903
8	588	0.210542
9	672	0.220501
10	756	0.230722
11	840	0.247666
12	924	0.25745
-----------------------
1	0	0.120516
2	84	0.13426
3	168	0.145178
4	252	0.159827
5	336	0.169353
6	420	0.179256
7	504	0.191073
8	588	0.206343
9	672	0.215946
10	756	0.226197
11	840	0.242977
12	924	0.250624
-----------------------
1	0	0.13151
2	84	0.150026
3	168	0.158843
4	252	0.171544
5	336	0.189236
6	420	0.197429
7	504	0.208661
8	588	0.220244
9	672	0.227978
10	756	0.24791
11	840	0.254882
12	924	0.261379
-----------------------
1	0	0.120778
2	84	0.148753
3	168	0.172022
4	252	0.199873
5	336	0.206944
6	420	0.215923
7	504	0.229925
8	588	0.244296
9	672	0.254183
10	756	0.261645
11	840	0.269033
12	924	0.277436
-----------------------
1	0	0.132953
2	84	0.156647
3	168	0.166953
4	252	0.183827
5	336	0.195335
6	420	0.226467
7	504	0.237805
8	588	0.247612
9	672	0.255136
10	756	0.264596
11	840	0.271619
12	924	0.283911
-----------------------
1	0	0.124302
2	84	0.143815
3	168	0.157609
4	252	0.171876
5	336	0.192122
6	420	0.202371
7	504	0.217317
8	588	0.231611
9	672	0.242304
10	756	0.254147
11	840	0.26493
12	924	0.27397
-----------------------
1	0	0.176131
2	84	0.191315
3	168	0.201072
4	252	0.211941
5	336	0.221206
6	420	0.236839
7	504	0.249064
8	588	0.261001
9	672	0.273147
10	756	0.282957
11	840	0.29252
12	924	0.304647
-----------------------
1	0	0.105352
2	84	0.135311
3	168	0.155086
4	252	0.166502
5	336	0.175006
6	420	0.190236
7	504	0.201236
8	588	0.216855
9	672	0.224999
10	756	0.234599
11	840	0.243157
12	924	0.256545
-----------------------
1	0	0.108024
2	84	0.13367
3	168	0.141712
4	252	0.151066
5	336	0.160292
6	420	0.170462
7	504	0.184932
8	588	0.198705
9	672	0.208393
10	756	0.219258
11	840	0.230668
12	924	0.238693
-----------------------
1	0	0.122311
2	84	0.158073
3	168	0.166583
4	252	0.179236
5	336	0.195662
6	420	0.203644
7	504	0.212426
8	588	0.222469
9	672	0.229983
10	756	0.243901
11	840	0.258592
12	924	0.27026
-----------------------
1	0	0.113289
2	84	0.126753
3	168	0.135781
4	252	0.15434
5	336	0.174405
6	420	0.185939
7	504	0.202023
8	588	0.214277
9	672	0.225567
10	756	0.23442
11	840	0.2477
12	924	0.260017
-----------------------
1	0	0.135351
2	84	0.148439
3	168	0.172164
4	252	0.197953
5	336	0.21496
6	420	0.242767
7	504	0.256167
8	588	0.272043
9	672	0.282605
10	756	0.29273
11	840	0.307556
12	924	0.318212
-----------------------
1	0	0.144038
2	84	0.162114
3	168	0.177999
4	252	0.188699
5	336	0.198319
6	420	0.209242
7	504	0.222775
8	588	0.235455
9	672	0.248429
10	756	0.260285
11	840	0.270751
12	924	0.280008
-----------------------
1	0	0.112189
2	84	0.12737
3	168	0.136749
4	252	0.146789
5	336	0.161731
6	420	0.172355
7	504	0.190344
8	588	0.200929
9	672	0.208251
10	756	0.219354
11	840	0.231235
12	924	0.238086
-----------------------
1	0	0.127946
2	84	0.141043
3	168	0.15077
4	252	0.185886
5	336	0.198036
6	420	0.210828
7	504	0.220667
8	588	0.229436
9	672	0.242161
10	756	0.250848
11	840	0.260273
12	924	0.274516
-----------------------
1	0	0.118232
2	84	0.137737
3	168	0.164337
4	252	0.182653
5	336	0.194264
6	420	0.205252
7	504	0.222109
8	588	0.240422
9	672	0.25302
10	756	0.263607
11	840	0.274055
12	924	0.290041
-----------------------
1	0	0.150694
2	84	0.170861
3	168	0.180383
4	252	0.194138
5	336	0.207696
6	420	0.216462
7	504	0.224059
8	588	0.235218
9	672	0.242726
10	756	0.2556
11	840	0.267021
12	924	0.27348
-----------------------
1	0	0.117003
2	84	0.134499
3	168	0.143101
4	252	0.154782
5	336	0.172326
6	420	0.184531
7	504	0.195414
8	588	0.209227
9	672	0.224263
10	756	0.240203
11	840	0.251447
12	924	0.260844
-----------------------
1	0	0.145871
2	84	0.161315
3	168	0.182015
4	252	0.197742
5	336	0.208389
6	420	0.216793
7	504	0.246116
8	588	0.258697
9	672	0.270021
10	756	0.281728
11	840	0.29257
12	924	0.30462
-----------------------
1	0	0.113173
2	84	0.13461
3	168	0.143514
4	252	0.154166
5	336	0.162293
6	420	0.173641
7	504	0.185394
8	588	0.199986
9	672	0.21026
10	756	0.221029
11	840	0.231556
12	924	0.238574
-----------------------
1	0	0.113766
2	84	0.134369
3	168	0.151152
4	252	0.161345
5	336	0.172437
6	420	0.183035
7	504	0.197032
8	588	0.20614
9	672	0.216373
10	756	0.223937
11	840	0.231239
12	924	0.238837
-----------------------
1	0	0.103712
2	84	0.118595
3	168	0.141059
4	252	0.161694
5	336	0.170479
6	420	0.181955
7	504	0.191341
8	588	0.201393
9	672	0.21494
10	756	0.225924
11	840	0.233511
12	924	0.241644
-----------------------
1	0	0.0946449
2	84	0.113174
3	168	0.131992
4	252	0.143621
5	336	0.159757
6	420	0.171284
7	504	0.179904
8	588	0.193488
9	672	0.201003
10	756	0.211565
11	840	0.220434
12	924	0.230935
-----------------------
1	0	0.110224
2	84	0.146692
3	168	0.168859
4	252	0.180606
5	336	0.193861
6	420	0.203538
7	504	0.215354
8	588	0.23035
9	672	0.239232
10	756	0.253269
11	840	0.262779
12	924	0.271638
-----------------------
1	0	0.122695
2	84	0.142238
3	168	0.150723
4	252	0.173685
5	336	0.179961
6	420	0.188655
7	504	0.196251
8	588	0.204348
9	672	0.211217
10	756	0.219386
11	840	0.228597
12	924	0.239477
-----------------------
1	0	0.112176
2	84	0.140787
3	168	0.156275
4	252	0.167346
5	336	0.176283
6	420	0.190778
7	504	0.206095
8	588	0.219515
9	672	0.230441
10	756	0.241081
11	840	0.252073
12	924	0.262949
-----------------------
1	0	0.159276
2	84	0.187539
3	168	0.198247
4	252	0.211172
5	336	0.220833
6	420	0.231567
7	504	0.243595
8	588	0.255154
9	672	0.2621
10	756	0.270156
11	840	0.278588
12	924	0.285148
-----------------------
1	0	0.115716
2	84	0.134347
3	168	0.147778
4	252	0.159964
5	336	0.168763
6	420	0.175597
7	504	0.184336
8	588	0.202429
9	672	0.212901
10	756	0.221515
11	840	0.234212
12	924	0.241305
-----------------------
1	0	0.126271
2	84	0.1392
3	168	0.147423
4	252	0.165286
5	336	0.179042
6	420	0.192679
7	504	0.203842
8	588	0.214193
9	672	0.236926
10	756	0.244057
11	840	0.25487
12	924	0.262578
-----------------------
1	0	0.131925
2	84	0.151687
3	168	0.163347
4	252	0.179214
5	336	0.195903
6	420	0.212668
7	504	0.236811
8	588	0.250043
9	672	0.25925
10	756	0.267745
11	840	0.278021
12	924	0.286468
-----------------------
1	0	0.111189
2	84	0.137109
3	168	0.16097
4	252	0.174394
5	336	0.187054
6	420	0.196598
7	504	0.213917
8	588	0.226481
9	672	0.235295
10	756	0.260555
11	840	0.271635
12	924	0.279771
-----------------------
1	0	0.107569
2	84	0.121587
3	168	0.131755
4	252	0.14221
5	336	0.156336
6	420	0.173608
7	504	0.188408
8	588	0.198452
9	672	0.206446
10	756	0.213617
11	840	0.229334
12	924	0.236265
-----------------------
1	0	0.134841
2	84	0.164577
3	168	0.174549
4	252	0.185109
5	336	0.197458
6	420	0.209278
7	504	0.218205
8	588	0.229245
9	672	0.245213
10	756	0.255116
11	840	0.264427
12	924	0.276494
-----------------------
1	0	0.0934396
2	84	0.115549
3	168	0.124762
4	252	0.141104
5	336	0.153109
6	420	0.163296
7	504	0.177989
8	588	0.190228
9	672	0.201223
10	756	0.211966
11	840	0.224308
12	924	0.234211
-----------------------
1	0	0.128203
2	84	0.14823
3	168	0.172122
4	252	0.182106
5	336	0.191193
6	420	0.200015
7	504	0.20762
8	588	0.216971
9	672	0.229578
10	756	0.242189
11	840	0.255682
12	924	0.266343
-----------------------
1	0	0.12071
2	84	0.140633
3	168	0.153089
4	252	0.166188
5	336	0.182133
6	420	0.188674
7	504	0.196713
8	588	0.209223
9	672	0.216674
10	756	0.223985
11	840	0.233765
12	924	0.24251
-----------------------
1	0	0.137606
2	84	0.150584
3	168	0.163287
4	252	0.185249
5	336	0.201842
6	420	0.211246
7	504	0.225472
8	588	0.24027
9	672	0.250005
10	756	0.261755
11	840	0.269323
12	924	0.280555
-----------------------
1	0	0.126681
2	84	0.135732
3	168	0.155023
4	252	0.16874
5	336	0.176777
6	420	0.187444
7	504	0.198584
8	588	0.211971
9	672	0.225756
10	756	0.233247
11	840	0.246505
12	924	0.255928
-----------------------
1	0	0.115173
2	84	0.13469
3	168	0.147564
4	252	0.171305
5	336	0.179774
6	420	0.188171
7	504	0.198064
8	588	0.213593
9	672	0.22492
10	756	0.235073
11	840	0.252422
12	924	0.259945
-----------------------
1	0	0.124461
2	84	0.136279
3	168	0.155482
4	252	0.170801
5	336	0.182467
6	420	0.193382
7	504	0.20687
8	588	0.225053
9	672	0.235028
10	756	0.244035
11	840	0.254335
12	924	0.265164
-----------------------
1	0	0.106343
2	84	0.117848
3	168	0.126991
4	252	0.139868
5	336	0.149052
6	420	0.158471
7	504	0.171567
8	588	0.185566
9	672	0.196745
10	756	0.20938
11	840	0.219931
12	924	0.230636
-----------------------
1	0	0.0924385
2	84	0.111285
3	168	0.127403
4	252	0.137215
5	336	0.145186
6	420	0.163017
7	504	0.176404
8	588	0.189916
9	672	0.197237
10	756	0.204488
11	840	0.216273
12	924	0.226127
-----------------------
1	0	0.142763
2	84	0.152734
3	168	0.166943
4	252	0.198451
5	336	0.208647
6	420	0.223089
7	504	0.235678
8	588	0.256891
9	672	0.271094
10	756	0.284477
11	840	0.29535
12	924	0.307085
-----------------------
1	0	0.145721
2	84	0.15649
3	168	0.166809
4	252	0.180045
5	336	0.188684
6	420	0.197167
7	504	0.209978
8	588	0.224924
9	672	0.23511
10	756	0.244597
11	840	0.252731
12	924	0.259822
-----------------------
1	0	0.109201
2	84	0.119169
3	168	0.139562
4	252	0.152128
5	336	0.161624
6	420	0.17174
7	504	0.184439
8	588	0.203848
9	672	0.212218
10	756	0.219164
11	840	0.226281
12	924	0.233155
-----------------------
1	0	0.10574
2	84	0.118661
3	168	0.128142
4	252	0.139487
5	336	0.154547
6	420	0.1681
7	504	0.183013
8	588	0.192255
9	672	0.201959
10	756	0.220342
11	840	0.22989
12	924	0.236774
-----------------------
1	0	0.136002
2	84	0.149127
3	168	0.16439
4	252	0.182523
5	336	0.19326
6	420	0.20428
7	504	0.216045
8	588	0.228403
9	672	0.248636
10	756	0.256246
11	840	0.264513
12	924	0.271892
-----------------------
1	0	0.112263
2	84	0.133265
3	168	0.150688
4	252	0.174017
5	336	0.18766
6	420	0.200417
7	504	0.212999
8	588	0.238948
9	672	0.249127
10	756	0.257872
11	840	0.265667
12	924	0.273279
-----------------------
1	0	0.108443
2	84	0.126435
3	168	0.148031
4	252	0.168863
5	336	0.177357
6	420	0.1863
7	504	0.194495
8	588	0.208877
9	672	0.221031
10	756	0.23016
11	840	0.237698
12	924	0.244199
-----------------------
1	0	0.100733
2	84	0.120444
3	168	0.131506
4	252	0.143032
5	336	0.152672
6	420	0.173634
7	504	0.187151
8	588	0.203659
9	672	0.212843
10	756	0.223079
11	840	0.234193
12	924	0.257414
-----------------------
1	0	0.0884781
2	84	0.100135
3	168	0.109026
4	252	0.121345
5	336	0.131317
6	420	0.1416
7	504	0.149362
8	588	0.158408
9	672	0.168872
10	756	0.17809
11	840	0.185367
12	924	0.194857
-----------------------
1	0	0.118227
2	84	0.136581
3	168	0.15343
4	252	0.163504
5	336	0.180329
6	420	0.190416
7	504	0.199336
8	588	0.20805
9	672	0.215156
10	756	0.227523
11	840	0.235552
12	924	0.242291
-----------------------
1	0	0.132074
2	84	0.146209
3	168	0.165613
4	252	0.183594
5	336	0.201078
6	420	0.211375
7	504	0.221141
8	588	0.231413
9	672	0.238664
10	756	0.249091
11	840	0.256494
12	924	0.263742
-----------------------
1	0	0.117205
2	84	0.127423
3	168	0.139797
4	252	0.150667
5	336	0.15879
6	420	0.16783
7	504	0.190561
8	588	0.20864
9	672	0.220213
10	756	0.230205
11	840	0.239106
12	924	0.249481
-----------------------
