1.01557e-07 1.19848e-07 781056 5280 7.543e-06 0.0936083 0.77586 1166.67
1.00649e-07 1.32529e-07 786432 341 1.558e-06 0.114198 0.170304 1960.5
9.12207e-08 1.39959e-07 751104 394 1.359e-06 0.116285 0.156404 1847.15
8.71828e-08 1.35364e-07 312576 120 1.54e-06 0.0380029 0.10495 1818.15
8.27796e-08 1.41125e-07 129024 13 2.311e-06 0.0211817 0.0995612 1899.1
8.03874e-08 1.37907e-07 129024 28 0.108382 0.0157172 0.134931 1957.07
7.94581e-08 1.40685e-07 786432 395 1.336e-06 0.123745 0.400838 1886.44
7.55852e-08 1.40596e-07 129024 23 0.120672 0.0180605 0.17715 1836.3
7.27897e-08 1.40009e-07 129024 28 0.11334 0.0174581 0.169563 1790.06
7.08838e-08 1.42875e-07 129024 25 0.111951 0.0217632 0.17021 1746.19
7.07025e-08 1.41745e-07 786432 503 0.0529338 0.102585 0.207808 1765.85
7.6542e-08 1.41954e-07 786432 310 1.4e-06 0.112293 0.153016 1754.66
8.38421e-08 1.55714e-07 315648 157 2.341e-06 0.0665236 0.135807 1789.93
8.39281e-08 1.65359e-07 335616 200 0.0979919 0.068445 0.189772 1786.83
7.52614e-08 1.53048e-07 129024 23 0.119079 0.0133932 0.191393 1772.63
7.65711e-08 1.48627e-07 786432 480 2.155e-06 0.102979 0.152414 1753.83
8.15495e-08 1.47791e-07 786432 324 1.32e-06 0.113598 0.158528 1740.08
8.06244e-08 1.57596e-07 323328 224 0.0807167 0.0636362 0.181613 1741.42
7.25651e-08 1.50682e-07 129024 18 0.103523 0.0158734 0.158913 1727.49
7.43667e-08 1.46994e-07 786432 487 0.0544849 0.104 0.223542 1714.02
8.1284e-08 1.52767e-07 589056 300 1.868e-06 0.103589 0.151062 1719.48
8.58627e-08 1.50804e-07 596736 251 2.307e-06 0.0853044 0.143237 1703.44
8.8767e-08 1.52375e-07 609024 320 1.489e-06 0.0966276 0.14237 1682.04
8.76086e-08 1.44473e-07 642816 339 2.119e-06 0.0725516 0.133986 1687.02
8.80843e-08 1.47388e-07 786432 387 1.675e-06 0.125081 0.160932 1698.03
9.03188e-08 1.44981e-07 786432 347 1.1577e-05 0.106446 0.162898 1694.82
9.03623e-08 1.37657e-07 786432 437 1.706e-06 0.0852177 0.155041 1704.16
9.69878e-08 1.44212e-07 786432 342 1.494e-06 0.134035 0.197183 1705.26
9.85084e-08 1.39115e-07 786432 347 9.97e-06 0.0933715 0.188474 1700.25
1.06024e-07 1.68275e-07 249600 150 2.703e-06 0.0711143 0.151673 1658.41
1.04316e-07 1.72074e-07 129024 18 0.116779 0.0241621 0.152792 1660.83
9.63309e-08 1.65958e-07 129024 30 0.112427 0.0182561 0.169447 1649.85
8.59559e-08 1.54554e-07 129024 24 0.128581 0.0140561 0.179953 1609.02
8.1367e-08 1.44798e-07 129024 28 0.109276 0.0136469 0.16783 1626.81
8.73803e-08 1.44994e-07 786432 390 1.693e-06 0.114646 0.192976 1649.12
8.92098e-08 1.37967e-07 786432 418 2.62e-06 0.0863976 0.159898 1661.98
9.01387e-08 1.33793e-07 786432 348 2.383e-06 0.0920891 0.146157 1671.72
9.19487e-08 1.34427e-07 786432 332 4.484e-06 0.107712 0.165937 1666.58
9.28868e-08 1.36712e-07 786432 492 1.817e-06 0.114703 0.176761 1653.11
8.5564e-08 1.57535e-07 129024 17 0.127225 0.0310722 0.195732 1661.48
7.80372e-08 1.66307e-07 129024 29 0.105347 0.0259852 0.169446 1607.75
7.60573e-08 1.73367e-07 129024 24 0.142522 0.0260117 0.177642 1630.46
7.60834e-08 1.65656e-07 786432 514 0.0544019 0.106023 0.212199 1624.86
8.14036e-08 1.72055e-07 324096 147 1.978e-06 0.064058 0.131906 1637.7
9.54065e-08 1.86737e-07 324096 110 1.402e-06 0.0795541 0.128441 1628.27
9.65642e-08 1.80403e-07 786432 415 0.0576363 0.121948 0.237079 1602.92
8.90749e-08 1.66404e-07 129024 15 2.133e-06 0.0142456 0.101434 1623.8
9.16086e-08 1.61322e-07 781056 522 1.605e-06 0.110123 0.188629 1608.68
9.45796e-08 1.5932e-07 786432 287 9.497e-06 0.118997 0.158268 1642.49
9.94074e-08 1.51083e-07 786432 365 1.667e-06 0.0929047 0.189378 1699.84
9.51818e-08 1.52928e-07 786432 432 1.601e-06 0.126074 0.168677 2338.01
9.06531e-08 1.50741e-07 780288 327 2.195e-06 0.110795 0.151468 2351.37
9.29568e-08 1.48778e-07 786432 348 1.673e-06 0.110827 0.186762 2384.01
8.94569e-08 1.43425e-07 785664 446 2.489e-06 0.0958614 0.179355 2327.75
9.28371e-08 1.48247e-07 786432 276 1.551e-06 0.131755 0.17168 2133.37
8.92969e-08 1.50795e-07 786432 477 2.937e-06 0.126604 0.168286 2020.65
8.8497e-08 1.46207e-07 786432 262 1.347e-06 0.100552 0.141666 1932.13
9.0447e-08 1.38477e-07 786432 430 1.524e-06 0.0845838 0.175996 1899.2
8.98781e-08 1.37652e-07 786432 413 4.609e-06 0.105659 0.16559 1869.12
9.58749e-08 1.37632e-07 786432 235 1.93e-06 0.108176 0.181048 1792.54
9.62845e-08 1.31294e-07 786432 505 1.629e-06 0.0833157 0.191318 1894.71
1.01746e-07 1.35943e-07 751872 279 1.634e-06 0.116194 0.184101 1807.58
1.00227e-07 1.32366e-07 786432 362 1.664e-06 0.0928432 0.152963 1803.54
1.00021e-07 1.30766e-07 786432 390 7.611e-06 0.0978063 0.176721 1776.42
1.00684e-07 1.37881e-07 786432 423 2.187e-06 0.130815 0.195219 1774.41
1.10772e-07 1.91924e-07 129024 12 9.741e-06 0.0526543 0.129293 1872.91
1.04239e-07 1.79565e-07 670464 525 0.0351141 0.0872456 0.18243 1617.93
1.0056e-07 1.77654e-07 129024 13 0.1057 0.0219357 0.165819 1620.51
9.1773e-08 1.7e-07 129024 29 0.117303 0.017984 0.172563 1527.85
8.81677e-08 1.61251e-07 384768 209 0.0869568 0.0485788 0.165239 1522.28
8.86933e-08 1.59395e-07 357120 188 0.0995657 0.054271 0.196571 1528.91
8.26872e-08 1.47604e-07 129024 24 0.104397 0.0129595 0.157297 1532.56
8.84318e-08 1.49627e-07 786432 480 1.831e-06 0.124036 0.200388 1587.62
8.28937e-08 1.46351e-07 129024 18 0.141495 0.0171916 0.195672 1652.63
8.75977e-08 1.50447e-07 786432 526 1.861e-06 0.131202 0.201623 1739.38
9.90552e-08 1.54928e-07 134400 86 0.0964439 0.0232314 0.159438 1730.16
1.00273e-07 1.44807e-07 129024 23 0.109586 0.0134601 0.162928 1823.4
9.69934e-08 1.46064e-07 150528 142 0.0839738 0.0227433 0.146403 1798.29
9.23706e-08 1.41302e-07 129024 18 0.119729 0.0157737 0.17893 1857.97
8.58487e-08 1.36836e-07 155136 144 0.0820637 0.0184573 0.137744 1773.14
7.7112e-08 1.31574e-07 129024 18 0.103583 0.0142603 0.159261 1748.25
9.00703e-08 1.47112e-07 786432 459 5.77e-06 0.164573 0.25755 1738.97
8.02519e-08 1.43034e-07 129024 20 0.134058 0.0163501 0.186029 1697
8.7388e-08 1.50123e-07 786432 494 1.647e-06 0.140362 0.232171 1734.65
8.60151e-08 1.49556e-07 129024 18 0.158425 0.0190035 0.216454 1768.35
8.84814e-08 1.58841e-07 786432 534 1.524e-06 0.154128 0.2209 1820.02
8.26112e-08 1.67581e-07 129024 18 0.124307 0.0261325 0.204283 1847.36
7.39236e-08 1.51974e-07 129024 29 0.151529 0.0115534 0.200889 1882.85
7.58831e-08 1.52766e-07 786432 446 7.934e-06 0.122632 0.164467 1829.81
8.38583e-08 1.51814e-07 786432 282 1.439e-06 0.116395 0.170428 1705.2
9.42852e-08 1.56577e-07 786432 430 5.423e-06 0.138121 0.244379 1725.18
1.03598e-07 1.5404e-07 786432 312 1.61e-06 0.113162 0.197153 1599.71
9.23165e-08 2.15603e-07 129024 17 9.366e-06 0.0595902 0.15552 1725.78
8.5093e-08 1.92874e-07 129024 25 0.130893 0.0131548 0.155878 1738.38
8.58131e-08 1.79391e-07 786432 503 0.0536737 0.0986679 0.234802 1682.35
9.68277e-08 1.92267e-07 312576 125 1.987e-06 0.0761969 0.130431 1707.97
9.02666e-08 2.46581e-07 129024 15 2.887e-06 0.0598458 0.141799 1711.8
9.48786e-08 2.38662e-07 786432 450 0.0538268 0.162783 0.283862 1749.96
9.52086e-08 2.17532e-07 786432 388 0.060836 0.104605 0.240723 1630.01
8.87829e-08 2.72583e-07 129024 13 1.444e-06 0.0635808 0.152261 1655.31
9.15045e-08 2.443e-07 786432 549 0.0554378 0.103158 0.266801 1728.27
8.95827e-08 2.87291e-07 129024 12 2.541e-06 0.0592546 0.14697 1659.15
9.12613e-08 2.5755e-07 786432 539 0.0521439 0.10899 0.259273 1791.62
9.2166e-08 2.90428e-07 129024 12 1.463e-06 0.0544402 0.133211 1866.02
9.13542e-08 2.65542e-07 786432 570 0.0507327 0.130547 0.252295 1806.42
9.61316e-08 3.0315e-07 129024 12 1.783e-06 0.0585231 0.125296 1938.53
9.60181e-08 2.7211e-07 786432 510 0.056043 0.116353 0.255603 1805.12
1.00065e-07 2.53518e-07 129024 12 2.195e-06 0.0231147 0.137841 1826.98
9.86586e-08 2.30462e-07 129024 19 7.311e-06 0.0178357 0.092046 1818.14
9.33689e-08 2.63693e-07 129024 15 2.009e-06 0.0511732 0.138488 1863.02
9.15561e-08 2.41954e-07 786432 551 0.0525946 0.121895 0.238443 1785.15
8.96256e-08 2.76368e-07 129024 10 1.247e-06 0.0534194 0.12834 2232.11
8.8055e-08 2.48264e-07 786432 556 0.0113742 0.106835 0.209964 2455.71
8.38224e-08 2.27932e-07 602880 292 0.0548812 0.0883829 0.197352 2939.06
7.35062e-08 2.16716e-07 340992 156 0.0666085 0.0586007 0.163173 9256.97
6.1643e-08 1.97227e-07 129024 28 0.130865 0.0153887 0.186093 9155.07
5.29033e-08 1.80607e-07 129024 25 0.11934 0.0147252 0.174181 9654.38
4.51166e-08 1.78254e-07 129024 26 0.121448 0.0217846 0.181796 10105.4
3.8945e-08 1.63239e-07 129024 25 0.120655 0.0133127 0.173026 9425.42
3.68955e-08 1.56808e-07 753408 425 1.375e-06 0.0987618 0.173404 9432.27
3.70533e-08 1.53224e-07 753408 279 1.412e-06 0.104639 0.163357 7595.48
3.76866e-08 1.53107e-07 786432 486 1.307e-06 0.12004 0.206747 7110.48
3.40659e-08 1.51861e-07 129024 18 0.116712 0.0189507 0.168239 8953.1
3.00928e-08 1.44973e-07 129024 29 0.107076 0.0151501 0.169066 8744.37
3.32944e-08 1.45719e-07 786432 437 1.429e-06 0.116943 0.187458 5116.68
4.13038e-08 1.4094e-07 786432 347 0.0500443 0.0958071 0.212799 3368.76
4.57045e-08 1.44437e-07 786432 435 1.471e-06 0.12459 0.165435 3243.75
5.02677e-08 1.46087e-07 786432 321 6.571e-06 0.120078 0.165036 3575.38
5.53247e-08 1.48564e-07 786432 375 4.729e-06 0.124627 0.165038 2928.53
6.44375e-08 1.47405e-07 786432 365 1.222e-06 0.112278 0.207845 2785.69
5.94894e-08 1.48297e-07 129024 24 0.1026 0.0195943 0.162621 2776.25
5.68718e-08 1.46772e-07 129024 28 0.111484 0.0181501 0.166226 2772.21
5.97615e-08 1.488e-07 786432 475 0.0520555 0.123402 0.237576 2725.45
6.57462e-08 1.49846e-07 579072 163 4.976e-06 0.0891929 0.138646 2784.66
6.93549e-08 1.49238e-07 786432 470 2.022e-06 0.115452 0.203925 2766.95
7.20573e-08 1.48096e-07 588288 265 1.318e-06 0.0844371 0.13958 2728.17
7.58763e-08 1.54532e-07 604416 293 1.732e-06 0.10896 0.172832 2564.25
7.97888e-08 1.51957e-07 786432 437 8.575e-06 0.111406 0.216573 2521.73
7.14628e-08 1.51536e-07 129024 18 0.093593 0.0193342 0.149552 2520.03
6.60529e-08 1.52616e-07 129024 29 0.110439 0.0202489 0.181071 2797.05
6.23165e-08 1.44009e-07 129024 24 0.0905303 0.0141382 0.142994 2978.06
5.64623e-08 1.57928e-07 158976 158 0.101692 0.033958 0.158821 3010.13
6.50684e-08 1.5906e-07 786432 346 0.0186162 0.128651 0.223191 2788.61
6.08133e-08 1.61902e-07 142080 110 0.119411 0.0246181 0.188777 2576.02
6.09765e-08 1.51639e-07 786432 453 0.0240403 0.0869679 0.176916 2655.13
6.94696e-08 1.463e-07 612096 228 0.0372939 0.0764776 0.178076 2344.75
6.88378e-08 1.41874e-07 331008 247 0.107211 0.0411019 0.186633 2251.2
7.77018e-08 1.45712e-07 786432 281 1.495e-06 0.126666 0.185073 2008.85
7.29403e-08 1.46314e-07 318720 248 0.100442 0.0474012 0.189153 1858.14
8.33056e-08 1.45264e-07 786432 235 1.567e-06 0.110936 0.192117 1649.06
8.32216e-08 1.38849e-07 192768 145 0.0799742 0.0218189 0.141008 1588.35
7.77301e-08 1.64606e-07 169728 108 0.11333 0.0454251 0.191069 1485.22
8.8577e-08 1.7296e-07 786432 404 0.0186502 0.162303 0.282174 1488.73
8.6112e-08 1.72986e-07 323328 186 0.13355 0.0559643 0.229225 1434.96
9.26823e-08 1.65078e-07 786432 312 0.0552973 0.104948 0.253543 1464.32
9.70387e-08 1.62173e-07 786432 435 1.521e-06 0.118398 0.200886 1455.84
9.8389e-08 1.60762e-07 786432 406 1.607e-06 0.12199 0.185503 1574.6
1.15099e-07 1.56633e-07 786432 274 1.533e-06 0.110194 0.237189 1393.22
1.12858e-07 1.60208e-07 786432 507 1.791e-06 0.137239 0.196306 1338.37
1.18479e-07 1.64671e-07 786432 289 7.009e-06 0.14354 0.185341 1361.97
1.03501e-07 1.5239e-07 129024 25 0.116875 0.0133243 0.16668 1436.48
1.00556e-07 1.4101e-07 129024 26 0.0876337 0.0123201 0.136337 1453.76
1.03652e-07 1.40255e-07 786432 468 2.547e-06 0.107928 0.189014 1313.08
1.09943e-07 1.46572e-07 786432 322 1.885e-06 0.135138 0.198254 1293.35
1.1664e-07 1.4651e-07 786432 331 1.602e-06 0.115028 0.200288 1267.3
1.1881e-07 1.50632e-07 778752 514 1.0755e-05 0.130146 0.20478 1315.93
1.24683e-07 1.49613e-07 786432 255 3.26e-06 0.114453 0.173549 1273.48
1.25725e-07 1.54983e-07 756480 418 1.736e-06 0.13349 0.201328 1285.22
1.34974e-07 1.59637e-07 771840 315 1.649e-06 0.137584 0.236033 1264.4
1.37498e-07 1.62522e-07 771072 341 2.17e-06 0.134216 0.211349 1257.63
1.36073e-07 1.56732e-07 770304 389 3.666e-06 0.102891 0.187722 1194.72
1.36515e-07 1.55737e-07 778752 369 1.1209e-05 0.118179 0.190115 1203.29
1.33315e-07 1.49326e-07 786432 326 2.455e-06 0.0972676 0.161463 1188.46
1.34083e-07 1.58661e-07 763392 364 1.647e-06 0.149627 0.234068 1176.82
1.39104e-07 1.60138e-07 786432 355 1.402e-06 0.130584 0.216712 1162.28
1.37936e-07 1.52276e-07 764928 343 1.56e-06 0.0924239 0.193166 1133.73
1.34718e-07 1.48472e-07 751872 409 2.157e-06 0.100192 0.180062 1157.23
1.42895e-07 1.46622e-07 751104 282 2.093e-06 0.104571 0.193406 1023.3
1.39048e-07 1.4268e-07 748800 413 1.529e-06 0.0950298 0.177476 1038.03
1.38629e-07 1.42852e-07 751104 297 2.096e-06 0.107813 0.167024 1104.2
1.35157e-07 1.43399e-07 742656 386 1.23e-06 0.108123 0.16005 1037.23
1.34963e-07 1.43115e-07 753408 309 1.935e-06 0.106966 0.18126 1087.65
1.318e-07 1.41594e-07 755712 432 1.757e-06 0.102409 0.169081 1074.97
1.44342e-07 1.38529e-07 751872 272 2.51e-06 0.0949367 0.211875 941.699
1.49139e-07 1.42639e-07 749568 385 2.015e-06 0.119242 0.208534 859.619
1.47108e-07 1.44176e-07 745728 305 1.338e-06 0.1121 0.166217 896.468
1.46736e-07 1.41213e-07 754944 372 2.192e-06 0.0976595 0.189956 881.662
1.4649e-07 1.34514e-07 759552 324 1.52e-06 0.0818198 0.167474 880.721
1.49767e-07 1.3713e-07 738048 434 1.684e-06 0.108932 0.203469 911.219
1.53871e-07 1.39223e-07 727296 266 1.566e-06 0.107342 0.188133 913.442
1.5437e-07 1.43133e-07 731136 471 1.835e-06 0.116087 0.203381 921.018
1.49749e-07 1.5237e-07 713472 260 2.341e-06 0.135071 0.173592 997.772
1.49121e-07 1.4878e-07 774912 446 2.05e-06 0.104166 0.192128 1053.56
1.50699e-07 1.58713e-07 751872 255 3.596e-06 0.149205 0.196297 1104.86
1.48966e-07 1.63948e-07 751104 388 2.712e-06 0.138872 0.189507 1198.6
1.42428e-07 1.5727e-07 748800 292 1.359e-06 0.097762 0.143964 1286.22
1.38624e-07 1.59268e-07 774912 398 4.224e-06 0.12961 0.19459 1263.54
1.33153e-07 1.55647e-07 786432 346 4.33e-06 0.111017 0.167985 1241.29
1.31677e-07 1.51473e-07 775680 389 2.087e-06 0.104543 0.19809 1463.31
1.32538e-07 1.52938e-07 776448 337 2.106e-06 0.123298 0.20225 1451.57
1.27737e-07 1.48618e-07 771072 338 1.547e-06 0.101272 0.18037 1484.5
1.2549e-07 1.51115e-07 767232 324 1.446e-06 0.123602 0.187299 1561.46
1.212e-07 1.46895e-07 756480 372 1.811e-06 0.0983553 0.172977 1515.36
1.22028e-07 1.54163e-07 765696 330 6.978e-06 0.140302 0.203882 1574.48
1.21446e-07 1.488e-07 785664 485 1.704e-06 0.100051 0.193717 1526.21
1.24628e-07 1.47296e-07 592896 174 1.322e-06 0.0837648 0.141443 1510.4
1.28348e-07 1.52367e-07 609024 376 1.442e-06 0.105148 0.188128 1519.04
1.25298e-07 1.58956e-07 626688 225 2.668e-06 0.116135 0.154472 1689.44
1.19338e-07 1.68265e-07 592128 428 1.512e-06 0.121682 0.1833 1677.89
1.22501e-07 1.77493e-07 261888 85 1.404e-06 0.0561501 0.112911 1601.83
1.20115e-07 1.80666e-07 341760 159 2.285e-06 0.0660812 0.109068 1587.02
1.04519e-07 1.79116e-07 129024 25 0.12568 0.0223104 0.150035 1494.9
9.57351e-08 1.70964e-07 129024 28 0.0987355 0.0178516 0.158411 1585.14
9.12819e-08 1.68753e-07 129024 25 0.145832 0.0206319 0.205426 1689.65
8.26934e-08 1.58759e-07 129024 26 0.153183 0.0153258 0.210401 1759.24
8.72447e-08 1.58154e-07 786432 398 1.406e-06 0.122472 0.185055 1869.78
9.02737e-08 1.54949e-07 786432 393 2.444e-06 0.111776 0.178709 1912.22
9.46559e-08 1.58029e-07 786432 366 5.285e-06 0.13397 0.205027 1957.94
1.02601e-07 1.83738e-07 589056 257 3.031e-06 0.168807 0.243464 2007.87
1.02342e-07 1.75548e-07 653568 369 3.321e-06 0.0933224 0.184615 2123.18
1.0301e-07 1.69431e-07 775680 312 1.592e-06 0.112445 0.171285 2170.95
1.01709e-07 1.66352e-07 786432 439 1.463e-06 0.121138 0.183328 2021.67
1.02021e-07 1.6176e-07 786432 332 5.6e-06 0.112769 0.167495 1871.26
1.05035e-07 1.65142e-07 786432 331 1.782e-06 0.140512 0.202322 1893.3
1.06934e-07 1.61494e-07 786432 475 3.205e-06 0.115528 0.204291 1605.56
1.16889e-07 1.64072e-07 786432 263 1.912e-06 0.137143 0.21365 1554.53
1.15852e-07 1.56104e-07 786432 440 2.247e-06 0.0976982 0.186813 1586.63
1.14919e-07 1.5458e-07 778752 299 1.717e-06 0.115631 0.171613 1595.24
1.14583e-07 1.49905e-07 786432 394 1.683e-06 0.103185 0.186757 1559.01
1.10849e-07 1.49224e-07 773376 393 1.502e-06 0.113298 0.154995 1439.68
1.13848e-07 1.40085e-07 580608 193 1.217e-06 0.0601106 0.130175 1436.96
1.12894e-07 1.42969e-07 771072 401 1.599e-06 0.119133 0.169112 1267.32
1.13091e-07 1.45083e-07 786432 364 4.453e-06 0.120748 0.166213 1301.66
1.14323e-07 1.43911e-07 786432 316 5.076e-06 0.109489 0.172499 1352.57
1.14379e-07 1.42457e-07 786432 501 1.545e-06 0.107462 0.17653 1103.3
1.16039e-07 1.42321e-07 786432 314 1.567e-06 0.111495 0.158643 1105.93
1.15625e-07 1.40871e-07 786432 401 6.643e-06 0.106227 0.16302 1099.75
1.20275e-07 1.41954e-07 786432 355 3.893e-06 0.115044 0.183995 1110.52
1.0569e-07 1.44601e-07 129024 23 0.120757 0.020023 0.180291 990.395
9.69707e-08 1.42441e-07 129024 29 0.118021 0.0172633 0.173646 1082.25
1.04366e-07 1.41383e-07 786432 419 5.115e-06 0.10786 0.182799 975.865
1.0778e-07 1.5615e-07 129024 12 1.986e-06 0.0277685 0.110852 1049.36
9.94454e-08 1.47402e-07 129024 30 0.114521 0.0145033 0.136801 1015.94
9.74109e-08 1.44241e-07 129024 24 0.13325 0.0169793 0.16192 1113.44
1.07321e-07 1.96084e-07 129024 17 1.76e-06 0.0520556 0.114426 1244.75
1.08213e-07 1.85299e-07 129024 25 0.121071 0.0183421 0.15571 1224.54
9.90119e-08 1.67361e-07 129024 28 0.0856562 0.0123357 0.106055 1217.56
8.89786e-08 1.61366e-07 129024 25 0.0970805 0.0177259 0.125915 1145.82
8.02589e-08 1.53636e-07 129024 26 0.119566 0.0158335 0.140481 1103.34
8.90785e-08 1.51378e-07 786432 468 0.0606629 0.111945 0.244186 1064.43
9.55758e-08 1.5663e-07 324864 149 2.394e-06 0.0577076 0.134817 1067.41
1.01211e-07 1.55351e-07 311040 115 1.574e-06 0.0467296 0.135201 1075.7
1.02252e-07 1.52848e-07 786432 381 1.443e-06 0.112332 0.161157 1074.83
1.10957e-07 1.4853e-07 786432 335 1.488e-06 0.103222 0.204669 1085.98
1.12332e-07 1.43316e-07 786432 501 1.807e-06 0.096308 0.200373 1175.51
1.09114e-07 1.54243e-07 249600 113 1.662e-06 0.0494083 0.115344 1264.98
1.06162e-07 1.56986e-07 297984 102 1.1028e-05 0.0500487 0.101541 1270.87
1.12184e-07 1.54397e-07 579840 275 1.588e-06 0.0835216 0.153568 1272.16
1.18787e-07 1.52661e-07 774912 376 1.424e-06 0.112918 0.195564 1301.95
1.22553e-07 1.58976e-07 645888 288 6.31e-06 0.118994 0.167499 1351.47
1.26951e-07 1.56304e-07 785664 304 1.463e-06 0.114406 0.192984 1164.81
1.25433e-07 1.60369e-07 786432 452 2.823e-06 0.138908 0.197513 1167.84
1.34979e-07 1.60128e-07 588288 197 1.525e-06 0.0936328 0.169955 1227.75
1.34795e-07 1.62819e-07 688896 409 1.653e-06 0.119582 0.183402 1203.34
1.30723e-07 1.5852e-07 765696 273 2.42e-06 0.108212 0.155972 1240.03
1.31622e-07 1.57767e-07 786432 430 1.578e-06 0.121705 0.197899 1234.83
1.28711e-07 1.49813e-07 600576 290 1.728e-06 0.0708656 0.130699 1225.21
1.26616e-07 1.51503e-07 642816 253 1.517e-06 0.101734 0.143478 1245.5
1.24653e-07 1.5105e-07 766464 442 1.399e-06 0.114384 0.172558 1243.5
1.3074e-07 1.50546e-07 776448 326 1.465e-06 0.115326 0.197818 1122.61
1.30233e-07 1.52206e-07 785664 396 1.677e-06 0.124801 0.194995 1141.2
1.3559e-07 1.46603e-07 271104 139 2.421e-06 0.0336682 0.085342 1208.42
1.30415e-07 1.48869e-07 600576 265 1.312e-06 0.0948502 0.127009 1296.19
1.28473e-07 1.43324e-07 665088 338 1.4e-06 0.0805724 0.155951 1277.28
1.32504e-07 1.45015e-07 726528 347 1.411e-06 0.110273 0.211054 1396.98
1.23516e-07 1.45612e-07 696576 361 3.317e-06 0.103092 0.147811 1455.96
1.25621e-07 1.43409e-07 596736 218 1.381e-06 0.0803183 0.140604 1404.23
1.20681e-07 1.37991e-07 612864 378 4.294e-06 0.0712887 0.134919 1467.94
1.17685e-07 1.46495e-07 672000 306 2.847e-06 0.121302 0.165821 1463.43
1.18844e-07 1.50756e-07 745728 355 1.649e-06 0.125135 0.186859 1435.75
1.15501e-07 1.43035e-07 770304 338 1.935e-06 0.0863895 0.153706 1660.37
1.15041e-07 1.43081e-07 736512 393 4.401e-06 0.105516 0.179195 1755.23
1.21919e-07 1.4389e-07 711168 278 1.418e-06 0.104633 0.196229 1614.79
1.22105e-07 1.47706e-07 757248 364 1.666e-06 0.123405 0.214202 1777.51
1.16516e-07 1.45003e-07 695040 297 2.458e-06 0.0932696 0.146664 2268.05
1.12861e-07 1.43367e-07 645120 298 3.377e-06 0.0882688 0.147768 2257.08
1.077e-07 1.49144e-07 668928 319 1.534e-06 0.115222 0.15107 2233.28
1.04859e-07 1.47064e-07 685056 331 2.446e-06 0.0950479 0.161453 2162.37
1.06699e-07 1.56249e-07 709632 299 2.286e-06 0.136953 0.186424 1931.02
1.09682e-07 1.59306e-07 755712 376 1.484e-06 0.129629 0.198869 1855.21
9.53316e-08 1.48288e-07 129024 23 0.107966 0.0134461 0.156708 1895.73
8.37593e-08 1.42748e-07 129024 29 0.110318 0.0155588 0.162954 1791.34
8.93741e-08 1.44809e-07 786432 335 2.348e-06 0.120367 0.185457 1811.07
9.45395e-08 1.44149e-07 786432 462 2.019e-06 0.111287 0.214785 1972.45
1.05166e-07 1.53197e-07 786432 282 1.955e-06 0.148941 0.229776 1794.31
1.07783e-07 1.63456e-07 129024 29 0.191759 0.0263844 0.255238 1831.4
1.13e-07 1.66864e-07 786432 369 1.309e-06 0.141949 0.229062 1783.77
1.17983e-07 1.75069e-07 786432 412 1.941e-06 0.163491 0.245367 1803.67
1.16104e-07 1.71493e-07 786432 332 1.516e-06 0.123616 0.182889 1874
1.11134e-07 1.63373e-07 786432 415 2.337e-06 0.102939 0.170227 2034.61
1.1004e-07 1.5616e-07 770304 255 3.055e-06 0.0980675 0.168445 2361.74
1.09848e-07 1.49077e-07 760320 390 8.645e-06 0.0918036 0.209101 2275.29
1.13387e-07 1.62217e-07 717312 364 5.139e-06 0.154062 0.237858 2371.24
1.1547e-07 1.67197e-07 731136 329 1.814e-06 0.136807 0.202484 2089.6
1.16572e-07 1.66263e-07 596736 267 1.892e-06 0.0969865 0.158456 2105.53
1.0908e-07 1.68102e-07 678912 377 2.143e-06 0.119122 0.19053 1839.29
1.09744e-07 1.63081e-07 786432 303 1.733e-06 0.112455 0.173971 1859.13
1.06793e-07 1.60279e-07 786432 481 1.798e-06 0.117236 0.187821 1752
1.17267e-07 1.69742e-07 592896 245 2.243e-06 0.123081 0.194663 1650.76
1.1425e-07 1.63179e-07 600576 308 1.4476e-05 0.0822346 0.132376 1551.92
1.14192e-07 1.6302e-07 665088 317 1.459e-06 0.107999 0.170599 1840.96
1.17844e-07 1.69056e-07 746496 353 1.71e-06 0.144225 0.222404 1773.48
1.17519e-07 1.77245e-07 604416 294 2.729e-06 0.126926 0.168101 1674.1
1.01804e-07 1.63681e-07 129024 26 0.116758 0.0141186 0.137809 1726.91
1.05496e-07 1.63166e-07 786432 405 2.207e-06 0.126699 0.193424 1625.13
1.04711e-07 1.61866e-07 786432 356 1.784e-06 0.123209 0.162284 1667.28
1.03507e-07 1.74647e-07 309504 142 0.0826569 0.0698763 0.19911 1666.42
1.13391e-07 1.78843e-07 129024 24 0.127871 0.0252409 0.192598 1775.2
1.03729e-07 1.7424e-07 129024 28 0.108904 0.0201053 0.143802 2017.88
9.33768e-08 1.71543e-07 244992 165 0.0908845 0.0393835 0.149052 1885.44
8.35792e-08 1.68681e-07 129024 18 0.117549 0.0202867 0.177079 1964.79
7.93209e-08 1.67985e-07 173568 201 0.122072 0.0286736 0.179359 1479.72
8.41541e-08 1.65412e-07 786432 326 0.0523998 0.121993 0.221143 1593.09
8.83735e-08 1.62215e-07 786432 357 3.409e-06 0.117512 0.164963 1588.87
9.52572e-08 1.56955e-07 786432 335 2.03e-06 0.106887 0.18029 1550.28
9.63507e-08 1.55326e-07 786432 453 1.316e-06 0.117032 0.187017 1549.14
9.87077e-08 1.53424e-07 786432 324 1.773e-06 0.114673 0.164941 1669.03
9.86739e-08 1.52102e-07 786432 366 1.411e-06 0.115458 0.164154 1885.93
1.00811e-07 1.45874e-07 786432 376 1.48e-06 0.0951303 0.19355 1907.05
1.01837e-07 1.41224e-07 786432 376 1.517e-06 0.0964335 0.178777 1957.56
1.02399e-07 1.52063e-07 786432 430 4.573e-06 0.153684 0.206946 1878.82
1.09468e-07 1.55544e-07 786432 281 2.9e-06 0.133274 0.205511 1727.64
1.08272e-07 1.57969e-07 786432 435 1.821e-06 0.131861 0.201296 2007.55
1.09579e-07 1.53295e-07 784896 374 3.497e-06 0.105649 0.196048 1996.86
1.11319e-07 1.50543e-07 786432 321 1.934e-06 0.109733 0.179554 1773.25
1.10968e-07 1.48612e-07 786432 437 1.895e-06 0.1108 0.201731 1699.4
1.10655e-07 1.48771e-07 786432 289 1.2125e-05 0.117498 0.186559 1704.02
1.09101e-07 1.52535e-07 786432 471 2.175e-06 0.131799 0.196868 1778.48
1.06903e-07 1.58226e-07 786432 322 1.449e-06 0.142337 0.183561 1905.8
1.04478e-07 1.54997e-07 786432 366 1.9e-06 0.111736 0.175856 1909.92
1.05772e-07 1.56868e-07 786432 437 1.587e-06 0.12925 0.204386 1861.06
1.14319e-07 1.6154e-07 786432 289 1.601e-06 0.141736 0.207317 1534.23
1.16358e-07 1.56022e-07 786432 479 1.483e-06 0.105343 0.197767 1341.68
1.19295e-07 1.57452e-07 786432 303 9.207e-06 0.128324 0.181908 1159.55
1.19406e-07 1.56102e-07 786432 437 1.381e-06 0.118517 0.187497 1301.62
1.21583e-07 1.71607e-07 393216 223 0.108952 0.0918664 0.244065 1243.06
1.2239e-07 1.62006e-07 337920 151 0.0641947 0.041768 0.14769 1219.8
1.2042e-07 1.52505e-07 338688 216 0.068143 0.0387791 0.149981 1162.23
1.12941e-07 1.44481e-07 129024 20 0.117877 0.0145005 0.175437 1183.93
1.14383e-07 1.43659e-07 786432 490 2.122e-06 0.110393 0.1912 1184.33
1.19743e-07 1.51832e-07 393984 198 0.086156 0.0726986 0.206322 1033.1
1.13096e-07 1.5284e-07 129024 23 0.137702 0.0202405 0.195541 996.034
1.04145e-07 1.54623e-07 129024 29 0.0879746 0.0208699 0.145432 990.43
1.13568e-07 1.45971e-07 129024 24 0.11645 0.014369 0.153193 1143.42
1.01364e-07 1.4118e-07 129024 29 0.101904 0.0157428 0.157629 1143.38
1.07002e-07 1.98767e-07 129024 15 2.768e-06 0.0553659 0.147239 1309.29
9.77133e-08 1.96531e-07 129024 26 0.102217 0.0242034 0.133511 1278.13
8.71145e-08 1.77916e-07 129024 25 0.10804 0.0133482 0.127203 1230.51
9.2523e-08 1.63666e-07 129024 28 0.0948953 0.0137629 0.14506 1364.04
9.26719e-08 1.5111e-07 129024 25 0.109721 0.0130162 0.161699 1413.9
9.3271e-08 1.4738e-07 623616 351 0.0436009 0.0826049 0.166151 1304.61
9.47391e-08 1.46147e-07 573696 221 0.0940544 0.0810147 0.228191 1409.12
9.85971e-08 1.49909e-07 786432 478 8.025e-06 0.129727 0.185272 1354.2
1.05164e-07 1.55023e-07 786432 298 1.329e-06 0.138003 0.18772 1433.89
1.06539e-07 1.56787e-07 786432 413 4.938e-06 0.12885 0.180595 1420.26
1.11525e-07 1.56434e-07 786432 376 6.104e-06 0.121913 0.194147 1400.15
1.10589e-07 1.59394e-07 734976 391 0.0575976 0.125856 0.233416 1379.87
1.11669e-07 1.6613e-07 786432 318 7.908e-06 0.15184 0.192228 1420.23
1.1334e-07 1.61162e-07 786432 430 2.926e-06 0.111113 0.195073 1393.94
1.13629e-07 1.65621e-07 786432 326 4.073e-06 0.144276 0.1901 1480.42
1.07824e-07 1.58747e-07 644352 315 0.0781918 0.0845729 0.205002 1426.09
1.15117e-07 1.56043e-07 786432 348 1.2828e-05 0.11421 0.218113 1636.17
1.14623e-07 1.52862e-07 786432 389 1.457e-06 0.110209 0.179243 1531.8
1.13854e-07 1.51008e-07 786432 397 1.403e-06 0.112926 0.192007 1504.36
1.20409e-07 1.51618e-07 779520 358 1.3e-06 0.120092 0.214464 1519.67
1.2137e-07 1.45491e-07 786432 338 1.687e-06 0.0951451 0.180825 1554.14
1.15026e-07 1.45497e-07 743424 401 1.896e-06 0.108184 0.147194 1419.48
1.1702e-07 1.4573e-07 775680 303 1.409e-06 0.113763 0.183707 1418
1.18601e-07 1.43503e-07 786432 415 1.469e-06 0.105847 0.194553 1434.31
1.19083e-07 1.38529e-07 592896 280 1.3322e-05 0.0703387 0.134651 1472.13
1.20462e-07 1.44783e-07 600576 309 2.194e-06 0.101977 0.151975 1456.42
1.1836e-07 1.40661e-07 663552 303 1.834e-06 0.0823939 0.143371 1588.95
1.13776e-07 1.45968e-07 671232 384 1.595e-06 0.112229 0.152008 1454.71
1.13628e-07 1.45073e-07 588288 229 3.376e-06 0.0832397 0.139437 1487.06
1.12469e-07 1.49062e-07 129024 19 2.394e-06 0.0212912 0.091982 1660.37
9.79287e-08 1.48462e-07 129024 25 0.104557 0.0188454 0.129309 1609.89
8.65196e-08 1.3729e-07 129024 26 0.102049 0.011948 0.154058 1727.38
9.10479e-08 1.95351e-07 129024 15 2.913e-06 0.0551701 0.127011 1657.75
8.80792e-08 1.8096e-07 129024 26 0.114286 0.0159209 0.158128 1728.06
8.35875e-08 1.87617e-07 129024 25 0.0962811 0.027643 0.134786 1801.78
7.77539e-08 1.78306e-07 129024 28 0.114104 0.0182001 0.139631 1754.85
7.4518e-08 1.75227e-07 129024 25 0.125013 0.0210193 0.154201 2001.47
6.69392e-08 1.66057e-07 129024 28 0.130949 0.0166932 0.185494 2166.85
6.78921e-08 1.6463e-07 786432 400 0.0557632 0.124982 0.21956 2511.71
6.61437e-08 4.90016e+07 129024 15 0.0192424 3.16119e+13 0.0501736 1543.47
7.03256e-08 3.92013e+07 129024 15 0.0192424 0.0316637 0.107306 1644.72
6.73054e-08 3.1361e+07 740352 1588 0.0352072 0.107779 0.274953 1703.79
8.16796e-08 2.50888e+07 786432 271 0.0599584 0.104645 0.242741 1300.2
8.81387e-08 2.00711e+07 786432 477 0.0538715 0.0999155 0.250809 1149.55
9.76756e-08 1.60568e+07 786432 341 0.0573755 0.164101 0.265274 1085.28
1.1107e-07 1.28455e+07 786432 406 0.0542463 0.12907 0.245099 170.663
1.2536e-07 1.02764e+07 786432 315 0.0598813 0.118933 0.241793 179.149
1.37711e-07 8.2211e+06 786432 480 0.0540918 0.115163 0.236637 161.972
1.42728e-07 6.57688e+06 786432 317 0.0142548 0.094587 0.184695 158.5
1.45569e-07 5.26151e+06 786432 436 0.0540856 0.121664 0.219238 155.845
1.54924e-07 4.2092e+06 786432 330 0.0540247 0.108771 0.235954 151.149
1.624e-07 3.36736e+06 786432 434 0.0618417 0.144012 0.274526 147.761
1.61519e-07 2.69389e+06 786432 330 0.0514553 0.124843 0.217186 152.408
1.69707e-07 2.15511e+06 786432 447 0.0561384 0.13196 0.246352 153.085
1.71803e-07 1.72409e+06 786432 327 0.0588146 0.105403 0.244359 152.697
1.75189e-07 1.37927e+06 786432 435 0.0620128 0.10889 0.254775 163.461
1.73328e-07 1.10342e+06 786432 338 0.0540941 0.106557 0.22609 154.854
1.77605e-07 882734 786432 413 0.0530169 0.150583 0.274567 152.258
1.75691e-07 706188 786432 348 0.0602692 0.114409 0.23527 147.131
1.79987e-07 564950 786432 414 0.0648386 0.141013 0.260445 146.807
1.76737e-07 451960 786432 359 0.0557485 0.100395 0.215942 149.865
1.75863e-07 361568 786432 398 0.0569578 0.102549 0.22067 149.942
1.79882e-07 289254 786432 369 0.0528254 0.0804915 0.232568 138.486
1.93211e-07 231404 786432 404 0.0521304 0.120053 0.274344 137.8
1.89657e-07 185123 786432 383 0.0551716 0.124432 0.229994 139.328
1.85898e-07 148098 786432 376 0.0568709 0.101071 0.21605 135.929
1.89873e-07 118479 786432 383 0.0597008 0.117359 0.269968 134.015
1.91863e-07 94782.9 786432 408 0.0209369 0.123724 0.236493 136.613
1.87439e-07 75826.3 786432 372 0.0143956 0.126987 0.183154 140.189
1.86799e-07 60661.1 786432 339 0.0501619 0.0942402 0.230181 147.346
1.779e-07 48528.8 786432 477 0.0566227 0.146782 0.26472 975.679
1.68558e-07 38823.1 786432 322 0.0576772 0.116589 0.232975 1160.17
1.58166e-07 31058.5 786432 454 0.0547166 0.127342 0.26088 1455.99
1.48271e-07 24846.8 786432 322 0.059478 0.114847 0.241085 1433.38
1.41707e-07 19877.4 786432 444 0.0175404 0.122527 0.20313 1340.99
1.35204e-07 15901.9 786432 341 0.0603747 0.0991755 0.234152 1327.9
1.33195e-07 12721.5 786432 408 0.0519529 0.10156 0.234876 1282.33
1.30354e-07 10177.2 786432 364 0.0510277 0.096857 0.236205 1437.85
1.27805e-07 8141.79 786432 394 0.0548939 0.119874 0.24504 1589.37
1.26251e-07 6513.43 786432 387 0.064621 0.0998344 0.248318 1503.15
1.1952e-07 5210.75 786432 384 0.0588381 0.1103 0.225105 1407.16
1.20618e-07 4168.6 786432 398 0.0579394 0.110398 0.243108 1359.2
1.20957e-07 3334.88 786432 398 0.0479925 0.168925 0.257324 1298.09
1.19996e-07 2667.9 786432 356 0.0561232 0.116464 0.229853 1247.96
1.22069e-07 2134.32 786432 415 0.0596287 0.1171 0.250262 1154.01
1.1948e-07 1707.46 786432 361 0.050085 0.10613 0.222647 1161.41
1.21785e-07 1365.97 786432 386 0.0587684 0.142672 0.250521 1119.02
1.2224e-07 1092.77 786432 399 0.0219269 0.10767 0.206063 1073.12
1.256e-07 874.218 786432 373 0.0514483 0.0919075 0.231684 1056.92
1.28574e-07 699.375 786432 412 0.0514297 0.100421 0.251991 980.537
1.30809e-07 559.5 786432 350 0.0493281 0.109321 0.244556 872.221
1.29803e-07 447.6 786432 411 0.0547064 0.120455 0.234199 855.136
1.27118e-07 358.08 786432 350 0.0548693 0.126476 0.234449 1298.03
1.26847e-07 286.464 786432 439 0.0583888 0.150523 0.255041 1273.31
1.27863e-07 229.171 786432 339 0.0570049 0.107746 0.258176 1359.24
1.25178e-07 183.337 786432 437 0.0533314 0.120717 0.259457 1461.48
1.23517e-07 146.669 786432 333 0.0537178 0.167549 0.279655 1302.02
1.19564e-07 117.336 786432 431 0.053748 0.10002 0.23952 1829.75
1.15518e-07 93.8685 786432 340 0.0541997 0.0957271 0.229665 1952.81
1.09808e-07 75.0948 786432 437 0.060078 0.0796126 0.242339 2420.79
1.08309e-07 60.0758 786432 339 0.0507712 0.103754 0.240406 2255.44
1.05898e-07 48.0607 786432 429 0.0548359 0.106338 0.284002 2881.35
1.03472e-07 38.4485 786432 345 0.040516 0.13301 0.234071 2286.35
1.00035e-07 30.7588 786432 440 0.0523577 0.107843 0.219279 1788.65
1.02527e-07 24.6071 786432 334 0.0493878 0.133064 0.245414 1900.4
1.03977e-07 19.6856 786432 435 0.0493635 0.122532 0.270896 2086.02
1.0068e-07 15.7485 786432 333 0.0555704 0.124148 0.249308 2217.11
9.8718e-08 12.5988 786432 429 0.0574586 0.105384 0.239482 2180.72
1.01764e-07 10.0791 786432 359 0.0572053 0.148297 0.27535 2004.11
9.79409e-08 8.06324 786432 384 0.0496881 0.130756 0.224609 2197.09
9.63975e-08 6.45059 786432 361 0.0556909 0.101362 0.223883 2029.13
9.70073e-08 5.16048 786432 460 0.0526977 0.115361 0.223476 1571.18
1.01328e-07 4.12838 786432 317 0.0209666 0.107648 0.198126 1514.09
1.02903e-07 3.3027 786432 454 0.0582331 0.0697262 0.250596 1776.63
1.00698e-07 2.64216 786432 331 0.0556084 0.102265 0.223402 1782.01
1.01536e-07 2.11373 786432 447 0.0505941 0.0878076 0.248121 1739.83
1.02267e-07 1.69098 786432 326 0.0674861 0.116216 0.267787 1759.94
1.01134e-07 1.35279 786432 447 0.0519781 0.111304 0.214446 1442.01
1.04549e-07 1.08223 786432 324 0.0651413 0.103651 0.242047 1432.78
1.06938e-07 0.865784 786432 436 0.0559065 0.153814 0.26749 1606.47
1.14296e-07 0.692627 786432 339 0.0559952 0.0872422 0.270362 1417.36
1.13066e-07 0.554102 786432 417 0.0195587 0.112602 0.199687 1245.39
1.18748e-07 0.443282 786432 330 0.0511088 0.122417 0.243131 939.383
1.22228e-07 0.354625 786432 447 0.019828 0.131209 0.208001 787.113
1.25553e-07 0.2837 786432 337 0.0527591 0.110401 0.24588 904.488
1.24351e-07 0.22696 786432 376 0.0520591 0.107152 0.222569 925.276
1.26806e-07 0.181568 786432 376 0.0605262 0.117679 0.251163 979.938
1.25926e-07 0.145255 786432 394 0.0494026 0.113404 0.21992 939.607
1.28877e-07 0.116204 786432 376 0.0529916 0.0953432 0.233033 932.589
1.30205e-07 0.092963 786432 394 0.0576063 0.0946968 0.239478 914.994
1.2807e-07 0.0743704 786432 383 0.0474695 0.110523 0.213357 934.224
1.28488e-07 0.0594964 786432 376 0.0148639 0.125473 0.19421 927.609
1.33783e-07 0.0475971 786432 394 0.0688986 0.113805 0.278063 927.325
1.29447e-07 0.0380777 786432 383 0.0739862 0.0934458 0.232042 869.385
1.27506e-07 0.0304622 786432 383 0.0512902 0.103923 0.21621 907.188
1.27834e-07 0.0243698 786432 383 0.0174583 0.118941 0.195005 849.576
1.2907e-07 0.0194959 786432 394 0.0643419 0.113287 0.247065 829.274
1.35028e-07 0.0155967 786432 383 0.0525126 0.125175 0.248163 832.984
1.34499e-07 0.0124774 786432 376 0.0546451 0.100691 0.223716 890.383
1.38362e-07 0.00998196 786432 387 0.0168304 0.115848 0.221557 849.136
1.31724e-07 0.00798558 786432 394 0.0171137 0.0733205 0.152409 841.065
1.29912e-07 0.0063885 786432 383 0.0502535 0.111051 0.215168 842.964
1.30672e-07 0.00511083 786432 376 0.022847 0.13868 0.223854 787.861
