9.78299e-08 2.21082e-07 134400 880 0.0936188 0.0297134 0.241749 1166.67
6.18236e-08 1.60989e-07 129024 20 0.114201 0.0130181 0.136228 5402.1
6.08666e-08 1.40324e-07 164352 55 0.116289 0.0162699 0.149871 2765.72
7.24164e-08 1.3665e-07 602880 226 0.0380067 0.0757391 0.160618 1463.71
8.5731e-08 1.39721e-07 786432 313 0.0211856 0.11954 0.213306 1307.85
9.21559e-08 1.39403e-07 786432 393 1.726e-06 0.108379 0.179199 1409.18
8.50503e-08 1.33644e-07 129024 25 0.123747 0.0127855 0.393057 1352.6
9.0103e-08 1.36118e-07 786432 319 1.593e-06 0.120666 0.172355 1350.36
9.32568e-08 1.37007e-07 786432 393 1.455e-06 0.113337 0.180654 1358.39
9.54222e-08 1.37541e-07 786432 354 2.681e-06 0.111947 0.178554 1396.77
9.11799e-08 1.62331e-07 129024 15 2.537e-06 0.0529295 0.126507 1399.24
8.32927e-08 1.5694e-07 129024 17 0.112296 0.0174669 0.139887 1399.51
8.99951e-08 1.54775e-07 599808 225 0.0665294 0.0876397 0.20454 1410.03
1.00205e-07 1.57616e-07 579840 204 1.497e-06 0.0979823 0.167726 1379.57
1.03313e-07 1.56373e-07 786432 319 4.639e-06 0.119068 0.170977 1409.1
9.39896e-08 1.55735e-07 129024 29 0.102983 0.0197642 0.159187 1406.16
8.38084e-08 1.47226e-07 129024 18 0.113601 0.0146043 0.17119 1397.74
9.52804e-08 1.45043e-07 592128 237 1.281e-06 0.080714 0.147915 1392.67
1.02597e-07 1.4236e-07 786432 246 3.202e-06 0.103515 0.177826 1367
9.20339e-08 1.98339e-07 129024 17 1.329e-06 0.0544812 0.14551 1364.08
9.50798e-08 1.82557e-07 326400 77 0.103593 0.0389805 0.168919 1384.12
9.3429e-08 1.83396e-07 318720 72 0.0853082 0.059522 0.185499 1424.03
9.74084e-08 1.68911e-07 306432 84 0.0966311 0.0340053 0.167125 1467.62
1.06987e-07 1.72758e-07 272640 104 0.072557 0.0512961 0.164572 1498.79
1.0824e-07 1.65646e-07 129024 23 0.125084 0.0177016 0.177002 1536.66
1.01978e-07 1.53755e-07 129024 20 0.10646 0.0137016 0.157366 1580.28
9.70923e-08 1.44347e-07 129024 24 0.0852217 0.0137687 0.13876 1575.93
8.62663e-08 1.47628e-07 129024 18 0.134038 0.0207405 0.19395 1538.47
7.85978e-08 1.46595e-07 129024 20 0.0933836 0.0183815 0.148925 1515.03
8.73543e-08 1.47732e-07 665856 280 0.0711192 0.101398 0.235971 1539.84
9.51746e-08 1.47883e-07 786432 269 2.803e-06 0.116774 0.167234 1510.74
9.66505e-08 1.46897e-07 786432 436 2.303e-06 0.112423 0.172491 1500.63
9.87027e-08 1.50216e-07 786432 335 1.867e-06 0.128576 0.189375 1511.02
1.02958e-07 1.47962e-07 786432 393 1.384e-06 0.109271 0.184216 1512.69
9.61556e-08 1.56777e-07 129024 25 0.114649 0.0247772 0.173927 1499.42
9.3682e-08 1.56836e-07 129024 23 0.0864026 0.020266 0.146909 1500.19
8.6841e-08 1.53829e-07 129024 18 0.0920934 0.0182955 0.146844 1507.22
8.2546e-08 1.43253e-07 129024 23 0.107719 0.0130251 0.162991 1506.02
7.79876e-08 1.34368e-07 129024 26 0.114706 0.012751 0.166804 1509.08
8.86837e-08 1.39847e-07 786432 235 3.884e-06 0.127217 0.18248 1512.52
9.56124e-08 1.38668e-07 786432 422 1.544e-06 0.105344 0.205307 1523.83
1.02989e-07 1.47179e-07 786432 335 1.387e-06 0.142519 0.200161 1550.23
9.41478e-08 2.02062e-07 129024 19 4.103e-06 0.0543955 0.132756 1551.49
1.00298e-07 1.96308e-07 591360 216 0.0640615 0.10248 0.2144 1545.19
1.03359e-07 1.83332e-07 591360 246 0.0795571 0.0777211 0.216372 1547.01
9.20919e-08 2.35996e-07 129024 15 4.732e-06 0.0576285 0.139047 1523.14
9.38486e-08 2.21966e-07 786432 327 0.0142497 0.130426 0.185032 1527.32
1.07044e-07 2.15042e-07 134400 43 0.110127 0.0251796 0.175449 1510.86
9.75181e-08 1.93789e-07 129024 14 0.119012 0.0140348 0.172721 1507.42
9.03353e-08 2.08652e-07 129024 24 0.09291 0.0345918 0.166443 1507.5
8.31924e-08 1.87716e-07 129024 25 0.126077 0.013415 0.177595 2588.34
9.3559e-08 1.95797e-07 135168 32 0.110802 0.0308347 0.177595 2463.38
8.85805e-08 1.9492e-07 129024 23 0.11083 0.0246968 0.166458 2513.41
8.64543e-08 1.98588e-07 129792 60 0.0958686 0.0276795 0.155814 2538.06
7.76509e-08 1.79918e-07 129024 17 0.131758 0.0135782 0.153087 2726.2
8.11123e-08 1.64352e-07 129024 25 0.12661 0.0131715 0.182768 3183.09
7.32234e-08 1.53635e-07 129024 17 0.100555 0.0142917 0.153734 3171.85
7.0176e-08 1.5566e-07 129024 28 0.084587 0.0211287 0.144862 3502.04
6.49231e-08 1.73693e-07 129024 22 0.105666 0.0317175 0.137997 3828.49
5.99738e-08 1.69845e-07 129024 17 0.10818 0.0199283 0.137242 3826.48
5.75719e-08 1.60295e-07 129024 29 0.0833193 0.015753 0.115159 3818.84
5.05269e-08 1.6253e-07 163584 50 0.116197 0.0280501 0.163704 14513.3
4.45067e-08 1.56093e-07 129024 23 0.0928461 0.0168174 0.149035 14488.1
3.63018e-08 1.47101e-07 129024 25 0.0978169 0.0143388 0.151502 70757.6
2.90379e-08 1.39212e-07 129024 23 0.130819 0.0138906 0.152021 -1.0225e+07
2.40916e-08 1.45031e-07 786432 268 0.0526661 0.132362 0.242684 126269
3.99128e-08 1.44684e-07 244992 73 1.92e-06 0.0351064 0.0969769 3905.03
5.60021e-08 1.42627e-07 786432 209 1.467e-06 0.105696 0.183134 2913.71
5.213e-08 1.43932e-07 786432 422 1.407e-06 0.117295 0.241481 11850.2
4.90255e-08 1.47915e-07 530688 220 2.623e-06 0.086952 0.134311 10950.2
6.05263e-08 1.53996e-07 558336 174 1.9e-06 0.0995625 0.172721 3048.4
6.63729e-08 1.49744e-07 786432 335 1.208e-06 0.104389 0.171883 2681.04
7.50013e-08 1.41824e-07 129024 28 0.12404 0.0142109 0.18181 2738.09
8.74856e-08 1.49441e-07 786432 252 5.586e-06 0.141486 0.214464 2502.09
8.20006e-08 1.44088e-07 129024 29 0.131205 0.0158281 0.187762 2520.63
8.51369e-08 1.39963e-07 781056 235 7.98e-06 0.0964335 0.148792 2353.6
8.75615e-08 1.39837e-07 786432 319 6.571e-06 0.109576 0.174814 2346.83
8.88923e-08 1.33825e-07 764928 371 1.272e-06 0.0839708 0.159708 2102.85
9.37383e-08 1.37508e-07 786432 252 1.867e-06 0.119725 0.168927 2035.88
9.26902e-08 1.31592e-07 760320 390 2.683e-06 0.0820596 0.147001 1856.58
9.41204e-08 1.31615e-07 786432 246 1.376e-06 0.103579 0.170031 1996.38
8.64653e-08 1.37655e-07 129024 29 0.164584 0.0208783 0.224071 2051.26
8.98605e-08 1.44215e-07 786432 277 1.459e-06 0.13405 0.169708 2143.15
8.24462e-08 1.40561e-07 129024 29 0.140369 0.0162501 0.19428 2298.57
9.30917e-08 1.52735e-07 786432 262 1.3322e-05 0.158409 0.210404 2149.9
8.3792e-08 1.56577e-07 129024 29 0.154131 0.0221853 0.214361 2122.47
9.38764e-08 1.56874e-07 786432 246 1.488e-06 0.124304 0.187935 1970.03
9.54276e-08 1.64034e-07 786432 403 3.372e-06 0.151525 0.209604 1948.6
8.68752e-08 1.53566e-07 129024 25 0.122641 0.0144116 0.178984 1916.55
8.00593e-08 1.59194e-07 129024 18 0.116398 0.0234444 0.179938 2147.17
8.24738e-08 1.65949e-07 129024 28 0.138129 0.0248976 0.204531 1954.19
7.56444e-08 1.72834e-07 129024 22 0.113166 0.0258528 0.144189 1907.3
7.91204e-08 1.68581e-07 786432 404 0.0596014 0.119198 0.246273 1568.6
8.68738e-08 1.68152e-07 786432 354 1.357e-06 0.13089 0.197512 1542.99
8.77263e-08 2.17716e-07 129024 15 1.449e-06 0.0536707 0.139305 1587.8
9.08112e-08 1.98404e-07 602880 195 0.0762006 0.0730423 0.20427 1476.94
9.50523e-08 1.88467e-07 786432 327 0.059855 0.116958 0.237117 1495.53
1.0032e-07 2.34204e-07 129024 19 2.288e-06 0.0538227 0.171426 1629.26
9.9047e-08 2.81652e-07 129024 13 5.861e-06 0.0608272 0.136389 1620.37
1.03551e-07 2.53795e-07 786432 295 0.0635878 0.111964 0.24739 1585.26
9.51523e-08 2.88963e-07 129024 24 1.669e-06 0.0554329 0.15135 1565.37
9.76519e-08 2.55293e-07 786432 217 0.0592621 0.0948541 0.204858 1435.65
9.55896e-08 2.85057e-07 129024 24 1.56e-06 0.0521404 0.12637 1430.87
9.86633e-08 2.54778e-07 786432 258 0.0544435 0.105115 0.206735 1404.6
9.08875e-08 2.82454e-07 129024 24 1.69e-06 0.050727 0.145792 1376.11
9.78041e-08 2.53679e-07 786432 239 0.0585264 0.108984 0.224228 1321.65
9.47528e-08 2.8981e-07 129024 19 1.72e-06 0.0560395 0.148773 1342.16
1.04967e-07 2.61526e-07 786432 252 0.0231193 0.116696 0.214118 1236.83
1.05266e-07 2.36027e-07 786432 412 0.0178485 0.105409 0.195286 1131.92
1.04757e-07 2.15961e-07 786432 364 0.0511772 0.106716 0.202229 1034.08
9.70854e-08 2.54288e-07 129024 15 1.916e-06 0.0525898 0.135531 1054.69
9.91332e-08 2.3232e-07 786432 197 0.0534223 0.113598 0.199037 1162
1.12583e-07 2.03483e-07 129024 24 1.388e-06 0.0113717 0.0786521 1244.05
1.20203e-07 1.979e-07 312576 65 1.423e-06 0.0548781 0.113555 1280.61
1.22118e-07 1.81509e-07 574464 180 1.539e-06 0.0666051 0.124716 1301.53
1.22628e-07 1.78487e-07 786432 393 1.472e-06 0.130862 0.18393 1281.2
1.21389e-07 1.73139e-07 786432 354 1.178e-06 0.119337 0.168745 1227.84
1.20356e-07 1.69393e-07 786432 377 1.1435e-05 0.121432 0.177006 1380.16
1.18295e-07 1.66196e-07 786432 364 4.564e-06 0.120647 0.16217 1285.37
1.12726e-07 1.5867e-07 162048 59 0.0987676 0.0208334 0.156062 1232.14
1.09071e-07 1.54485e-07 162048 38 0.104642 0.0223215 0.166637 1317.09
9.73036e-08 1.48264e-07 129024 28 0.120044 0.0159191 0.174164 1240.37
1.0322e-07 1.48292e-07 786432 252 1.772e-06 0.116708 0.1723 1335.99
1.01307e-07 1.45863e-07 786432 403 1.412e-06 0.107073 0.156533 1347.25
9.56352e-08 1.41958e-07 129024 25 0.116946 0.0163001 0.142486 1350.46
1.12354e-07 1.91127e-07 129024 12 6.509e-06 0.0500359 0.113337 1513.13
9.87901e-08 1.80046e-07 129024 23 0.124594 0.0175116 0.150537 1486.08
9.18791e-08 1.71392e-07 129024 18 0.120087 0.0176473 0.176866 1540.83
8.76909e-08 1.5878e-07 129024 23 0.124635 0.0139774 0.176232 1644.09
7.86024e-08 1.46293e-07 129024 23 0.112281 0.0124307 0.164442 1667.25
8.44782e-08 1.43124e-07 786432 335 2.97e-06 0.10259 0.187402 1744.63
8.79197e-08 1.42849e-07 786432 393 5.363e-06 0.111477 0.184699 1700.38
8.40872e-08 1.94956e-07 129024 15 6.34e-06 0.0520463 0.14016 1720.86
8.77849e-08 1.95313e-07 336384 117 0.0892043 0.0661792 0.170713 1684.05
8.17676e-08 1.83358e-07 129024 26 0.115457 0.0174878 0.169999 1840.44
9.59169e-08 1.80756e-07 327168 81 0.0844407 0.0557325 0.17019 1807.7
9.76307e-08 1.64795e-07 311040 80 0.108963 0.0313998 0.177948 1945.75
9.60169e-08 1.51787e-07 129024 25 0.111419 0.0128706 0.163947 1909.58
9.56398e-08 1.4523e-07 786432 269 2.508e-06 0.0935888 0.137317 1845.56
9.59369e-08 1.44269e-07 786432 422 2.097e-06 0.110435 0.172935 1741.58
1.00166e-07 1.38437e-07 786432 335 3.816e-06 0.0905247 0.182902 1737.53
1.00476e-07 1.37634e-07 756480 371 2.045e-06 0.101688 0.178757 1747.79
9.35581e-08 1.38958e-07 129024 12 2.74e-06 0.0186121 0.113191 1970.61
9.648e-08 1.42044e-07 773376 255 8.344e-06 0.119401 0.169408 2075.13
8.93755e-08 1.50893e-07 129024 15 2.68e-06 0.0240355 0.094419 2069.76
8.97054e-08 1.45299e-07 303360 62 1.625e-06 0.0372906 0.0840768 2194.86
9.98281e-08 1.52926e-07 584448 271 1.426e-06 0.107208 0.180882 2294.3
9.47337e-08 1.4271e-07 129024 17 0.126672 0.0131405 0.179803 2335.52
9.96868e-08 1.47831e-07 596736 267 2.523e-06 0.100438 0.172316 2296.58
9.18502e-08 1.40428e-07 129024 14 0.110939 0.014298 0.168247 2376.42
9.08817e-08 1.34473e-07 722688 371 1.208e-06 0.0799676 0.158043 2422.08
8.7948e-08 1.37972e-07 745728 231 1.544e-06 0.113326 0.154327 2710.5
8.92494e-08 1.39274e-07 129024 15 1.705e-06 0.0186416 0.128288 2769.77
9.24343e-08 1.56526e-07 592128 205 1.807e-06 0.133546 0.165163 3005.94
8.7328e-08 2.10932e-07 129024 13 1.576e-06 0.0552941 0.136062 3073.64
8.53753e-08 1.96569e-07 129024 29 0.118401 0.017949 0.151635 3619.2
7.53938e-08 1.78274e-07 129024 23 0.121993 0.0135597 0.141976 3514.61
7.039e-08 1.6121e-07 129024 18 0.110197 0.0119937 0.131522 3747.29
6.46256e-08 1.61669e-07 129024 29 0.137242 0.0210956 0.171666 4022.27
5.81804e-08 1.51893e-07 129024 17 0.143548 0.0145528 0.164783 4167.92
6.01775e-08 1.51236e-07 786432 354 1.937e-06 0.116868 0.190972 4116.19
5.95439e-08 1.43274e-07 786432 377 3.61e-06 0.0876285 0.176799 4816.8
5.81923e-08 1.54294e-07 129024 25 0.107934 0.025595 0.166007 4681.54
5.16203e-08 1.58346e-07 129024 18 0.135141 0.0225221 0.196229 4882.79
4.85428e-08 1.50542e-07 129024 23 0.115032 0.0153954 0.169533 5110.18
4.74335e-08 1.58274e-07 136704 52 0.130162 0.0258648 0.196387 5478.25
4.85993e-08 1.51247e-07 129024 17 0.114461 0.0158879 0.167403 5622.85
4.69164e-08 1.66282e-07 158976 57 0.133493 0.0359957 0.202215 6093.08
4.67594e-08 2.00148e-07 143616 36 0.137587 0.0481989 0.214814 6278.07
4.47539e-08 2.0434e-07 144384 49 0.13422 0.0319249 0.202136 6246.44
4.76772e-08 2.08065e-07 145152 57 0.102898 0.0323638 0.173743 5882.4
5.81089e-08 2.08046e-07 136704 39 0.118194 0.0284305 0.186795 5443.92
5.40673e-08 1.89939e-07 129024 18 0.0972728 0.0151618 0.150617 5318.05
4.89379e-08 1.8817e-07 152064 58 0.149631 0.0275373 0.222895 6517.08
4.60169e-08 1.79083e-07 129024 23 0.130587 0.0184166 0.190066 6779.05
4.60675e-08 1.74412e-07 150528 46 0.0924272 0.0234415 0.154551 6512.25
4.52199e-08 1.77764e-07 163584 65 0.100196 0.0312727 0.154469 6311.19
4.25622e-08 2.01941e-07 164352 40 0.104575 0.0490831 0.190172 6061.48
4.30828e-08 2.0284e-07 166656 53 0.0950328 0.0344043 0.168482 5802.79
4.5496e-08 1.96337e-07 164352 40 0.107822 0.0279928 0.174754 5956.37
4.44026e-08 1.78028e-07 172800 43 0.108126 0.0181082 0.164287 6205.61
4.43471e-08 1.6854e-07 162048 42 0.10697 0.0211616 0.16649 8043.08
4.04967e-08 1.62365e-07 159744 54 0.102412 0.021991 0.162749 7832.49
3.92188e-08 1.79605e-07 163584 51 0.0949458 0.0406615 0.173896 7886.84
3.75323e-08 1.91326e-07 165888 62 0.119246 0.0395164 0.180188 7601.95
3.48213e-08 1.73202e-07 169728 54 0.112102 0.0170924 0.145728 9883.85
3.18302e-08 1.85594e-07 160512 55 0.0976693 0.0377465 0.173657 12282.8
3.25796e-08 1.82826e-07 155904 49 0.0818226 0.0267769 0.148238 10020.9
3.16773e-08 1.75185e-07 177408 44 0.108935 0.0256571 0.170941 14118.7
3.01112e-08 1.70486e-07 188160 41 0.107345 0.0285421 0.155794 14230
2.75141e-08 1.55894e-07 184320 54 0.11609 0.0179762 0.153643 15982.8
2.80721e-08 1.56457e-07 201984 69 0.135077 0.0320567 0.199881 15524.9
2.73673e-08 1.88117e-07 140544 54 0.104171 0.0442372 0.185217 15237.9
3.13846e-08 1.78821e-07 163584 38 0.149211 0.0231691 0.220276 14859.3
2.87517e-08 1.84172e-07 164352 56 0.138876 0.0337868 0.210276 14959.3
2.50267e-08 1.86895e-07 166656 38 0.0977708 0.0329622 0.169592 28458.3
2.22443e-08 1.79959e-07 140544 61 0.129617 0.021393 0.189695 25471.7
1.95369e-08 1.72014e-07 129024 18 0.111025 0.0180935 0.179937 25783.2
1.88536e-08 1.81179e-07 139776 53 0.10455 0.0304489 0.173926 25641.1
1.73253e-08 2.1084e-07 139008 39 0.123302 0.0458011 0.206302 27828.3
1.61412e-08 2.00829e-07 144384 47 0.101289 0.0232145 0.168844 31894.4
1.56594e-08 1.84048e-07 148224 45 0.123609 0.0173307 0.180112 30196.2
1.41846e-08 1.73181e-07 158976 57 0.0983588 0.0206217 0.155832 30824
1.3405e-08 2.05986e-07 149760 51 0.140311 0.0504997 0.227735 30838.5
1.23268e-08 2.07817e-07 129792 57 0.100058 0.0279235 0.166199 29144.2
1.42919e-08 1.90249e-07 322560 54 0.0837679 0.0387008 0.15553 24385.2
2.00812e-08 2.02684e-07 306432 93 0.105151 0.0773507 0.220528 13594.2
2.50963e-08 1.89545e-07 288768 71 0.116141 0.0395581 0.192064 10425.2
2.68271e-08 1.9441e-07 323328 157 0.121685 0.0691495 0.242213 10037.7
3.20059e-08 1.83142e-07 653568 190 0.0561588 0.0902384 0.215178 9040.72
3.20476e-08 1.7282e-07 573696 247 0.0660851 0.0754607 0.192576 8648.33
3.19751e-08 1.70217e-07 786432 364 2.214e-06 0.125676 0.166594 9475
3.56414e-08 1.61283e-07 786432 393 1.42e-06 0.0987324 0.155274 4571.1
3.74589e-08 1.66112e-07 786432 354 1.707e-06 0.145829 0.194582 8181.11
3.98736e-08 1.71846e-07 786432 377 1.419e-06 0.15318 0.2087 8007.35
3.50842e-08 1.79837e-07 129024 25 0.122475 0.0273278 0.189559 8424.23
3.28997e-08 1.74129e-07 129024 23 0.111785 0.0195207 0.168753 8659.42
3.06831e-08 1.90401e-07 129024 22 0.133978 0.0329642 0.205927 9087.71
4.12083e-08 2.1778e-07 326400 97 0.168812 0.10683 0.315907 7655.75
4.21041e-08 2.06736e-07 261888 93 0.0933303 0.0425728 0.17221 7510.35
4.08219e-08 2.03672e-07 139776 50 0.112448 0.0267549 0.175372 7723.92
4.18412e-08 1.93709e-07 129024 25 0.121143 0.0198517 0.174771 9062.57
3.87804e-08 1.80098e-07 129024 18 0.112777 0.0162118 0.169976 9192.13
3.50219e-08 1.92726e-07 129024 23 0.140516 0.0313837 0.208157 9510.93
3.21347e-08 1.94204e-07 129024 28 0.115534 0.0258198 0.178248 9473.3
3.03712e-08 1.90982e-07 129024 18 0.137146 0.0229787 0.197595 10322.8
2.76859e-08 1.82976e-07 129024 29 0.0977059 0.019476 0.156982 10403.5
2.80986e-08 1.92437e-07 136704 40 0.115635 0.0314807 0.185516 9837.93
2.79171e-08 1.82754e-07 129024 26 0.103193 0.0185824 0.161655 10038.7
2.93237e-08 1.83192e-07 142080 44 0.113302 0.0262763 0.177264 9556.03
3.30718e-08 1.73527e-07 334848 118 0.0601129 0.0451599 0.150478 8957.16
3.37125e-08 1.62633e-07 144384 62 0.119138 0.0171902 0.176857 9159.06
3.90171e-08 1.62651e-07 129024 22 0.120756 0.0209954 0.178691 7854.96
3.56462e-08 1.70313e-07 129024 23 0.109496 0.0259287 0.173431 8079.84
3.28862e-08 1.62514e-07 129024 29 0.107465 0.0169434 0.161717 8468.72
3.71492e-08 1.57296e-07 129024 18 0.111498 0.017602 0.167085 8450.78
3.28141e-08 1.45658e-07 129024 23 0.106236 0.0127869 0.155925 8753.59
2.91984e-08 1.39309e-07 129024 20 0.115049 0.0146975 0.167363 10121
2.9952e-08 1.42154e-07 786432 303 5.779e-06 0.120745 0.161432 9991.23
2.95726e-08 1.43737e-07 786432 422 1.599e-06 0.118018 0.166315 9798.14
2.9772e-08 1.46673e-07 129024 24 0.107868 0.02044 0.168362 4798.66
3.6738e-08 1.44898e-07 786432 268 0.0277724 0.108368 0.186275 4128.56
4.22834e-08 1.45042e-07 786432 436 1.43e-06 0.114518 0.188808 3365.59
4.83641e-08 1.4992e-07 786432 335 1.718e-06 0.133246 0.174074 3290.61
5.22675e-08 1.46361e-07 786432 404 0.0520595 0.103907 0.209705 2777.28
6.01215e-08 1.47878e-07 786432 354 1.716e-06 0.121068 0.191906 2704.99
6.39185e-08 1.40085e-07 786432 393 1.73e-06 0.0856528 0.167247 2727.71
6.79637e-08 1.36755e-07 786432 354 3.094e-06 0.0970754 0.176159 2661.67
6.83661e-08 1.3981e-07 786432 377 2.938e-06 0.119559 0.157861 2592.47
6.78318e-08 2.05875e-07 129024 15 2.686e-06 0.0606587 0.140225 2634.47
7.10558e-08 1.98163e-07 590592 203 0.0577136 0.0988146 0.197515 2674.03
7.45191e-08 1.95373e-07 604416 260 0.0467377 0.111342 0.196942 2700.91
6.75035e-08 1.86851e-07 129024 25 0.112338 0.0197101 0.168779 2715.81
6.19749e-08 2.10595e-07 129024 24 0.103226 0.0394257 0.179915 2788.43
5.69138e-08 1.90741e-07 129024 29 0.0963124 0.0143635 0.14986 2777.59
5.95199e-08 1.80557e-07 665856 221 0.0494139 0.0931026 0.174077 2936.3
6.01146e-08 1.74771e-07 617472 259 0.050063 0.093625 0.183402 3221.47
6.0696e-08 1.65088e-07 335616 155 0.0835273 0.0424063 0.168888 3483.73
6.11802e-08 1.69267e-07 140544 54 0.112921 0.026139 0.176786 3437.76
6.41928e-08 1.60948e-07 269568 97 0.119003 0.0344158 0.192792 3872.02
6.00054e-08 1.73486e-07 129792 52 0.11441 0.0290269 0.180547 3775.45
5.55066e-08 1.74567e-07 129024 25 0.138912 0.023081 0.201338 3836.63
5.85046e-08 1.7314e-07 327168 81 0.0936359 0.0547786 0.18929 4005.36
5.84615e-08 1.75782e-07 226560 101 0.119589 0.042219 0.198391 3925.18
6.31584e-08 1.82349e-07 149760 47 0.108216 0.031243 0.178788 3718.08
5.76696e-08 1.75878e-07 129024 28 0.121708 0.0193526 0.18025 3656.94
5.84189e-08 1.71932e-07 314880 83 0.0708687 0.0491674 0.160694 3565.38
6.13099e-08 1.75785e-07 272640 93 0.101737 0.052128 0.192543 3477.61
6.17173e-08 1.73432e-07 148992 61 0.114388 0.0244379 0.179886 3739.52
6.24053e-08 1.7309e-07 139008 43 0.115331 0.0238709 0.179306 3820.34
5.82185e-08 1.79189e-07 129792 54 0.124804 0.0264233 0.191283 3742.46
6.38877e-08 1.67475e-07 644352 181 0.0336721 0.0777214 0.160874 3085.29
6.85605e-08 1.67243e-07 314880 93 0.0948532 0.0523696 0.183918 2967.6
6.79136e-08 1.71309e-07 250368 93 0.0805759 0.0469628 0.165353 2943.04
7.17532e-08 1.64252e-07 188928 48 0.110276 0.0256986 0.176276 2807.42
6.80263e-08 1.74405e-07 218880 88 0.103097 0.0470632 0.168593 2652.11
7.03544e-08 1.63546e-07 318720 67 0.0803211 0.0382809 0.157447 2517.54
7.18734e-08 1.63819e-07 302592 102 0.0712964 0.049901 0.153711 2575.32
7.3555e-08 1.74951e-07 243456 70 0.121307 0.0534337 0.214027 2522.03
7.36642e-08 1.78246e-07 169728 56 0.125138 0.0324901 0.19496 2578.52
7.95362e-08 1.66903e-07 145152 53 0.0863942 0.0176408 0.142303 2638.27
7.88175e-08 1.58457e-07 178944 45 0.105524 0.022309 0.165853 2699.18
7.87023e-08 1.63922e-07 204288 74 0.104637 0.0379527 0.179785 2753.68
7.41771e-08 1.7201e-07 158208 56 0.123411 0.0323318 0.188568 2655.14
7.71265e-08 1.72413e-07 220416 80 0.0932737 0.0383581 0.168245 2596.28
7.85686e-08 1.76678e-07 270336 119 0.0882739 0.0523738 0.180049 2575.44
7.57955e-08 1.64093e-07 246528 70 0.115226 0.0280435 0.182537 2497.15
7.44315e-08 1.59336e-07 230400 84 0.095055 0.0323274 0.168125 2388.35
7.41139e-08 1.58617e-07 205824 76 0.136957 0.0320546 0.209145 2526.95
7.26321e-08 1.50804e-07 159744 48 0.129632 0.0190978 0.188019 2708.54
7.65623e-08 1.48099e-07 786432 319 2.151e-06 0.107962 0.177188 2653.96
7.85664e-08 1.46534e-07 786432 422 1.48e-06 0.110315 0.19085 2553
7.617e-08 1.51424e-07 129024 24 0.120371 0.0220607 0.182092 2526.53
7.44459e-08 1.62475e-07 129024 29 0.111291 0.0266666 0.17898 2639.18
7.22245e-08 1.52117e-07 129024 18 0.148946 0.0142811 0.176505 3231.39
8.02171e-08 1.70459e-07 786432 403 1.821e-06 0.191756 0.267895 3266.45
7.79483e-08 1.73638e-07 129024 25 0.141953 0.0240438 0.206125 3150.44
7.74307e-08 2.09305e-07 129024 25 0.163495 0.0454128 0.249041 2996.01
8.32404e-08 2.00954e-07 129024 20 0.123619 0.0216185 0.192093 3156.05
8.17764e-08 1.95648e-07 129024 25 0.102943 0.0225048 0.154525 3068.7
7.4385e-08 1.90269e-07 145152 49 0.098072 0.0244948 0.16272 3090.23
7.33291e-08 1.95036e-07 155136 59 0.0918139 0.0332151 0.161647 3186.48
7.32133e-08 2.11536e-07 198144 69 0.154069 0.0549922 0.225137 3085.06
6.98563e-08 1.99931e-07 184320 42 0.136811 0.028295 0.204817 3101.51
7.37415e-08 1.919e-07 318720 89 0.0969899 0.0509247 0.195795 2789.05
7.33637e-08 2.20926e-07 236544 86 0.119125 0.0797224 0.232017 3072.66
6.93327e-08 1.985e-07 129024 23 0.112458 0.0140369 0.16457 3381.62
6.15873e-08 1.82894e-07 129024 29 0.117239 0.0155439 0.174548 3350.26
6.55044e-08 1.73945e-07 322560 65 0.123085 0.0445605 0.20588 3193.61
6.57635e-08 1.6573e-07 314880 115 0.082253 0.0418378 0.163839 3256.45
7.08315e-08 1.74779e-07 250368 74 0.108002 0.052822 0.200729 3029.26
6.95895e-08 1.75866e-07 168960 52 0.144233 0.0304488 0.217895 2929.4
6.92206e-08 1.77171e-07 311040 84 0.126931 0.0567309 0.22397 3489.82
6.22784e-08 1.71429e-07 786432 377 1.822e-06 0.116755 0.179464 8953.97
5.49965e-08 1.67419e-07 129024 25 0.126702 0.0195314 0.184884 9321.29
4.75429e-08 1.57915e-07 129024 23 0.123213 0.0154697 0.176332 9477.98
5.05665e-08 1.53612e-07 605952 267 1.994e-06 0.0826535 0.131663 3880.53
5.88959e-08 1.55408e-07 786432 335 1.42e-06 0.127866 0.225758 4025.65
5.61852e-08 1.52021e-07 786432 393 1.963e-06 0.1089 0.211515 7353.07
5.456e-08 1.48725e-07 670464 298 1.664e-06 0.0908757 0.141908 5271.41
5.82782e-08 1.48873e-07 786432 269 1.56e-06 0.117546 0.211609 5293.79
5.48822e-08 1.52006e-07 741888 390 2.706e-06 0.122068 0.17097 7026.97
4.83695e-08 2.02825e-07 129024 12 1.492e-06 0.0523967 0.128305 9288.61
4.28868e-08 1.85256e-07 129024 23 0.117518 0.0148352 0.140416 9707.79
4.30011e-08 1.93696e-07 129024 24 0.106891 0.0293475 0.148153 10112.9
3.79115e-08 1.91001e-07 129024 28 0.117034 0.0232523 0.149977 10406
3.30625e-08 1.78112e-07 129024 18 0.114678 0.0163288 0.140352 16708.4
2.89904e-08 1.85755e-07 129024 25 0.115461 0.0279112 0.157502 17968.4
2.46993e-08 1.72279e-07 129024 25 0.095133 0.0152736 0.147143 23397.3
2.13224e-08 1.79381e-07 129024 25 0.0964376 0.0268097 0.130488 27329.1
1.89801e-08 1.66748e-07 129024 25 0.153691 0.0149943 0.180474 29509.7
1.74309e-08 1.56411e-07 129024 18 0.133282 0.0148464 0.159981 29728.2
1.50485e-08 1.7411e-07 129024 29 0.131864 0.0315986 0.171575 38620
1.25424e-08 1.87082e-07 130560 51 0.10566 0.0312001 0.160794 117876
1.08153e-08 1.87732e-07 129024 18 0.109738 0.0245571 0.147353 98932.3
9.16628e-09 1.91205e-07 129024 25 0.110804 0.0264627 0.144851 97969.8
7.98077e-09 1.83132e-07 129024 18 0.117514 0.0194615 0.150618 97953.5
6.76793e-09 1.68632e-07 129024 29 0.131805 0.0142747 0.153758 96099.7
6.0361e-09 1.75936e-07 129024 18 0.142342 0.0264692 0.178838 179168
5.04259e-09 1.65068e-07 129024 25 0.111739 0.0156892 0.167066 242951
4.09637e-09 1.6209e-07 129024 25 0.12926 0.0193762 0.186005 586264
4.06347e-09 1.73734e-07 129024 18 0.141739 0.0284252 0.208152 185456
3.36991e-09 1.69324e-07 129024 29 0.105346 0.0195711 0.163549 261743
2.89976e-09 1.58137e-07 129024 18 0.128338 0.01463 0.150821 245271
2.57964e-09 1.50518e-07 129024 25 0.11852 0.0154883 0.146999 291685
2.58444e-09 1.62138e-07 522240 170 1.741e-06 0.108949 0.18107 251956
2.42403e-09 1.5194e-07 577536 170 1.984e-06 0.0641913 0.117711 287621
1.87478e-09 1.4518e-07 576768 258 1.53e-06 0.0681399 0.138877 -1.27631e+06
1.69973e-09 1.46121e-07 786432 277 1.986e-06 0.117873 0.167814 481252
1.4685e-09 1.40192e-07 129024 30 0.110397 0.0150283 0.164519 487555
2.39118e-09 1.45195e-07 521472 170 1.623e-06 0.0861501 0.192086 130103
3.7511e-09 1.51174e-07 786432 303 4.973e-06 0.137696 0.184757 52833.8
4.35617e-09 1.4331e-07 786432 422 1.877e-06 0.0879683 0.18501 53082.7
1.05554e-08 1.44262e-07 786432 335 1.461e-06 0.116447 0.167627 8751.83
1.53959e-08 1.41325e-07 786432 403 1.511e-06 0.101901 0.178281 8684.61
2.03919e-08 1.42773e-07 786432 364 0.0553716 0.116836 0.251239 7979.81
2.5035e-08 1.40211e-07 786432 377 1.7e-06 0.102209 0.186691 7464.65
2.77093e-08 1.39644e-07 786432 364 1.872e-06 0.108036 0.153064 6398.84
2.87631e-08 1.35847e-07 786432 393 1.328e-06 0.0948901 0.168488 8193.39
2.47466e-08 1.3658e-07 786432 354 1.427e-06 0.109718 0.169144 40518.2
2.14175e-08 1.39142e-07 291840 101 1.345e-06 0.0435972 0.0960077 45170.2
3.50876e-08 1.66353e-07 341760 81 1.351e-06 0.0940514 0.144723 6899.69
3.64647e-08 1.60885e-07 129024 30 0.129736 0.0179357 0.160521 6891.95
2.95609e-08 1.65234e-07 129024 22 0.138007 0.0235638 0.198144 134504
2.39599e-08 1.6151e-07 129024 29 0.128862 0.0189167 0.188176 153668
1.95092e-08 1.54612e-07 129024 23 0.121922 0.0163887 0.178687 134142
1.92797e-08 1.87507e-07 180480 35 6.176e-06 0.057589 0.154016 70236
1.63126e-08 1.75549e-07 129024 18 0.15185 0.0164782 0.177619 65345.8
1.37394e-08 1.62339e-07 129024 25 0.111117 0.0141279 0.162349 68118.8
1.18999e-08 1.65052e-07 129024 18 0.144285 0.0226962 0.178862 77779.9
1.10018e-08 1.89724e-07 271104 97 1.408e-06 0.0781889 0.146961 79757
9.63428e-09 1.74729e-07 129024 23 0.114224 0.0148057 0.14037 54194.7
8.40333e-09 1.6606e-07 129024 26 0.110212 0.0169514 0.133654 58505.9
7.51936e-09 1.53716e-07 129024 24 0.112929 0.0134627 0.136533 56911.8
7.38967e-09 1.70135e-07 135936 40 0.120095 0.0320549 0.171296 61210.1
6.47817e-09 1.66436e-07 129024 22 0.0951483 0.0195652 0.126578 64404.1
6.07379e-09 1.65788e-07 172032 49 0.108188 0.0280754 0.15268 61740.6
6.00146e-09 1.75935e-07 139776 48 0.113766 0.0302645 0.180626 55812.6
5.74672e-09 1.61964e-07 129024 25 0.105854 0.0136872 0.156757 51650.3
7.48675e-09 1.50837e-07 322560 70 0.0703541 0.0342963 0.150203 45189.6
8.0273e-09 1.55279e-07 314880 105 0.10198 0.054489 0.193399 36612.2
8.04861e-09 1.51034e-07 251904 69 0.0823978 0.0337697 0.152981 36979.6
8.62876e-09 1.5069e-07 244224 76 0.112232 0.0364655 0.187958 30541.2
2.15641e-08 1.46295e-07 327168 90 0.083245 0.0421117 0.164853 4511.92
2.84954e-08 1.45256e-07 786432 412 0.0213003 0.110967 0.209989 4584.77
3.22356e-08 1.42794e-07 786432 354 2.236e-06 0.104553 0.146996 4405.27
3.92591e-08 1.40187e-07 786432 377 2.016e-06 0.102046 0.185351 4234
4.30653e-08 1.35414e-07 786432 375 0.0551775 0.09148 0.22161 4240.65
4.73966e-08 1.37395e-07 786432 377 1.847e-06 0.114282 0.188455 4039.77
5.21429e-08 1.34401e-07 786432 364 1.439e-06 0.0962781 0.170722 3681.65
5.49055e-08 1.36537e-07 786432 393 5.945e-06 0.114096 0.169609 3462.64
5.61806e-08 1.41021e-07 786432 354 2.696e-06 0.125008 0.167005 3350.53
5.73125e-08 1.46118e-07 786432 393 1.466e-06 0.130946 0.167134 2970.01
6.0928e-08 2.03318e-07 129024 15 7.126e-06 0.0557534 0.136832 2985.7
6.02397e-08 2.02853e-07 175104 204 4.772e-06 0.035195 0.116365 1938.42
7.21491e-08 2.55214e-07 129024 12 4.407e-06 0.059952 0.134827 2692.62
6.58494e-08 2.87671e-07 129024 19 2.39e-06 0.0538675 0.119268 4054.62
5.91794e-08 3.19067e-07 129024 12 3.013e-06 0.0573708 0.121993 15446.3
5.00154e-08 3.39336e-07 129024 15 1.609e-06 0.0542432 0.137621 16863
4.27279e-08 3.64286e-07 129024 13 1.657e-06 0.0598782 0.147682 16878.1
3.74616e-08 3.75272e-07 129024 17 1.582e-06 0.0540885 0.137074 20456
3.34616e-08 3.22298e-07 129024 12 8.588e-06 0.0142444 0.0811428 20590.6
2.90494e-08 3.4167e-07 129024 15 1.65e-06 0.0540816 0.144789 36209.3
2.63473e-08 3.57062e-07 129024 12 7.769e-06 0.0540132 0.136506 40225.5
2.49739e-08 3.81504e-07 129024 15 1.474e-06 0.0618378 0.187984 35429.1
2.445e-08 3.84952e-07 129024 12 5.336e-06 0.0514474 0.14409 31661.4
2.1535e-08 3.94973e-07 129024 15 1.447e-06 0.0561331 0.144015 31426.6
2.19393e-08 4.07142e-07 129024 12 1.436e-06 0.058811 0.146562 30558.8
1.90835e-08 4.21832e-07 129024 15 2.474e-06 0.0620083 0.125936 31632.7
1.90145e-08 4.21312e-07 129024 12 1.501e-06 0.0540909 0.141658 30864.8
2.25134e-08 4.19216e-07 129024 15 7.713e-06 0.0530072 0.129507 32779.1
2.03633e-08 4.28791e-07 129024 13 1.438e-06 0.060266 0.145296 32409.5
2.35825e-08 4.43534e-07 129024 15 1.652e-06 0.064835 0.145983 29408.6
2.5333e-08 4.41236e-07 129024 13 2.28e-06 0.0557444 0.122474 29038.8
2.69172e-08 4.41268e-07 129024 15 4.873e-06 0.0569502 0.152095 28441.6
2.43937e-08 4.34884e-07 129024 13 6.339e-06 0.0528159 0.11172 26223.9
2.15182e-08 4.28705e-07 129024 15 4.343e-06 0.052124 0.118229 28856.8
2.32622e-08 4.2848e-07 129024 13 1.636e-06 0.0551683 0.119653 29117.2
2.04293e-08 4.30932e-07 129024 13 1.955e-06 0.0568663 0.132663 28053.9
2.04565e-08 4.37271e-07 129024 15 1.466e-06 0.0596895 0.145086 26190.7
1.87482e-08 3.82262e-07 129024 15 3.238e-06 0.0209312 0.105173 25447.7
1.6882e-08 3.28119e-07 129024 13 1.642e-06 0.0143924 0.0912303 25442.1
1.91112e-08 3.40245e-07 129024 15 1.476e-06 0.0501582 0.122776 23317.4
1.85568e-08 3.59954e-07 129024 17 3.226e-06 0.0566139 0.127648 22526.4
1.99276e-08 3.77361e-07 129024 12 2.27e-06 0.0576726 0.14041 22213.4
1.80223e-08 3.86699e-07 129024 15 2.216e-06 0.0547127 0.134838 21693.9
1.7671e-08 4.01549e-07 129024 12 3.358e-06 0.0594733 0.123655 21014.4
1.89885e-08 3.48417e-07 129024 15 1.535e-06 0.0175331 0.111935 20334.8
2.09532e-08 3.72315e-07 129024 12 1.639e-06 0.0603714 0.132798 19510.3
2.12861e-08 3.78377e-07 129024 15 2.69e-06 0.0519482 0.12714 19768.7
2.10366e-08 3.81793e-07 129024 13 2.002e-06 0.0510232 0.114798 20719.8
1.8877e-08 3.9052e-07 129024 15 1.615e-06 0.0548908 0.134305 20519.5
1.87777e-08 4.1258e-07 129024 13 1.5e-06 0.0646178 0.134728 20747.8
2.01031e-08 4.21264e-07 129024 13 1.456e-06 0.058835 0.149179 20816.2
1.98993e-08 4.26817e-07 129024 15 2.429e-06 0.0579352 0.14019 20171.7
2.12307e-08 4.1584e-07 129024 13 1.549e-06 0.047988 0.12253 21241.5
2.24153e-08 4.19644e-07 129024 13 8.617e-06 0.0561074 0.149074 21310.9
2.0257e-08 4.2814e-07 129024 15 1.392e-06 0.0596254 0.136275 21156.5
1.91853e-08 4.20143e-07 129024 13 1.834e-06 0.0500815 0.114934 15577.2
2.00262e-08 4.27205e-07 129024 15 1.724e-06 0.0587641 0.152965 15700
3.14851e-08 3.75741e-07 129024 15 1.902e-06 0.021919 0.113273 15735.8
5.11526e-08 3.80336e-07 129024 13 2.163e-06 0.0514444 0.132543 108.147
5.16887e-08 3.83984e-07 129024 15 2.206e-06 0.0514258 0.124579 4311.47
5.02552e-08 3.83645e-07 129024 12 1.583e-06 0.0493246 0.11958 4331.3
5.52615e-08 3.91709e-07 129024 15 3.003e-06 0.0547015 0.129551 411.879
6.07661e-08 3.98414e-07 129024 13 2.244e-06 0.0548651 0.125052 951.92
6.85593e-08 4.09234e-07 129024 15 1.41e-06 0.0583855 0.153341 -244.644
8.37007e-08 4.15745e-07 129024 12 1.637e-06 0.0570013 0.125803 -132.908
8.05069e-08 4.1526e-07 129024 15 1.792e-06 0.053328 0.135658 -265.962
1.1606e-07 4.15463e-07 129024 12 5.892e-06 0.0537098 0.181856 -938.126
1.10143e-07 4.15678e-07 129024 15 3.006e-06 0.0537435 0.116381 -269.145
1.12376e-07 4.16551e-07 129024 12 2.51e-06 0.0541955 0.13021 -306.844
1.23137e-07 4.26362e-07 129024 15 2.06e-06 0.0600742 0.123998 -164.23
1.50475e-07 4.1978e-07 129024 12 4.069e-06 0.0507645 0.136393 258.039
1.36083e-07 4.20819e-07 129024 15 2.161e-06 0.0548319 0.154025 602.101
1.23383e-07 3.99455e-07 129024 13 1.474e-06 0.0405134 0.110227 612.242
1.11617e-07 4.00715e-07 129024 15 2.99e-06 0.0523523 0.141015 618.068
1.11233e-07 3.97106e-07 129024 12 1.0643e-05 0.0493733 0.148967 617.876
1.17378e-07 3.94198e-07 129024 15 1.225e-06 0.0493604 0.126894 1092.97
1.09543e-07 4.01492e-07 129024 12 2.032e-06 0.0555664 0.138375 2337.2
1.04304e-07 4.10253e-07 129024 15 2.959e-06 0.0574539 0.139746 3039.48
9.89417e-08 4.1686e-07 129024 13 7.721e-06 0.0571952 0.131042 2830.58
9.23072e-08 4.10504e-07 129024 15 2.302e-06 0.0496842 0.13292 2521.18
9.32708e-08 4.1472e-07 129024 15 2.697e-06 0.0556847 0.139549 2558.21
8.98835e-08 4.13457e-07 129024 15 1.45e-06 0.0526944 0.139259 2505.08
7.89433e-08 3.63259e-07 129024 12 1.839e-06 0.0209618 0.103397 3492.01
7.00567e-08 3.80867e-07 129024 15 1.562e-06 0.0582282 0.121489 2831.82
6.56011e-08 3.90883e-07 129024 12 1.432e-06 0.0556026 0.125822 2705.89
6.32027e-08 3.91126e-07 129024 15 1.94e-06 0.0505904 0.123095 2279.76
7.41114e-08 4.17506e-07 129024 12 1.539e-06 0.0674827 0.161162 2870.42
6.73053e-08 4.14571e-07 129024 15 1.563e-06 0.0519751 0.120278 2341.25
6.75014e-08 4.32622e-07 129024 12 4.638e-06 0.0651344 0.129345 1754.99
7.13249e-08 4.32752e-07 129024 15 2.025e-06 0.0559025 0.166262 1401.36
7.08388e-08 4.32995e-07 129024 12 1.722e-06 0.0559919 0.126568 1209.39
6.83939e-08 3.76708e-07 129024 15 2.225e-06 0.0195548 0.115125 2824.75
9.73193e-08 3.80583e-07 129024 12 2.297e-06 0.0511046 0.145424 3878.81
9.1659e-08 3.35188e-07 129024 15 6.244e-06 0.0198192 0.100614 5071.98
8.98924e-08 3.49927e-07 129024 12 1.516e-06 0.0527552 0.121654 4620.66
8.4277e-08 3.60623e-07 129024 15 6.69e-06 0.0520495 0.117958 5384.35
7.67276e-08 3.82311e-07 129024 15 3.696e-06 0.0605201 0.140499 5397.21
6.90159e-08 3.82413e-07 129024 15 7.727e-06 0.049393 0.116387 4899.96
6.55631e-08 3.88066e-07 129024 15 2.037e-06 0.0529879 0.121268 5092.09
6.32163e-08 3.99744e-07 129024 15 1.365e-06 0.0576035 0.123955 5349.38
5.93047e-08 3.93365e-07 129024 15 6.498e-06 0.0474612 0.12826 5546.08
5.72208e-08 3.37727e-07 129024 15 1.619e-06 0.0148604 0.0973557 6003.33
5.58349e-08 3.76976e-07 129024 15 1.682e-06 0.0688953 0.165224 6131.73
5.15335e-08 4.16262e-07 129024 15 1.355e-06 0.0739827 0.155217 7208.74
5.71355e-08 4.12501e-07 129024 15 2.494e-06 0.0512818 0.139793 7681.59
5.12981e-08 3.5704e-07 129024 15 1.2574e-05 0.0174432 0.108202 5743.46
6.72872e-08 3.85363e-07 129024 15 1.557e-06 0.0643385 0.141714 5416.83
7.63543e-08 3.89685e-07 129024 15 1.688e-06 0.0525092 0.152569 5599.55
7.38444e-08 3.96444e-07 129024 15 1.789e-06 0.0546393 0.119567 5972.33
7.76463e-08 3.43231e-07 129024 15 6.688e-06 0.0168219 0.0956778 6136.13
7.99179e-08 3.01107e-07 129024 15 1.574e-06 0.0171098 0.0828641 6678.34
7.27548e-08 3.18778e-07 129024 15 1.811e-06 0.0502499 0.122768 5900.15
7.28607e-08 2.90432e-07 129024 15 1.482e-06 0.0228438 0.139395 5191.01
6.49634e-08 3.11907e-07 129024 15 1.669e-06 0.0513262 0.149215 5475.65
