1.15298e-07 1.14394e-07 0.115736 307200 165 1.557e-06
7.83039e-08 1.07006e-07 0.0468529 307200 46 1.68e-06
6.51916e-08 1.10243e-07 0.0469346 307200 53 1.426e-06
6.12839e-08 1.07908e-07 0.0516942 307200 47 2.505e-06
6.01571e-08 1.2763e-07 0.0723357 307200 53 1.654e-06
5.67183e-08 1.24724e-07 0.0476467 307200 47 1.618e-06
5.57141e-08 1.22247e-07 0.054142 307200 53 1.564e-06
5.45013e-08 1.22863e-07 0.0555883 307200 47 1.524e-06
5.26563e-08 1.20798e-07 0.0523729 307200 53 6.814e-06
5.11645e-08 1.18624e-07 0.0440501 307200 47 1.567e-06
4.94144e-08 1.15499e-07 0.0421757 307200 53 1.739e-06
4.66955e-08 1.15546e-07 0.0441682 307200 47 1.709e-06
4.55559e-08 1.13671e-07 0.0523932 307200 53 7.636e-06
4.43071e-08 1.11716e-07 0.0442685 307200 47 1.929e-06
4.23514e-08 1.1199e-07 0.0436975 307200 53 1.77e-06
4.15626e-08 1.17178e-07 0.0510616 307200 47 1.754e-06
4.01257e-08 1.1732e-07 0.0459785 307200 53 1.656e-06
3.99968e-08 1.12289e-07 0.0442587 307200 47 1.672e-06
3.75443e-08 1.12631e-07 0.0439475 307200 53 1.85e-06
3.79151e-08 1.11027e-07 0.0441222 307200 47 1.735e-06
4.72631e-08 1.0755e-07 0.0415789 307200 53 1.437e-06
6.20208e-08 1.05783e-07 0.0522627 307200 47 1.629e-06
6.95755e-08 1.10731e-07 0.0512041 307200 53 8.797e-06
7.55504e-08 1.07345e-07 0.0456986 307200 47 1.681e-06
6.85363e-08 1.08056e-07 0.0515561 307200 53 1.425e-06
6.11164e-08 1.06155e-07 0.0391831 307200 47 1.003e-05
5.52542e-08 1.03816e-07 0.0400477 307200 53 1.946e-06
5.1342e-08 1.03827e-07 0.0417828 307200 47 1.564e-06
5.09254e-08 1.04822e-07 0.0561397 307200 53 1.805e-06
5.03752e-08 1.06316e-07 0.0509189 307200 47 1.909e-06
4.85721e-08 1.05864e-07 0.0484102 307200 53 1.476e-06
