1	0	0.147652
2	84	0.195498
-----------------------
1	0	0.726948
-----------------------
1	0	0.214704
2	84	0.221574
-----------------------
1	0	0.0990748
2	84	0.107553
3	168	0.116897
4	252	0.125716
5	336	0.141215
6	420	0.15335
7	504	0.161801
8	588	0.174218
9	672	0.184847
-----------------------
1	0	0.0944378
2	84	0.103321
3	168	0.118595
4	252	0.129231
5	336	0.13756
6	420	0.168019
7	504	0.182571
8	588	0.197186
9	672	0.212865
10	756	0.224383
11	840	0.238198
12	924	0.245972
-----------------------
1	0	0.05117
2	0	0.0601199
3	84	0.0801908
4	168	0.0993676
5	252	0.110504
6	336	0.122871
7	420	0.137534
8	504	0.151328
9	588	0.174048
10	672	0.182766
11	756	0.193023
12	840	0.203735
-----------------------
1	0	0.175323
-----------------------
1	0	0.0815557
2	0	0.0898359
3	84	0.1005
4	168	0.116161
5	252	0.138136
6	336	0.146008
7	420	0.155419
8	504	0.165001
9	588	0.18163
10	672	0.198319
11	756	0.207535
12	840	0.218942
-----------------------
1	0	0.0712843
2	0	0.0893713
3	84	0.0988921
4	168	0.11102
5	252	0.123094
6	336	0.132957
7	420	0.146373
8	504	0.157663
9	588	0.17688
10	672	0.188957
11	756	0.199594
12	840	0.209841
-----------------------
1	0	0.0712399
2	0	0.0779368
3	84	0.0875651
4	168	0.0988233
5	252	0.115177
6	336	0.130317
7	420	0.142531
8	504	0.151941
9	588	0.168873
10	672	0.178349
11	756	0.186051
12	840	0.204644
-----------------------
1	0	0.0833879
-----------------------
1	0	0.315463
-----------------------
1	0	0.159544
2	84	0.174512
3	168	0.186329
4	252	0.201577
5	336	0.216865
6	420	0.230799
7	504	0.239573
8	588	0.248534
9	672	0.25513
-----------------------
1	0	0.368447
2	0	0.383603
3	84	0.392974
4	168	0.401852
5	252	0.41229
6	336	0.420358
7	420	0.436584
8	504	0.466962
-----------------------
1	0	0.0807426
2	0	0.089654
3	84	0.0982325
4	168	0.121828
5	252	0.133564
6	336	0.143474
7	420	0.152521
8	504	0.162461
9	588	0.180469
10	672	0.188938
11	756	0.20089
12	840	0.210679
-----------------------
1	0	0.194843
-----------------------
1	0	0.19661
-----------------------
1	0	0.0918168
2	0	0.114428
3	84	0.126377
4	168	0.137396
5	252	0.160204
6	336	0.169386
7	420	0.180526
8	504	0.193183
9	588	0.206511
-----------------------
1	0	0.103278
2	0	0.11072
3	84	0.121937
4	168	0.129846
5	252	0.155219
6	336	0.163901
7	420	0.174409
8	504	0.184567
9	588	0.194459
10	672	0.212543
11	756	0.225685
12	840	0.237301
-----------------------
1	0	0.0809686
-----------------------
1	0	0.315214
2	84	0.324809
3	168	0.331884
4	252	0.339098
5	336	0.349863
-----------------------
1	0	0.154635
2	84	0.16215
3	168	0.172673
4	252	0.179629
-----------------------
1	0	0.168596
2	84	0.179369
3	168	0.189717
4	252	0.199699
-----------------------
1	0	0.158261
2	84	0.174427
3	168	0.19218
4	252	0.204723
-----------------------
1	0	0.169727
-----------------------
1	0	0.182522
-----------------------
1	0	0.174347
-----------------------
1	0	0.225726
-----------------------
1	0	0.193197
-----------------------
1	0	0.201697
2	84	0.218553
3	168	0.235748
4	252	0.249216
5	336	0.264072
6	420	0.275222
7	504	0.283342
8	588	0.296589
9	672	0.30785
10	756	0.318776
-----------------------
1	0	0.076942
2	0	0.089569
3	84	0.0981975
4	168	0.108819
5	252	0.130013
6	336	0.13818
7	420	0.150072
8	504	0.15825
9	588	0.167068
10	672	0.178635
11	756	0.191019
12	840	0.210986
-----------------------
1	0	0.0520675
2	0	0.0597686
3	84	0.0689014
4	168	0.079466
5	252	0.102854
6	336	0.119859
7	420	0.128431
8	504	0.142864
9	588	0.154997
10	672	0.165005
11	756	0.178787
12	840	0.186655
-----------------------
1	0	0.0795274
2	0	0.0917604
3	84	0.110132
4	168	0.11954
5	252	0.130427
6	336	0.139821
7	420	0.151444
8	504	0.164347
9	588	0.176471
10	672	0.188208
11	756	0.197358
12	840	0.205207
-----------------------
1	0	0.0497127
2	0	0.0565898
3	84	0.0812782
4	168	0.0961354
5	252	0.11512
6	336	0.122441
7	420	0.13989
8	504	0.152029
9	588	0.167315
10	672	0.1756
11	756	0.183138
12	840	0.196687
-----------------------
1	0	0.171677
-----------------------
1	0	0.190632
-----------------------
1	0	0.199235
-----------------------
1	0	0.176635
-----------------------
1	0	0.184701
-----------------------
1	0	0.114826
2	0	0.126743
3	84	0.140309
4	168	0.156492
5	252	0.167954
6	336	0.176978
7	420	0.187718
8	504	0.19693
9	588	0.208999
10	672	0.229874
11	756	0.241296
12	840	0.250375
-----------------------
1	0	0.075134
2	0	0.0868014
3	84	0.110693
4	168	0.124203
5	252	0.138683
6	336	0.150135
7	420	0.172822
8	504	0.183831
9	588	0.19978
10	672	0.207492
11	756	0.219614
12	840	0.236825
-----------------------
1	0	0.0657807
2	0	0.079031
3	84	0.103713
4	168	0.126267
5	252	0.140443
6	336	0.149371
7	420	0.159593
8	504	0.169971
9	588	0.190787
10	672	0.20204
11	756	0.213704
12	840	0.222573
-----------------------
1	0	0.0904664
-----------------------
1	0	0.265368
2	84	0.276386
3	168	0.287678
4	252	0.300196
5	336	0.324401
6	420	0.335865
7	504	0.345248
8	588	0.353075
9	672	0.367344
-----------------------
1	0	0.146443
2	84	0.160695
3	168	0.174454
4	252	0.18876
5	336	0.204942
6	420	0.217909
7	504	0.229388
8	588	0.238976
9	672	0.247121
-----------------------
1	0	0.10315
-----------------------
1	0	0.255863
2	84	0.267525
3	168	0.276335
4	252	0.288972
5	336	0.306065
6	420	0.31857
7	504	0.325686
8	588	0.334428
9	672	0.34632
10	756	0.354071
11	840	0.362655
12	924	0.373306
-----------------------
1	0	0.172925
2	84	0.185207
-----------------------
1	0	0.197463
-----------------------
1	0	0.196111
-----------------------
1	0	0.229673
-----------------------
1	0	0.202379
2	84	0.215317
-----------------------
1	0	0.178866
-----------------------
1	0	0.207887
2	84	0.22047
-----------------------
1	0	0.235696
-----------------------
1	0	0.18407
-----------------------
1	0	0.185745
-----------------------
1	0	0.18515
-----------------------
1	0	0.215225
-----------------------
1	0	0.206007
-----------------------
1	0	0.165112
-----------------------
1	0	0.252745
2	84	0.266843
-----------------------
1	0	0.176176
-----------------------
1	0	0.180432
-----------------------
1	0	0.24862
-----------------------
1	0	0.174891
2	84	0.186007
3	168	0.195123
4	252	0.205254
5	336	0.231389
6	420	0.247389
7	504	0.258759
8	588	0.273341
9	672	0.286936
10	756	0.294652
11	840	0.308469
12	924	0.319403
-----------------------
1	0	0.0619202
2	0	0.0729576
3	84	0.091632
-----------------------
1	0	0.16926
2	0	0.185214
3	84	0.201759
4	168	0.211727
5	252	0.227859
6	336	0.237795
7	420	0.256387
8	504	0.272253
9	588	0.285689
10	672	0.295502
11	756	0.309004
12	840	0.320806
-----------------------
1	0	0.0695034
2	0	0.101255
3	84	0.114606
4	168	0.13154
5	252	0.15468
6	336	0.182725
7	420	0.196084
8	504	0.209093
9	588	0.232404
10	672	0.248416
11	756	0.261403
12	840	0.2694
-----------------------
1	0	0.0674354
2	0	0.0756787
3	84	0.104614
4	168	0.114287
5	252	0.126078
6	336	0.135294
7	420	0.145127
8	504	0.160207
-----------------------
1	0	0.119048
2	0	0.129838
3	84	0.145946
4	168	0.158924
5	252	0.184795
6	336	0.196014
7	420	0.20323
8	504	0.214755
-----------------------
1	0	0.0785478
2	0	0.0893406
3	84	0.0982082
4	168	0.111217
5	252	0.123416
6	336	0.148778
7	420	0.159398
8	504	0.173176
9	588	0.184792
10	672	0.196053
11	756	0.203416
12	840	0.216151
-----------------------
1	0	0.166974
-----------------------
1	0	0.108763
2	0	0.128738
3	84	0.143462
4	168	0.155945
5	252	0.170497
6	336	0.211595
7	420	0.224706
8	504	0.241366
9	588	0.256104
10	672	0.271715
11	756	0.281499
12	840	0.288991
-----------------------
1	0	0.202499
-----------------------
1	0	0.101903
2	0	0.109506
3	84	0.121721
4	168	0.130823
5	252	0.147931
6	336	0.155717
7	420	0.16545
8	504	0.176668
9	588	0.188064
10	672	0.196236
11	756	0.210663
12	840	0.219896
-----------------------
1	0	0.0712618
2	0	0.0796959
3	84	0.0960249
4	168	0.121862
5	252	0.132454
6	336	0.140704
7	420	0.147331
8	504	0.16198
9	588	0.177489
10	672	0.19024
11	756	0.197964
12	840	0.206126
-----------------------
1	0	0.0635929
2	0	0.074157
3	84	0.0878421
4	168	0.100407
5	252	0.117483
6	336	0.12762
7	420	0.134995
8	504	0.152023
9	588	0.172202
10	672	0.183195
11	756	0.193069
-----------------------
1	0	0.0779056
2	0	0.0920205
3	84	0.105871
4	168	0.127284
5	252	0.137856
6	336	0.144489
7	420	0.157083
8	504	0.166185
9	588	0.179517
10	672	0.191136
11	756	0.200108
12	840	0.209591
-----------------------
1	0	0.0856981
2	0	0.0933545
3	84	0.10232
4	168	0.111301
5	252	0.124168
6	336	0.135579
7	420	0.144826
8	504	0.162737
9	588	0.175471
10	672	0.187165
11	756	0.201755
-----------------------
1	0	0.0639514
2	0	0.0710992
3	84	0.08048
4	168	0.0878708
5	252	0.0962705
6	336	0.103989
7	420	0.12232
8	504	0.130829
9	588	0.146775
10	672	0.155034
11	756	0.162471
12	840	0.175983
-----------------------
1	0	0.216843
-----------------------
1	0	0.123562
2	0	0.133844
3	84	0.15201
4	168	0.168216
5	252	0.1795
6	336	0.193024
7	420	0.202583
8	504	0.211127
9	588	0.221057
10	672	0.235729
11	756	0.244416
12	840	0.252067
-----------------------
1	0	0.208964
-----------------------
1	0	0.157644
2	0	0.181431
3	84	0.193556
4	168	0.206169
5	252	0.231338
6	336	0.238897
7	420	0.252789
8	504	0.27268
9	588	0.289108
10	672	0.299153
11	756	0.312869
12	840	0.321028
-----------------------
1	0	0.224615
-----------------------
1	0	0.0976843
2	0	0.113098
3	84	0.136662
4	168	0.145975
5	252	0.155678
6	336	0.163888
7	420	0.173294
8	504	0.192563
9	588	0.214669
10	672	0.232817
11	756	0.240917
12	840	0.250175
-----------------------
1	0	0.103436
2	0	0.114792
3	84	0.130592
4	168	0.15206
5	252	0.175001
6	336	0.184792
7	420	0.197905
8	504	0.209416
9	588	0.22077
10	672	0.228981
11	756	0.239663
12	840	0.247505
-----------------------
1	0	0.172413
-----------------------
1	0	0.207791
-----------------------
1	0	0.226387
-----------------------
1	0	0.255906
-----------------------
1	0	0.196962
2	84	0.22386
3	168	0.232831
4	252	0.249698
5	336	0.256134
6	420	0.263234
7	504	0.270937
8	588	0.28132
9	672	0.289086
10	756	0.302607
11	840	0.31095
12	924	0.31867
-----------------------
1	0	0.0768967
2	0	0.0935662
3	84	0.122801
4	168	0.129888
5	252	0.139944
6	336	0.148262
7	420	0.158071
8	504	0.178834
9	588	0.193871
10	672	0.201549
11	756	0.210291
12	840	0.22063
-----------------------
1	0	0.0949363
-----------------------
1	0	0.325003
2	84	0.337509
3	168	0.346821
4	252	0.359207
5	336	0.371571
6	420	0.383188
7	504	0.390575
8	588	0.399379
9	672	0.406132
-----------------------
1	0	0.135155
2	84	0.152062
3	168	0.165838
4	252	0.187822
5	336	0.200426
6	420	0.208947
7	504	0.220774
8	588	0.235819
9	672	0.2438
10	756	0.2511
11	840	0.259156
12	924	0.26624
-----------------------
1	0	0.0795222
-----------------------
1	0	0.309212
-----------------------
1	0	0.29618
2	84	0.305524
3	168	0.320034
4	252	0.338601
5	336	0.358768
6	420	0.379054
7	504	0.391458
8	588	0.401675
9	672	0.414163
10	756	0.421117
11	840	0.42828
12	924	0.435128
-----------------------
1	0	0.0852037
-----------------------
1	0	0.329867
2	84	0.347523
3	168	0.354667
4	252	0.362521
5	336	0.369347
6	420	0.376929
7	504	0.386577
8	588	0.397301
9	672	0.408964
10	756	0.418063
11	840	0.427772
12	924	0.43619
-----------------------
1	0	0.0751074
-----------------------
1	0	0.31324
2	84	0.32266
3	168	0.335386
4	252	0.344757
5	336	0.354022
6	420	0.362249
7	504	0.371473
8	588	0.383592
9	672	0.393604
10	756	0.402967
11	840	0.415301
12	924	0.428091
-----------------------
1	0	0.0803187
-----------------------
1	0	0.319091
2	84	0.331172
3	168	0.341701
4	252	0.350709
5	336	0.366021
6	420	0.374152
7	504	0.384224
8	588	0.395469
9	672	0.405369
10	756	0.417553
11	840	0.433177
12	924	0.443245
-----------------------
1	0	0.0879833
-----------------------
1	0	0.292345
2	84	0.307029
3	168	0.327728
4	252	0.349603
5	336	0.373071
6	420	0.383082
7	504	0.391052
8	588	0.400262
9	672	0.408104
10	756	0.421983
11	840	0.429837
12	924	0.437943
-----------------------
1	0	0.106114
2	84	0.123271
3	168	0.139999
4	252	0.148678
5	336	0.165898
6	420	0.173069
7	504	0.181237
8	588	0.192951
9	672	0.201535
10	756	0.210759
11	840	0.219096
12	924	0.226009
-----------------------
1	0	0.110489
2	84	0.120711
3	168	0.12998
4	252	0.141435
5	336	0.149624
6	420	0.15813
7	504	0.173463
8	588	0.184286
9	672	0.194068
10	756	0.203547
11	840	0.211361
12	924	0.21907
-----------------------
1	0	0.0754114
-----------------------
1	0	0.302862
2	84	0.311832
3	168	0.319591
4	252	0.328327
5	336	0.336206
6	420	0.344217
7	504	0.361097
8	588	0.370155
9	672	0.380072
10	756	0.387475
11	840	0.394383
12	924	0.400877
-----------------------
1	0	0.0380619
-----------------------
1	0	0.235087
2	0	0.25331
3	84	0.264408
4	168	0.27061
-----------------------
1	0	0.173837
2	0	0.182799
3	84	0.199954
4	168	0.216126
5	252	0.228076
6	336	0.236775
7	420	0.247234
8	504	0.257118
-----------------------
1	0	0.105037
2	0	0.124581
3	84	0.146658
4	168	0.165483
5	252	0.176212
6	336	0.18832
7	420	0.196692
8	504	0.204793
9	588	0.220217
10	672	0.228861
11	756	0.238731
12	840	0.250724
-----------------------
1	0	0.0654005
2	0	0.0763322
3	84	0.0906322
4	168	0.104473
5	252	0.117105
6	336	0.130372
7	420	0.138516
8	504	0.146775
9	588	0.157981
10	672	0.167465
11	756	0.17473
12	840	0.189945
-----------------------
1	0	0.0802612
2	0	0.0878854
3	84	0.106763
4	168	0.125819
5	252	0.137231
6	336	0.145623
7	420	0.157662
8	504	0.169393
9	588	0.190205
10	672	0.198732
11	756	0.208663
12	840	0.218679
-----------------------
1	0	0.0721329
2	0	0.080189
3	84	0.0940164
4	168	0.109026
5	252	0.119125
6	336	0.130605
7	420	0.13924
8	504	0.147329
9	588	0.161589
10	672	0.171558
11	756	0.183653
12	840	0.194078
-----------------------
1	0	0.166525
2	84	0.176317
-----------------------
1	0	0.200459
2	84	0.2076
-----------------------
1	0	0.185702
-----------------------
1	0	0.137842
2	0	0.145529
3	84	0.175023
4	168	0.189737
5	252	0.197194
6	336	0.203292
7	420	0.210374
8	504	0.217375
9	588	0.234044
10	672	0.251447
11	756	0.25918
12	840	0.266766
-----------------------
1	0	0.0655794
2	0	0.0771812
3	84	0.0863969
4	168	0.0951827
5	252	0.105448
6	336	0.111772
7	420	0.117948
8	504	0.128344
9	588	0.15223
10	672	0.159861
11	756	0.170323
12	840	0.178007
-----------------------
1	0	0.204732
-----------------------
1	0	0.135942
-----------------------
1	0	0.326143
-----------------------
1	0	0.192922
-----------------------
1	0	0.202608
-----------------------
1	0	0.198202
-----------------------
1	0	0.172023
2	0	0.181249
3	84	0.191943
4	168	0.20417
5	252	0.218945
6	336	0.227705
7	420	0.241642
8	504	0.25252
9	588	0.26666
10	672	0.278462
11	756	0.288249
12	840	0.30382
-----------------------
1	0	0.0628406
2	0	0.0733062
3	84	0.0940812
4	168	0.107685
5	252	0.118434
6	336	0.129358
7	420	0.135583
8	504	0.144926
9	588	0.158034
10	672	0.169675
11	756	0.178228
12	840	0.192895
-----------------------
1	0	0.0878258
-----------------------
1	0	0.341928
2	84	0.354011
3	168	0.370656
4	252	0.379304
5	336	0.385912
-----------------------
1	0	0.16093
-----------------------
1	0	0.200691
2	84	0.225496
3	168	0.234663
4	252	0.245848
5	336	0.257484
-----------------------
1	0	0.166128
2	84	0.175895
3	168	0.190977
4	252	0.201766
-----------------------
1	0	0.152547
-----------------------
1	0	0.126266
2	0	0.133023
3	84	0.143783
4	168	0.153148
5	252	0.162246
6	336	0.173013
7	420	0.18191
8	504	0.193476
9	588	0.206745
10	672	0.218194
11	756	0.225837
12	840	0.235497
-----------------------
1	0	0.0696847
2	0	0.0769467
3	84	0.0865868
4	168	0.104635
5	252	0.114733
6	336	0.124183
7	420	0.13288
8	504	0.148913
9	588	0.166972
10	672	0.178283
11	756	0.195946
12	840	0.204851
-----------------------
1	0	0.109294
2	0	0.123711
3	84	0.139187
4	168	0.158316
5	252	0.168447
6	336	0.179909
7	420	0.188716
8	504	0.197949
9	588	0.22497
10	672	0.23572
11	756	0.245821
12	840	0.25626
-----------------------
1	0	0.06842
2	0	0.0760098
3	84	0.0921336
4	168	0.101307
5	252	0.11843
6	336	0.126749
7	420	0.147246
8	504	0.161599
9	588	0.174048
10	672	0.186067
11	756	0.198688
-----------------------
1	0	0.0803827
-----------------------
1	0	0.244794
2	0	0.286438
3	84	0.297858
4	168	0.30587
5	252	0.31422
6	336	0.324312
7	420	0.332897
8	504	0.342476
9	588	0.355683
10	672	0.365098
11	756	0.372049
-----------------------
1	0	0.0845675
-----------------------
1	0	0.210096
2	0	0.217653
3	84	0.227661
4	168	0.235899
-----------------------
1	0	0.177474
2	0	0.195825
3	84	0.227366
4	168	0.236773
5	252	0.25231
6	336	0.269248
7	420	0.277376
8	504	0.307217
9	588	0.327233
-----------------------
1	0	0.188886
-----------------------
1	0	0.107925
2	0	0.126006
3	84	0.139019
4	168	0.161755
5	252	0.177313
6	336	0.202023
7	420	0.213142
8	504	0.228565
9	588	0.238608
-----------------------
1	0	0.172955
-----------------------
1	0	0.122263
2	0	0.130055
3	84	0.140175
4	168	0.148956
5	252	0.162128
6	336	0.170824
7	420	0.183247
8	504	0.20206
9	588	0.218824
10	672	0.237789
11	756	0.249722
-----------------------
1	0	0.0620988
2	0	0.0700506
3	84	0.0807058
4	168	0.0895134
5	252	0.100308
6	336	0.10798
7	420	0.120546
8	504	0.127499
9	588	0.136667
10	672	0.144693
11	756	0.15391
-----------------------
1	0	0.120975
-----------------------
1	0	0.323824
2	0	0.334478
3	84	0.347571
4	168	0.359817
5	252	0.382119
6	336	0.395051
7	420	0.403335
8	504	0.416117
9	588	0.429212
-----------------------
1	0	0.153181
-----------------------
1	0	0.360101
-----------------------
1	0	0.229082
-----------------------
1	0	0.196048
-----------------------
1	0	0.302048
-----------------------
1	0	0.229744
-----------------------
1	0	0.0773913
2	0	0.0844292
3	84	0.0944271
4	168	0.109655
5	252	0.124485
6	336	0.137352
7	420	0.146925
8	504	0.160102
9	588	0.174061
10	672	0.182853
11	756	0.192267
12	840	0.213093
-----------------------
1	0	0.0834803
2	0	0.0946868
3	84	0.119985
4	168	0.136445
5	252	0.147583
6	336	0.156109
7	420	0.164363
8	504	0.177606
9	588	0.193268
10	672	0.20416
11	756	0.213027
12	840	0.222169
-----------------------
1	0	0.16725
-----------------------
1	0	0.241368
-----------------------
1	0	0.20749
-----------------------
1	0	0.253393
2	84	0.261496
-----------------------
1	0	0.187363
-----------------------
1	0	0.23219
2	84	0.242695
-----------------------
1	0	0.244597
2	84	0.252892
-----------------------
1	0	0.248992
2	84	0.257596
-----------------------
1	0	0.227888
2	84	0.245712
-----------------------
1	0	0.245659
2	84	0.268398
-----------------------
1	0	0.152674
-----------------------
1	0	0.244841
2	84	0.253312
-----------------------
1	0	0.231816
-----------------------
1	0	0.200796
2	84	0.211071
-----------------------
1	0	0.226126
2	84	0.238701
-----------------------
1	0	0.211192
2	84	0.217684
-----------------------
1	0	0.197069
2	84	0.204105
-----------------------
1	0	0.194245
2	84	0.207385
-----------------------
1	0	0.176447
2	84	0.183562
-----------------------
1	0	0.190715
2	84	0.203138
-----------------------
1	0	0.191256
2	84	0.19823
-----------------------
1	0	0.196058
2	84	0.203824
-----------------------
1	0	0.245531
2	84	0.256157
-----------------------
1	0	0.197934
2	84	0.207931
-----------------------
1	0	0.188567
2	84	0.196373
-----------------------
1	0	0.19447
2	84	0.20838
-----------------------
1	0	0.203528
2	84	0.216482
-----------------------
1	0	0.234513
2	84	0.244316
-----------------------
1	0	0.210978
2	84	0.22073
-----------------------
1	0	0.249069
2	84	0.258949
3	168	0.279831
-----------------------
1	0	0.190133
2	84	0.20681
-----------------------
1	0	0.245047
2	84	0.263734
-----------------------
1	0	0.231215
2	84	0.242368
-----------------------
1	0	0.183146
2	84	0.19034
-----------------------
1	0	0.210773
2	84	0.219273
-----------------------
1	0	0.188151
-----------------------
1	0	0.213572
2	84	0.22971
-----------------------
1	0	0.264378
2	84	0.271291
-----------------------
1	0	0.200808
2	84	0.21354
-----------------------
1	0	0.210008
2	84	0.222126
-----------------------
1	0	0.186765
2	84	0.19582
-----------------------
1	0	0.250995
2	84	0.260273
-----------------------
1	0	0.199517
2	84	0.207075
-----------------------
1	0	0.198284
2	84	0.207264
3	168	0.216346
4	252	0.224391
-----------------------
1	0	0.181661
2	84	0.208557
3	168	0.224738
4	252	0.235802
-----------------------
1	0	0.19296
2	84	0.209053
3	168	0.219567
4	252	0.23053
-----------------------
1	0	0.221111
2	84	0.235001
3	168	0.247493
4	252	0.267214
5	336	0.276829
-----------------------
1	0	0.126374
2	84	0.142971
3	168	0.166735
4	252	0.179009
5	336	0.194219
6	420	0.205518
7	504	0.214225
8	588	0.224308
9	672	0.235927
10	756	0.243625
-----------------------
1	0	0.134552
2	84	0.14756
3	168	0.154559
4	252	0.173031
5	336	0.189415
6	420	0.197436
7	504	0.207437
8	588	0.214057
-----------------------
1	0	0.0503013
2	0	0.0574351
3	84	0.0671811
4	168	0.0877726
5	252	0.0999863
6	336	0.108794
7	420	0.118586
8	504	0.129441
9	588	0.141351
10	672	0.154861
11	756	0.164584
12	840	0.174599
-----------------------
1	0	0.0686175
2	0	0.0767959
3	84	0.089452
4	168	0.105919
5	252	0.116196
6	336	0.123595
7	420	0.131466
8	504	0.139925
9	588	0.150499
10	672	0.170091
11	756	0.180413
12	840	0.189244
-----------------------
1	0	0.0700598
2	0	0.0798093
3	84	0.0936503
4	168	0.102785
5	252	0.112925
6	336	0.121836
7	420	0.128476
8	504	0.136331
9	588	0.174042
10	672	0.183587
11	756	0.202782
12	840	0.218865
-----------------------
1	0	0.0796687
2	0	0.0942999
3	84	0.130271
4	168	0.146668
5	252	0.156731
6	336	0.168931
7	420	0.179026
8	504	0.193372
9	588	0.208843
10	672	0.233071
11	756	0.246341
12	840	0.259005
-----------------------
1	0	0.194338
-----------------------
1	0	0.202482
-----------------------
1	0	0.251603
-----------------------
1	0	0.299363
2	84	0.340583
3	168	0.355098
4	252	0.366493
5	336	0.375941
-----------------------
1	0	0.185454
2	84	0.199806
3	168	0.20981
4	252	0.219548
-----------------------
1	0	0.18862
2	84	0.19875
-----------------------
1	0	0.183892
-----------------------
1	0	0.204085
-----------------------
1	0	0.238004
-----------------------
1	0	0.218751
-----------------------
1	0	0.251789
-----------------------
1	0	0.190354
-----------------------
1	0	0.248357
2	84	0.256821
-----------------------
1	0	0.18793
-----------------------
1	0	0.218116
2	84	0.227389
-----------------------
1	0	0.138088
2	84	0.150003
3	168	0.16078
4	252	0.170333
5	336	0.191949
-----------------------
1	0	0.163512
2	84	0.176106
-----------------------
1	0	0.20318
-----------------------
1	0	0.199299
-----------------------
1	0	0.22266
-----------------------
1	0	0.202185
-----------------------
1	0	0.171631
-----------------------
1	0	0.19858
-----------------------
1	0	0.109343
2	0	0.115612
3	84	0.123879
4	168	0.132526
5	252	0.150296
6	336	0.165004
7	420	0.176744
8	504	0.184438
9	588	0.193489
10	672	0.201282
11	756	0.214677
12	840	0.225707
-----------------------
1	0	0.085618
2	0	0.0985585
3	84	0.112679
4	168	0.125511
5	252	0.143407
6	336	0.151811
7	420	0.160386
8	504	0.172867
9	588	0.188382
10	672	0.197288
11	756	0.207025
12	840	0.214302
-----------------------
1	0	0.170266
-----------------------
1	0	0.135685
2	84	0.145845
3	168	0.154041
4	252	0.174309
5	336	0.180187
6	420	0.187312
7	504	0.199516
8	588	0.210979
9	672	0.22016
10	756	0.233223
11	840	0.242806
12	924	0.249887
-----------------------
1	0	0.0633791
2	0	0.0741005
3	84	0.0865344
4	168	0.0957969
5	252	0.112061
6	336	0.121027
7	420	0.12994
8	504	0.144079
9	588	0.15718
10	672	0.168528
11	756	0.183817
12	840	0.193322
-----------------------
1	0	0.0691999
2	0	0.0815276
3	84	0.0998952
4	168	0.111385
5	252	0.121038
6	336	0.128799
7	420	0.137604
8	504	0.145515
9	588	0.157702
10	672	0.169154
11	756	0.179827
12	840	0.195135
-----------------------
1	0	0.12253
2	84	0.136671
3	168	0.14691
4	252	0.169358
5	336	0.180909
6	420	0.190091
7	504	0.198941
8	588	0.208639
9	672	0.216195
10	756	0.226919
11	840	0.236479
12	924	0.243375
-----------------------
1	0	0.0617979
2	0	0.0709192
3	84	0.103112
4	168	0.129898
5	252	0.142829
6	336	0.14972
7	420	0.157467
8	504	0.16816
9	588	0.18337
10	672	0.193318
11	756	0.201202
12	840	0.209009
-----------------------
1	0	0.0480285
2	0	0.0544049
3	84	0.0655973
4	168	0.0760444
5	252	0.0910475
6	336	0.101427
7	420	0.109428
8	504	0.121868
9	588	0.142843
10	672	0.16109
11	756	0.172596
12	840	0.182051
-----------------------
1	0	0.0643556
2	0	0.0726185
3	84	0.0854004
4	168	0.100501
5	252	0.112499
6	336	0.120862
7	420	0.129644
8	504	0.143206
9	588	0.158971
10	672	0.172948
11	756	0.185119
12	840	0.196048
-----------------------
1	0	0.0578256
2	0	0.0678213
3	84	0.0781114
4	168	0.0892479
5	252	0.100993
6	336	0.108432
7	420	0.114808
8	504	0.122875
9	588	0.134238
10	672	0.14513
11	756	0.160693
12	840	0.17038
-----------------------
1	0	0.107802
-----------------------
1	0	0.323968
2	84	0.333755
3	168	0.344687
4	252	0.354463
5	336	0.369306
6	420	0.379544
7	504	0.395339
8	588	0.402841
9	672	0.409382
-----------------------
1	0	0.136633
2	84	0.159842
3	168	0.171675
4	252	0.184632
5	336	0.198053
6	420	0.209346
7	504	0.217361
8	588	0.229878
9	672	0.23968
-----------------------
1	0	0.161048
-----------------------
1	0	0.205237
-----------------------
1	0	0.196572
-----------------------
1	0	0.193303
2	84	0.20488
3	168	0.213528
4	252	0.22164
5	336	0.23331
6	420	0.2436
7	504	0.252772
8	588	0.259179
9	672	0.267866
10	756	0.27653
-----------------------
1	0	0.128839
2	84	0.148085
3	168	0.161106
4	252	0.167455
5	336	0.177036
6	420	0.190121
7	504	0.197042
8	588	0.204075
9	672	0.21126
-----------------------
1	0	0.154764
2	84	0.172619
3	168	0.182083
4	252	0.192641
5	336	0.201174
-----------------------
1	0	0.169026
2	84	0.178292
-----------------------
1	0	0.225822
2	84	0.247221
3	168	0.255652
4	252	0.265883
-----------------------
1	0	0.18415
2	84	0.191046
-----------------------
1	0	0.241538
-----------------------
1	0	0.206364
2	84	0.215853
3	168	0.227731
4	252	0.236389
5	336	0.242336
-----------------------
1	0	0.199393
2	84	0.215465
3	168	0.223872
-----------------------
1	0	0.19048
2	84	0.196702
-----------------------
1	0	0.186597
-----------------------
1	0	0.193234
2	84	0.204486
3	168	0.212157
4	252	0.220847
-----------------------
1	0	0.176915
2	84	0.189375
3	168	0.202881
4	252	0.211689
-----------------------
1	0	0.197462
2	84	0.210359
-----------------------
1	0	0.198412
2	84	0.207022
-----------------------
1	0	0.209671
2	84	0.216543
-----------------------
1	0	0.120832
2	84	0.135829
3	168	0.149045
4	252	0.158623
5	336	0.179182
6	420	0.192741
7	504	0.199185
8	588	0.20571
9	672	0.21435
-----------------------
1	0	0.14379
2	84	0.164531
3	168	0.175683
4	252	0.183959
-----------------------
1	0	0.169775
2	84	0.182952
3	168	0.19383
-----------------------
1	0	0.184669
2	84	0.199548
-----------------------
1	0	0.24183
2	84	0.250375
3	168	0.257088
-----------------------
1	0	0.146501
2	84	0.159889
3	168	0.169074
4	252	0.175344
-----------------------
1	0	0.150017
2	84	0.161085
3	168	0.17576
4	252	0.182837
-----------------------
1	0	0.211232
2	84	0.227059
3	168	0.234149
-----------------------
1	0	0.207193
2	84	0.216486
-----------------------
1	0	0.154934
2	84	0.169333
-----------------------
1	0	0.197588
2	84	0.208499
-----------------------
1	0	0.209831
2	84	0.220057
3	168	0.228575
-----------------------
1	0	0.242092
2	84	0.251216
-----------------------
1	0	0.199468
2	84	0.217956
3	168	0.225741
-----------------------
1	0	0.168522
2	84	0.185873
3	168	0.19418
4	252	0.205312
-----------------------
1	0	0.198074
2	84	0.208167
3	168	0.216772
-----------------------
1	0	0.178856
2	84	0.189335
3	168	0.198044
-----------------------
1	0	0.212145
2	84	0.22441
3	168	0.231506
-----------------------
1	0	0.209026
2	84	0.216928
-----------------------
1	0	0.0913167
2	0	0.107586
3	84	0.123356
4	168	0.139868
5	252	0.157833
6	336	0.165545
7	420	0.17255
8	504	0.186293
9	588	0.197186
10	672	0.206861
11	756	0.21905
12	840	0.228137
-----------------------
1	0	0.0570271
2	0	0.0659871
3	84	0.0771357
4	168	0.0952569
5	252	0.103487
6	336	0.109902
7	420	0.121956
8	504	0.141519
9	588	0.161859
10	672	0.171278
11	756	0.179142
12	840	0.19
-----------------------
1	0	0.196734
-----------------------
1	0	0.208341
-----------------------
1	0	0.258168
-----------------------
1	0	0.115279
2	0	0.149257
3	84	0.172518
4	168	0.185234
5	252	0.20461
6	336	0.221414
7	420	0.23728
8	504	0.265279
9	588	0.281779
10	672	0.291755
11	756	0.318576
12	840	0.329619
-----------------------
1	0	0.211142
-----------------------
1	0	0.301372
-----------------------
1	0	0.207943
-----------------------
1	0	0.193502
-----------------------
1	0	0.197647
2	84	0.20403
-----------------------
1	0	0.198402
2	84	0.211993
-----------------------
1	0	0.317043
2	84	0.329359
3	168	0.337392
-----------------------
1	0	0.221877
2	84	0.230046
-----------------------
1	0	0.191776
2	84	0.212021
3	168	0.222263
4	252	0.231167
-----------------------
1	0	0.247774
2	84	0.25801
3	168	0.269372
-----------------------
1	0	0.164368
-----------------------
1	0	0.197562
-----------------------
1	0	0.256545
2	84	0.266436
3	168	0.275946
4	252	0.287789
-----------------------
1	0	0.176229
2	84	0.193822
3	168	0.206043
4	252	0.213568
-----------------------
1	0	0.186126
2	84	0.201671
3	168	0.211771
-----------------------
1	0	0.223609
2	84	0.23322
-----------------------
1	0	0.23771
2	84	0.246076
3	168	0.261254
4	252	0.269518
-----------------------
1	0	0.0802119
2	0	0.0914347
3	84	0.100919
4	168	0.1098
5	252	0.12045
6	336	0.133139
7	420	0.141783
8	504	0.153285
9	588	0.171991
10	672	0.185191
11	756	0.200509
12	840	0.209698
-----------------------
1	0	0.176541
-----------------------
1	0	0.203728
-----------------------
1	0	0.0960082
2	0	0.112094
3	84	0.130319
4	168	0.138007
5	252	0.145115
6	336	0.151595
7	420	0.158454
8	504	0.167815
9	588	0.184616
-----------------------
1	0	0.133106
2	0	0.148756
3	84	0.159619
4	168	0.17618
5	252	0.201182
6	336	0.209538
7	420	0.22361
8	504	0.236808
9	588	0.248586
10	672	0.272735
11	756	0.29302
12	840	0.308339
-----------------------
1	0	0.0803481
2	0	0.094935
3	84	0.108476
4	168	0.125395
5	252	0.141928
6	336	0.149314
7	420	0.171209
8	504	0.180225
9	588	0.21092
10	672	0.220998
11	756	0.228799
12	840	0.238016
-----------------------
1	0	0.0748481
2	0	0.0838277
3	84	0.0938539
4	168	0.104244
5	252	0.115665
6	336	0.123883
7	420	0.136253
8	504	0.149538
9	588	0.160904
10	672	0.1704
-----------------------
1	0	0.0971967
2	0	0.112402
3	84	0.128414
4	168	0.14141
5	252	0.155079
6	336	0.167944
7	420	0.186437
8	504	0.201864
9	588	0.216845
10	672	0.22811
11	756	0.236004
12	840	0.246241
-----------------------
1	0	0.0625303
2	0	0.0708516
3	84	0.0826203
4	168	0.108188
5	252	0.119142
6	336	0.133496
7	420	0.143083
8	504	0.154041
9	588	0.165505
10	672	0.184646
11	756	0.196502
-----------------------
1	0	0.101442
-----------------------
1	0	0.337029
-----------------------
1	0	0.183866
-----------------------
1	0	0.210986
-----------------------
1	0	0.22075
-----------------------
1	0	0.203016
-----------------------
1	0	0.15568
-----------------------
1	0	0.225799
-----------------------
1	0	0.251247
-----------------------
1	0	0.216029
-----------------------
1	0	0.235956
-----------------------
1	0	0.217718
2	84	0.227745
-----------------------
1	0	0.218817
-----------------------
1	0	0.212602
-----------------------
1	0	0.232161
-----------------------
1	0	0.214473
-----------------------
1	0	0.245566
-----------------------
1	0	0.160271
-----------------------
1	0	0.230815
-----------------------
1	0	0.253806
-----------------------
1	0	0.188512
-----------------------
1	0	0.245217
-----------------------
1	0	0.213588
-----------------------
1	0	0.0960083
2	0	0.113647
3	84	0.12488
4	168	0.137023
5	252	0.151607
6	336	0.162604
7	420	0.185417
8	504	0.19742
-----------------------
1	0	0.156353
2	0	0.165853
3	84	0.175848
4	168	0.184044
5	252	0.198211
6	336	0.209545
7	420	0.21807
8	504	0.235708
-----------------------
1	0	0.0886191
2	0	0.0965073
3	84	0.116256
4	168	0.125093
5	252	0.137061
6	336	0.145526
7	420	0.156698
8	504	0.177191
-----------------------
1	0	0.0745583
2	0	0.0930038
3	84	0.109608
4	168	0.122427
5	252	0.132611
6	336	0.139142
7	420	0.146218
8	504	0.153353
9	588	0.164154
10	672	0.180806
11	756	0.191912
12	840	0.202107
-----------------------
1	0	0.152643
-----------------------
1	0	0.173917
2	0	0.209064
3	84	0.221811
4	168	0.236832
5	252	0.259753
6	336	0.275319
7	420	0.288585
8	504	0.300092
-----------------------
1	0	0.108411
2	0	0.123118
3	84	0.142916
4	168	0.162252
5	252	0.17835
6	336	0.187497
7	420	0.196166
8	504	0.212334
9	588	0.224225
10	672	0.236634
11	756	0.245399
12	840	0.255668
-----------------------
1	0	0.0802105
2	0	0.0957355
3	84	0.112306
4	168	0.127048
5	252	0.144207
6	336	0.156438
7	420	0.164711
8	504	0.174876
9	588	0.190877
10	672	0.19966
11	756	0.218669
12	840	0.228566
-----------------------
1	0	0.0637245
2	0	0.0768653
3	84	0.0850216
4	168	0.0963755
5	252	0.111719
6	336	0.120885
7	420	0.12963
8	504	0.141102
9	588	0.152005
10	672	0.163915
11	756	0.178006
12	840	0.18723
-----------------------
1	0	0.0603997
2	0	0.0789992
3	84	0.0898125
4	168	0.104347
5	252	0.116505
6	336	0.123534
7	420	0.130956
8	504	0.139952
9	588	0.155048
10	672	0.167934
11	756	0.183107
12	840	0.197272
-----------------------
1	0	0.135626
2	84	0.146061
3	168	0.162508
4	252	0.18415
5	336	0.198306
6	420	0.208114
7	504	0.219281
8	588	0.234443
9	672	0.245767
10	756	0.256002
11	840	0.266759
12	924	0.276602
-----------------------
1	0	0.068883
2	0	0.0964546
3	84	0.106157
4	168	0.120924
5	252	0.13238
6	336	0.13922
7	420	0.152176
8	504	0.163767
9	588	0.178554
10	672	0.189051
11	756	0.200671
12	840	0.215993
-----------------------
1	0	0.0595114
2	0	0.0683704
3	84	0.0775011
4	168	0.0865875
5	252	0.0968124
6	336	0.104951
7	420	0.123385
8	504	0.130991
9	588	0.140053
10	672	0.153045
11	756	0.161208
12	840	0.170801
-----------------------
1	0	0.0778334
2	0	0.0892483
3	84	0.0979723
4	168	0.10529
5	252	0.114582
6	336	0.124029
7	420	0.141533
8	504	0.15444
9	588	0.169744
10	672	0.17874
11	756	0.186242
12	840	0.195062
-----------------------
1	0	0.0675901
2	0	0.0823069
3	84	0.0907253
4	168	0.100836
5	252	0.12646
6	336	0.134957
7	420	0.143933
8	504	0.15617
9	588	0.16752
10	672	0.17552
11	756	0.182975
12	840	0.192493
-----------------------
1	0	0.0617291
2	0	0.0682985
3	84	0.0762416
4	168	0.0867908
-----------------------
1	0	0.154404
2	0	0.161102
3	84	0.171031
4	168	0.178132
5	252	0.221499
-----------------------
1	0	0.29895
-----------------------
1	0	0.216533
-----------------------
1	0	0.205906
-----------------------
1	0	0.210751
-----------------------
1	0	0.103593
2	0	0.140779
-----------------------
1	0	0.361595
-----------------------
1	0	0.176794
-----------------------
1	0	0.256238
-----------------------
1	0	0.070714
2	0	0.0805594
3	84	0.0895033
4	168	0.123188
-----------------------
1	0	0.289767
-----------------------
1	0	0.246543
-----------------------
1	0	0.199225
-----------------------
1	0	0.236618
2	84	0.247993
-----------------------
1	0	0.192513
-----------------------
1	0	0.217593
2	84	0.22678
-----------------------
1	0	0.183618
2	84	0.192369
-----------------------
1	0	0.168073
-----------------------
1	0	0.208828
2	84	0.220804
3	168	0.24231
4	252	0.252014
-----------------------
1	0	0.189266
2	84	0.20269
3	168	0.215128
4	252	0.224862
-----------------------
1	0	0.161436
2	84	0.171649
3	168	0.178723
-----------------------
1	0	0.194676
2	84	0.201281
3	168	0.215343
-----------------------
1	0	0.168849
2	84	0.17845
3	168	0.191689
4	252	0.202272
5	336	0.21317
-----------------------
1	0	0.096724
2	84	0.117274
3	168	0.130555
4	252	0.142664
5	336	0.152241
6	420	0.165531
7	504	0.181714
8	588	0.196799
9	672	0.207232
10	756	0.218441
11	840	0.226893
12	924	0.237797
-----------------------
1	0	0.0682819
2	0	0.0751716
3	84	0.0858509
4	168	0.0947429
5	252	0.104992
6	336	0.115078
7	420	0.12419
8	504	0.131416
9	588	0.142199
10	672	0.154577
11	756	0.162208
12	840	0.169866
-----------------------
1	0	0.0675186
2	0	0.101462
3	84	0.110205
4	168	0.119991
5	252	0.13715
6	336	0.148806
7	420	0.157513
8	504	0.165658
9	588	0.179922
10	672	0.190159
11	756	0.208175
12	840	0.217753
-----------------------
1	0	0.109962
2	84	0.124937
3	168	0.138136
4	252	0.155723
5	336	0.16575
6	420	0.175744
7	504	0.186358
8	588	0.198443
9	672	0.208815
10	756	0.21833
11	840	0.228359
12	924	0.238918
-----------------------
1	0	0.0797097
2	0	0.0959047
3	84	0.109562
4	168	0.121367
5	252	0.134773
6	336	0.143384
7	420	0.1569
8	504	0.171572
9	588	0.185338
10	672	0.196586
11	756	0.208107
12	840	0.217053
-----------------------
1	0	0.0600039
2	0	0.0721929
3	84	0.0882316
4	168	0.102757
5	252	0.112633
6	336	0.119378
7	420	0.132865
8	504	0.147592
9	588	0.167719
10	672	0.18266
11	756	0.190449
12	840	0.199481
-----------------------
1	0	0.0671835
2	0	0.0816086
3	84	0.091631
4	168	0.10217
5	252	0.118053
6	336	0.129941
7	420	0.139091
8	504	0.156241
9	588	0.171813
10	672	0.181564
11	756	0.188939
12	840	0.196298
-----------------------
1	0	0.080033
2	0	0.088385
3	84	0.096845
4	168	0.106331
5	252	0.11637
6	336	0.124473
7	420	0.130633
8	504	0.14293
9	588	0.151613
10	672	0.164287
11	756	0.174821
12	840	0.188043
-----------------------
1	0	0.0640928
2	0	0.0762974
3	84	0.0859337
4	168	0.0947029
5	252	0.105197
6	336	0.11331
7	420	0.12096
8	504	0.130107
9	588	0.146018
10	672	0.153475
11	756	0.160938
12	840	0.172611
-----------------------
1	0	0.129463
-----------------------
1	0	0.331728
2	0	0.345859
-----------------------
1	0	0.33394
-----------------------
1	0	0.250815
-----------------------
1	0	0.274843
-----------------------
1	0	0.312029
-----------------------
1	0	0.274194
-----------------------
1	0	0.259717
-----------------------
1	0	0.247366
-----------------------
1	0	0.25115
-----------------------
1	0	0.247813
-----------------------
1	0	0.26662
-----------------------
1	0	0.295432
-----------------------
1	0	0.235985
-----------------------
1	0	0.272384
-----------------------
1	0	0.26986
-----------------------
1	0	0.273309
-----------------------
1	0	0.254523
-----------------------
1	0	0.286081
-----------------------
1	0	0.257803
-----------------------
1	0	0.261562
-----------------------
1	0	0.237066
-----------------------
1	0	0.229645
-----------------------
1	0	0.254457
-----------------------
1	0	0.298975
-----------------------
1	0	0.24509
-----------------------
1	0	0.248712
-----------------------
1	0	0.273915
-----------------------
1	0	0.263181
-----------------------
1	0	0.244722
-----------------------
1	0	0.254261
-----------------------
1	0	0.286069
-----------------------
1	0	0.245698
-----------------------
1	0	0.286889
-----------------------
1	0	0.236131
-----------------------
1	0	0.258873
-----------------------
1	0	0.256327
-----------------------
1	0	0.247622
-----------------------
1	0	0.25945
-----------------------
1	0	0.273938
-----------------------
1	0	0.266623
-----------------------
1	0	0.243952
-----------------------
1	0	0.259348
-----------------------
1	0	0.290893
-----------------------
1	0	0.25328
-----------------------
1	0	0.271156
-----------------------
1	0	0.250678
-----------------------
1	0	0.260829
-----------------------
1	0	0.269188
-----------------------
1	0	0.255435
-----------------------
1	0	0.256895
-----------------------
1	0	0.276626
-----------------------
1	0	0.264039
-----------------------
1	0	0.259403
-----------------------
1	0	0.282297
-----------------------
1	0	0.269009
-----------------------
1	0	0.29036
-----------------------
1	0	0.292557
-----------------------
1	0	0.262504
-----------------------
1	0	0.263937
-----------------------
1	0	0.253134
-----------------------
1	0	0.272664
-----------------------
1	0	0.317869
-----------------------
1	0	0.269713
-----------------------
1	0	0.253564
-----------------------
1	0	0.274001
-----------------------
1	0	0.292658
-----------------------
1	0	0.273709
-----------------------
1	0	0.265884
-----------------------
1	0	0.284787
-----------------------
1	0	0.255913
-----------------------
1	0	0.237081
-----------------------
1	0	0.224282
-----------------------
1	0	0.258657
-----------------------
1	0	0.26884
-----------------------
1	0	0.240512
-----------------------
1	0	0.28389
-----------------------
1	0	0.276291
-----------------------
1	0	0.253142
-----------------------
1	0	0.261279
-----------------------
1	0	0.284585
-----------------------
1	0	0.284969
-----------------------
1	0	0.261024
-----------------------
1	0	0.221067
-----------------------
1	0	0.256839
-----------------------
1	0	0.267329
-----------------------
1	0	0.238627
-----------------------
1	0	0.279309
-----------------------
1	0	0.251003
-----------------------
1	0	0.267691
-----------------------
1	0	0.253893
-----------------------
1	0	0.21416
-----------------------
1	0	0.277138
-----------------------
1	0	0.315018
-----------------------
1	0	0.216396
-----------------------
1	0	0.212215
-----------------------
1	0	0.270205
-----------------------
1	0	0.247665
-----------------------
1	0	0.263168
-----------------------
1	0	0.21461
-----------------------
1	0	0.255343
-----------------------
1	0	0.185977
-----------------------
1	0	0.232082
-----------------------
1	0	0.26201
-----------------------
