0.273117
0.13506
0.136305
0.144987
0.118446
0.155565
0.127296
0.121675
2.05206
2.18101
0.209114
0.19094
0.175188
0.105194
0.185273
0.180603
0.202464
0.160909
0.146753
0.125898
0.179228
0.123718
0.115067
1.97811
0.0912272
1.99878
0.126584
1.94403
1.98212
0.155963
0.137454
0.103253
0.129061
0.128965
0.147753
0.100459
0.126167
1.97642
0.0932387
0.0938502
0.131515
2.00295
1.98498
0.11915
2.03454
0.121141
0.162098
0.10889
0.1193
0.113049
2.02536
0.132381
0.0999215
0.09654
0.127986
0.0912327
0.11707
0.158488
0.172892
1.98352
0.103938
2.02737
0.0994097
0.128085
0.148993
2.07208
2.08515
0.155378
0.0790042
0.110122
0.132756
0.158531
0.143593
0.117922
0.144883
0.115688
0.119215
0.0992464
0.126423
0.101
0.106431
0.328627
0.330268
0.106453
0.125922
