0.209494
0.137089
0.171143
0.155492
0.167087
0.101547
0.13139
0.124249
0.144199
2.09681
0.141865
0.117956
2.07344
0.134447
0.210942
0.190497
2.18275
0.132266
0.162057
0.183554
0.117243
0.110614
0.103983
0.0897249
0.198195
0.116032
0.137111
0.193611
0.0991548
0.101783
0.0995896
0.162166
0.115453
0.157942
0.16254
0.127889
0.157738
0.086634
0.112987
0.119542
0.0954288
0.193933
0.212484
0.116486
2.12562
0.149911
0.0760979
0.133802
0.116462
0.154537
0.110636
0.15087
0.110346
0.123536
0.138558
0.149816
0.171862
0.122922
0.109811
0.0906414
0.147425
0.0772392
0.129985
0.124052
0.179313
0.122803
0.122905
0.139133
0.138974
0.122113
0.132547
0.110397
0.128114
0.0866106
0.0946475
0.102277
0.0908088
0.0958336
0.101926
0.118358
0.12395
0.0959386
1.92413
1.88399
0.13265
0.0754699
0.128724
