2.25407e-07 1.83866e-07 0.209232 290880 165 1.386e-06
2.82364e-07 2.6509e-07 0.272866 290880 165 3.257e-06
2.20362e-07 2.27072e-07 0.0750463 268320 14 1.643e-06
1.25053e-07 2.22778e-07 0.120557 138720 12 0.0770689
2.33581e-07 2.63396e-07 0.125965 281280 25 1.64e-06
8.25559e-08 2.20018e-07 0.17086 163200 50 0.069592
1.14741e-07 2.40923e-07 0.154906 307200 24 9.005e-06
2.37917e-07 2.91581e-07 0.140082 256800 21 1.435e-06
1.1783e-07 2.45527e-07 0.10425 303840 47 2.505e-06
1.96399e-07 2.85234e-07 0.0988122 80640 10 0.0735709
1.17465e-07 2.30374e-07 0.0818092 307200 29 1.65e-06
1.93638e-07 3.25061e-07 0.155042 82080 19 0.0785776
1.24809e-07 2.40401e-07 0.131064 307200 46 1.703e-06
1.78663e-07 3.10898e-07 0.126987 84000 18 0.0761742
1.28732e-07 2.44932e-07 0.117007 307200 41 1.513e-06
1.74017e-07 3.10293e-07 0.121335 88320 20 0.0632032
1.38985e-07 2.51222e-07 0.143176 305280 43 1.407e-06
1.60779e-07 3.09525e-07 2.0517 91680 18 0.0771806
5.908e-07 2.55133e-07 2.09622 303360 29 1.535e-06
1.51024e-07 2.97037e-07 0.0766631 94080 18 0.0445475
5.56073e-07 2.4883e-07 0.141132 276000 14 1.831e-06
1.47396e-07 2.97574e-07 0.138016 215040 53 0.0572088
4.78302e-07 2.53003e-07 0.0991211 275520 28 1.314e-06
1.59647e-07 3.08628e-07 0.190532 215040 36 0.0741782
4.20556e-07 2.70502e-07 2.07303 272640 20 4.808e-06
1.64086e-07 3.26234e-07 0.174798 204480 37 0.0541211
1.58257e-07 2.95965e-07 0.104826 189120 18 0.0397274
3.5649e-07 2.82923e-07 0.134056 200160 70 0.0508406
1.53324e-07 2.99897e-07 0.184684 182400 38 0.107017
3.00193e-07 3.0423e-07 0.210537 196800 24 0.108158
2.05903e-07 3.30037e-07 0.180153 307200 24 1.605e-06
2.87267e-07 3.49829e-07 0.169146 286080 41 1.367e-06
2.3993e-07 3.19407e-07 0.201867 149280 21 0.093274
1.74423e-06 3.33958e-07 2.18232 168960 32 0.114318
2.43052e-07 2.9703e-07 0.160461 142080 16 0.104545
1.40952e-06 3.25009e-07 0.0764553 147840 3 1.369e-06
2.56488e-07 3.20864e-07 0.128632 279360 35 1.45e-06
1.15489e-06 3.25026e-07 0.0813552 156960 4 1.294e-06
2.30943e-07 2.98109e-07 0.113379 122400 29 0.0750429
9.77184e-07 3.33179e-07 0.094731 171360 14 1.842e-06
2.03642e-07 3.04405e-07 0.159648 127200 30 0.107292
8.53467e-07 3.33719e-07 0.111167 186240 10 1.726e-06
2.05688e-07 2.99941e-07 0.0969503 284160 44 1.562e-06
7.09261e-07 3.4482e-07 0.109986 110400 21 0.0416979
1.97705e-07 2.83087e-07 0.1145 124800 20 0.0673699
5.75226e-07 3.1105e-07 0.103476 106560 33 0.0752565
1.72746e-07 2.56464e-07 0.0882199 119520 31 0.0609644
4.69127e-07 3.04058e-07 0.0891689 111360 30 0.0519921
1.81621e-07 2.54899e-07 0.0888852 307200 44 1.632e-06
3.84366e-07 2.7379e-07 0.0881264 114240 32 0.0639854
1.777e-06 2.35787e-07 1.99847 251040 42 0.0370633
3.53996e-07 2.77352e-07 0.115053 136800 25 0.0535483
1.47909e-06 2.79315e-07 0.114071 163200 20 1.674e-06
3.19049e-07 2.74168e-07 0.136645 131520 32 0.0814555
1.21841e-06 3.02261e-07 0.13201 124800 20 0.0725143
2.78779e-07 2.51328e-07 0.11064 130560 25 0.0803499
1.01065e-06 2.89468e-07 0.116352 204960 76 0.0493837
2.66913e-07 2.49792e-07 0.0823576 266400 21 1.58e-06
8.35688e-07 3.29314e-07 0.155557 254400 18 0.0309864
2.41333e-07 2.38919e-07 0.101029 146880 14 0.0556282
7.09376e-07 3.18755e-07 0.136975 247200 39 0.0282199
2.29048e-07 2.32834e-07 0.0773531 265920 19 1.433e-06
6.03544e-07 2.97293e-07 0.102288 240480 85 0.0227613
2.43926e-07 2.60823e-07 0.131302 268320 20 2.521e-06
5.1808e-07 2.86656e-07 0.128564 234720 33 0.0555015
2.14811e-07 2.40321e-07 0.114792 130080 27 0.0831843
4.49533e-07 2.72299e-07 0.128533 228480 56 0.0471168
2.01692e-07 2.48702e-07 0.0959792 273600 21 1.332e-06
4.02565e-07 2.66072e-07 0.147199 223680 36 0.0566086
2.07256e-07 2.57998e-07 0.103735 284160 46 1.359e-06
3.60211e-07 2.60548e-07 0.0844454 278880 12 1.344e-06
2.16887e-07 2.54726e-07 0.088751 280320 14 1.368e-06
3.24399e-07 2.56662e-07 0.0813247 276960 27 1.84e-06
2.27462e-07 2.62398e-07 0.110373 276000 27 1.277e-06
1.59779e-06 2.5542e-07 1.97598 275520 20 1.669e-06
2.27698e-07 2.49853e-07 0.0765023 276000 19 1.232e-06
1.29107e-06 2.48399e-07 0.0927779 103680 26 0.0605088
2.30131e-07 2.56631e-07 0.0968285 269760 20 1.478e-06
1.0463e-06 2.32989e-07 0.0933647 104640 15 0.0666193
2.352e-07 2.63074e-07 0.0912734 260160 20 1.194e-06
8.89592e-07 2.68653e-07 0.0950353 162240 16 1.388e-06
2.32933e-07 2.58824e-07 0.0942202 257280 20 1.304e-06
7.25617e-07 2.46024e-07 0.0892638 102240 13 0.061622
2.00985e-07 2.94203e-07 0.112939 102720 33 0.0577659
6.07065e-07 2.33293e-07 0.114555 217440 60 0.0517395
1.8249e-07 2.64625e-07 0.0868178 132480 16 0.0525956
5.18529e-07 2.25821e-07 0.0773892 301440 16 2.043e-06
1.97933e-07 2.6885e-07 0.115461 165600 49 0.0401101
1.70094e-06 2.28207e-07 2.03397 300480 32 1.522e-06
1.97139e-07 2.55874e-07 2.12514 154080 6 0.02684
1.41908e-06 2.40629e-07 0.0869898 216480 24 1.434e-06
1.94155e-07 2.76595e-07 0.149147 145920 21 0.0675417
1.18139e-06 2.86434e-07 0.161628 189120 32 0.0620945
1.70562e-07 2.52816e-07 0.0753839 142560 16 0.0408102
9.64967e-07 2.68715e-07 0.108381 182880 36 0.0579816
1.88054e-07 2.67201e-07 0.133051 139680 35 0.0715517
7.98753e-07 2.80369e-07 0.118727 181440 19 0.0504087
1.66573e-07 2.64556e-07 0.115799 135840 27 0.0680076
6.57597e-07 2.55634e-07 0.112497 177600 37 0.0659428
1.73611e-07 2.61321e-07 0.153876 138720 31 0.0782934
2.1719e-06 2.39282e-07 2.0248 236160 19 1.235e-06
1.96673e-07 2.40954e-07 0.110148 138240 25 0.0478214
1.75363e-06 2.22845e-07 0.131904 103200 22 0.0772039
2.40892e-07 2.71165e-07 0.149784 133440 31 0.0485485
1.47611e-06 2.13748e-07 0.0699159 141120 4 1.621e-06
2.33119e-07 2.57772e-07 0.109446 119520 27 0.0546488
1.2432e-06 2.27181e-07 0.0684314 146400 7 1.422e-06
2.19017e-07 2.69861e-07 0.122789 121920 35 0.0742316
1.00678e-06 2.17174e-07 0.127519 103680 13 0.101293
2.20929e-07 2.40472e-07 0.137809 120960 20 0.0739362
8.72625e-07 2.26232e-07 0.0739975 165120 16 2.359e-06
2.29735e-07 2.56653e-07 0.0999709 263040 27 1.519e-06
7.24058e-07 2.27527e-07 0.116429 105600 13 0.0773026
2.44324e-07 3.0525e-07 0.171277 127680 25 0.0852719
6.54608e-07 2.74048e-07 0.117992 180480 18 1.624e-06
2.23559e-07 2.9622e-07 0.122102 118560 37 0.0649362
5.46424e-07 2.90916e-07 0.172229 104640 6 0.118271
1.9508e-07 2.81631e-07 0.109301 119040 26 0.0594389
4.47992e-07 2.58749e-07 0.0689065 113280 22 0.0467368
1.67821e-07 2.63378e-07 0.0900555 120960 30 0.0574986
3.96264e-07 2.54669e-07 0.103416 249600 49 0.0344201
1.58825e-07 3.00209e-07 0.146942 126720 35 0.0708119
1.48224e-07 2.69585e-07 0.0765551 116160 26 0.0434793
1.82185e-06 2.56852e-07 2.02685 241440 64 0.0243387
1.31063e-07 2.71679e-07 0.119114 117120 29 0.0763704
1.48656e-06 2.6119e-07 0.098858 143040 10 0.0501484
1.2499e-07 2.85996e-07 0.123537 127200 34 0.0647893
1.22838e-06 2.54611e-07 0.127456 142080 27 0.0692418
1.56084e-07 3.02799e-07 0.178271 129600 26 0.0751941
1.00322e-06 2.76835e-07 0.148326 141120 26 0.0849585
1.7267e-07 2.8742e-07 0.122317 126240 35 0.0619175
3.21568e-06 2.80225e-07 2.07128 138720 31 0.0595773
2.00143e-07 2.9771e-07 0.122284 128640 25 0.0422374
1.75103e-07 2.77361e-07 0.100623 116640 32 0.0709754
2.58063e-06 3.05251e-07 0.132468 80640 9 0.0955627
1.69457e-07 2.75808e-07 0.138288 133920 24 0.0823791
2.11348e-06 3.34996e-07 0.154793 149760 15 0.0775985
1.5299e-07 2.5674e-07 0.12153 140160 28 0.0787239
1.71859e-06 2.97914e-07 0.0783391 147360 18 0.0342928
1.81387e-07 2.69137e-07 0.113345 293760 46 1.887e-06
1.41789e-06 2.84387e-07 0.108504 146880 13 0.046392
1.74183e-07 2.54021e-07 0.109928 130080 17 0.0723139
1.1897e-06 2.86936e-07 0.131924 144480 22 0.0530473
1.91193e-07 2.67612e-07 0.109897 283200 53 1.426e-06
1.02105e-06 3.17469e-07 0.157335 142080 27 0.0740279
1.65659e-07 2.59299e-07 0.0833699 120960 15 0.0475213
8.369e-07 3.10371e-07 0.137102 136800 26 0.0845251
1.59307e-07 2.43062e-07 0.0941169 123840 41 0.0514884
6.84333e-07 3.05237e-07 0.117315 140640 29 0.0659603
1.55216e-07 2.50593e-07 0.101709 130080 22 0.0509682
5.73949e-07 3.01066e-07 0.144001 140640 25 0.0757409
1.45532e-07 2.48299e-07 0.0902636 128640 39 0.0486407
4.73153e-07 3.03779e-07 0.115054 140160 29 0.0589385
1.357e-07 2.46718e-07 0.092859 131520 23 0.0582939
3.98054e-07 2.79475e-07 0.1182 138720 29 0.0653987
1.41946e-07 2.41079e-07 0.10119 126720 39 0.0590923
3.32611e-07 2.54421e-07 0.0911543 140160 26 0.0604957
1.3557e-07 2.41559e-07 0.117877 124320 25 0.0686889
3.08739e-07 2.58216e-07 0.0936763 251520 25 1.554e-06
1.30685e-07 2.4263e-07 0.123447 127200 34 0.0755419
2.91034e-07 2.60019e-07 0.0861504 253920 20 1.471e-06
1.24937e-07 2.29236e-07 0.0953716 133440 22 0.0621219
2.61629e-07 2.4543e-07 0.105838 128160 35 0.0704395
1.25118e-06 2.26134e-07 1.92369 298560 53 1.145e-06
4.56207e-07 2.55709e-07 0.328172 258720 19 1.425e-06
1.05446e-06 2.25774e-07 0.129595 80640 6 0.0888664
3.81789e-07 2.2951e-07 0.0913213 106080 30 0.0641932
8.60574e-07 2.0954e-07 0.0599578 227040 38 1.429e-06
3.57432e-07 2.28007e-07 0.10583 242400 21 4.779e-06
7.10472e-07 1.98639e-07 0.0614839 233760 31 1.575e-06
3.16593e-07 2.39131e-07 0.125485 144000 28 0.0650301
6.28976e-07 2.20188e-07 0.0960143 236160 34 1.53e-06
