2.2899e-07 1.11309e-07 0.199235 96960 110 0.0534858
2.25384e-07 3.87586e-07 0.202504 96960 110 0.0771143
2.80531e-07 2.10324e-07 0.136581 249120 14 1.199e-06
1.42827e-07 4.10583e-07 0.134612 119520 16 0.0507303
2.59705e-07 2.43475e-07 0.0938188 224640 45 1.789e-06
1.06204e-07 3.12492e-07 0.131479 106560 32 0.0945256
2.05974e-07 2.54465e-07 0.125863 80640 6 0.0932897
9.64936e-08 2.90706e-07 0.144555 131040 28 0.0965937
1.19557e-07 2.80461e-07 0.118112 307200 47 1.347e-06
2.01471e-07 3.48301e-07 0.166757 84000 25 0.0802005
1.97904e-07 3.48501e-07 0.100905 80640 7 0.0474987
1.35192e-07 2.76548e-07 0.125631 305760 41 1.204e-06
1.76728e-07 3.25869e-07 0.114809 80640 10 0.0923347
1.39155e-07 2.72855e-07 0.0989898 303840 29 1.317e-06
1.45746e-07 2.65122e-07 0.0966835 299520 30 1.268e-06
1.60771e-07 3.32196e-07 0.123914 80640 8 0.0849897
1.49549e-07 2.64619e-07 0.101477 296160 30 1.263e-06
1.49639e-07 3.53243e-07 0.143852 82560 22 0.0920575
1.4232e-06 3.37244e-07 2.0581 84480 19 0.0880783
1.29415e-06 3.36524e-07 0.113346 111840 17 0.0512849
6.80336e-07 2.53321e-07 2.18072 293760 30 1.336e-06
1.03398e-06 2.92486e-07 0.117544 112320 41 0.0743091
6.76301e-07 2.60387e-07 0.208633 172800 14 2.449e-06
6.25864e-07 2.9416e-07 0.109204 172800 10 1.345e-06
8.25537e-07 2.65755e-07 0.122875 115200 23 0.0928405
5.42838e-07 2.94358e-07 0.0985864 183360 10 1.417e-06
4.63077e-07 2.75466e-07 0.0651783 198720 10 1.445e-06
7.41576e-07 2.66778e-07 0.1019 187680 27 2.129e-06
4.42744e-07 3.24553e-07 0.155993 205440 31 1.671e-06
6.5728e-07 3.2665e-07 0.16445 191040 14 1.307e-06
3.61607e-07 2.86031e-07 0.154322 80640 6 0.138428
5.38754e-07 3.0418e-07 0.189128 101760 23 0.152262
3.39392e-07 3.07019e-07 0.13421 238560 38 1.481e-06
5.20014e-07 3.47798e-07 0.143141 218880 23 1.31e-06
3.23449e-07 3.30692e-07 0.122518 245760 16 1.319e-06
4.57707e-07 3.3619e-07 0.131838 240000 30 0.0427603
2.68178e-07 2.91733e-07 0.146333 108480 41 0.116272
4.5106e-07 3.29868e-07 0.16165 230880 58 0.0510305
2.62658e-07 2.89926e-07 0.125515 265440 20 1.369e-06
4.6642e-07 3.33828e-07 0.183148 216480 55 0.0626851
2.70324e-07 3.14269e-07 0.177795 260640 20 1.517e-06
4.06413e-07 3.07685e-07 0.116807 201600 16 0.0625579
2.46459e-07 2.85022e-07 0.123296 103680 23 0.0801616
3.46271e-07 2.76204e-07 0.0655423 277440 16 1.28e-06
2.17332e-07 2.79239e-07 0.0849217 263040 14 1.673e-06
3.19913e-07 2.74471e-07 0.0845256 281280 27 1.616e-06
1.31433e-06 2.68831e-07 1.97739 268320 21 1.351e-06
2.96584e-07 2.57185e-07 0.071093 276480 21 1.29e-06
1.05819e-06 2.44863e-07 0.090084 80640 9 0.0763855
3.54409e-07 2.52519e-07 0.197679 273600 20 1.513e-06
8.77539e-07 2.50073e-07 0.0645297 136800 4 1.283e-06
3.17727e-07 2.44673e-07 0.0868272 251040 20 2.142e-06
7.15517e-07 2.25548e-07 0.126101 224640 62 0.0740022
2.98021e-07 2.59294e-07 0.0958217 256320 25 1.392e-06
1.84046e-06 2.35571e-07 1.94343 263040 12 1.474e-06
3.70964e-07 2.69894e-07 0.193121 257280 20 1.207e-06
3.1098e-06 2.4246e-07 1.98147 182880 18 1.556e-06
3.25507e-07 2.45759e-07 0.0986925 121440 37 0.0649119
2.53331e-06 2.40407e-07 0.0536373 133440 2 1.306e-06
3.07026e-07 2.42777e-07 0.0837495 240960 34 1.586e-06
2.03778e-06 2.32452e-07 0.0825714 140640 4 1.528e-06
2.82974e-07 2.48721e-07 0.0990714 121920 27 0.0554457
1.66212e-06 2.16849e-07 0.0581537 147360 4 2.094e-06
2.56346e-07 2.57992e-07 0.161096 119520 31 0.100027
1.37276e-06 2.4597e-07 0.0788293 153120 3 1.236e-06
2.58774e-07 2.70935e-07 0.109917 257760 20 1.416e-06
1.16021e-06 2.55904e-07 0.086744 159360 4 1.388e-06
2.85171e-07 3.00233e-07 0.157473 114240 32 0.0772202
9.64928e-07 2.73687e-07 0.0943357 164160 12 1.846e-06
2.50356e-07 3.06702e-07 0.130721 103680 25 0.083882
7.85294e-07 2.66652e-07 0.0999554 108960 13 0.0665022
2.72851e-07 2.81557e-07 0.127223 107520 15 0.067739
6.45085e-07 2.67316e-07 0.125632 110880 37 0.0667834
2.56551e-07 3.16186e-07 0.15726 111840 41 0.0808944
5.26184e-07 2.45039e-07 0.0960073 112320 27 0.0690081
2.20815e-07 2.97926e-07 0.0861726 111840 26 0.055112
4.48677e-07 2.38617e-07 0.072941 284160 47 1.433e-06
1.92446e-07 2.63804e-07 0.112369 118080 31 0.0765457
3.97097e-07 2.37937e-07 0.0859887 283200 29 2.597e-06
1.77128e-07 2.68572e-07 0.112322 127680 35 0.0751489
3.36345e-07 2.36048e-07 0.130829 225600 45 0.0667337
1.67409e-07 2.45323e-07 0.0949374 130560 23 0.0622198
1.40424e-06 2.31989e-07 2.00231 285600 24 1.35e-06
2.66614e-07 2.36777e-07 0.193066 285120 53 1.718e-06
2.99471e-06 2.46315e-07 1.9841 170400 16 1.423e-06
3.66989e-07 2.30612e-07 0.211707 255360 14 1.61e-06
2.44916e-06 2.30118e-07 0.118531 86400 11 0.0590673
3.29678e-07 2.20583e-07 0.0672782 222240 42 1.45e-06
1.98026e-06 2.3151e-07 0.109415 87360 21 0.071442
2.8765e-07 1.99428e-07 0.0408785 233760 19 1.265e-06
1.61955e-06 2.12036e-07 0.120247 171360 25 0.0628509
2.88547e-07 2.15375e-07 0.0962042 241920 37 1.274e-06
1.34543e-06 2.32121e-07 0.0829968 198720 14 1.241e-06
2.51702e-07 2.05574e-07 0.0669389 245280 16 1.483e-06
1.11192e-06 2.42272e-07 0.0799881 204960 29 1.716e-06
2.56951e-07 2.22117e-07 0.0875384 248160 33 7.139e-06
9.36302e-07 2.4266e-07 0.0752499 206400 20 1.323e-06
2.54654e-07 2.31666e-07 0.0870432 252000 21 1.219e-06
8.06304e-07 2.56853e-07 0.0917807 210240 28 1.835e-06
2.54404e-07 2.48186e-07 0.093442 249120 21 1.27e-06
6.58257e-07 2.29609e-07 0.0708936 151680 7 0.0410647
2.35395e-07 2.36865e-07 0.060472 249600 20 1.344e-06
5.72727e-07 2.37932e-07 0.0970586 284640 41 1.353e-06
2.26254e-07 2.27656e-07 0.0815952 254400 25 1.603e-06
5.00757e-07 2.33345e-07 0.0992853 246720 21 0.025032
2.23537e-07 2.22856e-07 0.069525 268320 20 2.113e-06
4.21122e-07 2.1649e-07 0.0959156 241440 96 0.0411284
2.2159e-07 2.34113e-07 0.104408 265920 21 1.456e-06
3.89594e-07 2.44483e-07 0.116803 284160 26 1.406e-06
2.2484e-07 2.42696e-07 0.0910218 266880 20 1.238e-06
3.34149e-07 2.25706e-07 0.090711 222720 53 0.043342
2.39598e-07 2.22914e-07 0.149049 124800 41 0.0845388
3.1685e-07 2.35341e-07 0.105398 282240 12 1.414e-06
2.41719e-07 2.43881e-07 0.10269 260160 16 1.442e-06
2.92511e-07 2.36549e-07 0.157969 207360 66 0.0830475
2.31409e-07 2.43332e-07 0.0850634 269280 21 1.256e-06
3.10808e-07 2.72762e-07 0.137469 283200 16 1.474e-06
2.19229e-07 2.38889e-07 0.074085 268800 20 1.164e-06
1.6119e-06 2.52252e-07 1.98296 274560 16 1.123e-06
2.16232e-07 2.34199e-07 0.0767785 266880 20 1.251e-06
1.32929e-06 2.51595e-07 0.075406 138240 4 1.48e-06
2.03154e-07 2.41594e-07 0.113302 261120 20 1.227e-06
1.09248e-06 2.34522e-07 0.0544436 146400 4 1.299e-06
1.86709e-07 2.25281e-07 0.0629965 271680 20 1.405e-06
2.0805e-07 2.36643e-07 0.129386 270720 21 1.419e-06
9.16177e-07 2.28586e-07 0.0789047 244800 14 1.143e-06
2.21088e-07 2.39028e-07 0.101597 260640 21 1.229e-06
7.76507e-07 2.39216e-07 0.0885728 245760 27 1.196e-06
2.32916e-07 2.49456e-07 0.097241 258240 20 1.27e-06
6.57827e-07 2.60241e-07 0.104922 246720 21 1.126e-06
2.39187e-07 2.469e-07 0.0892747 261600 21 1.328e-06
5.5335e-07 2.56021e-07 0.0811364 249120 25 1.327e-06
2.17174e-07 2.30108e-07 0.07459 259200 20 1.488e-06
2.50782e-07 2.36424e-07 0.138554 271200 21 3.867e-06
1.66077e-06 2.6703e-07 2.08434 307200 44 1.369e-06
2.675e-07 2.54022e-07 0.114016 253920 20 1.795e-06
1.37716e-06 2.78808e-07 0.114208 238080 36 2.198e-06
2.5172e-07 2.66784e-07 0.0955492 247680 25 1.196e-06
1.13166e-06 2.51563e-07 0.0587194 240480 36 2.069e-06
2.35977e-07 2.63425e-07 0.132025 94080 26 0.0936323
9.31605e-07 2.39751e-07 0.0632463 240960 31 4.82e-06
2.26145e-07 2.66847e-07 0.0928578 257760 14 1.952e-06
7.88716e-07 2.35394e-07 0.0863647 243360 20 1.356e-06
2.11453e-07 2.45109e-07 0.127235 104640 33 0.0911869
6.75012e-07 2.48557e-07 0.0911889 245760 27 1.242e-06
2.0471e-07 2.31698e-07 0.086013 266880 14 1.432e-06
6.15178e-07 2.66183e-07 0.143128 251040 21 1.243e-06
2.11153e-07 2.24363e-07 0.0907225 264000 27 1.083e-06
5.40446e-07 2.6631e-07 0.0830721 247200 27 1.396e-06
2.09565e-07 2.19035e-07 0.0789921 257760 16 1.622e-06
4.7978e-07 2.74325e-07 0.0940983 247200 21 1.385e-06
2.13032e-07 2.12757e-07 0.0779096 259200 27 1.286e-06
4.23496e-07 2.6705e-07 0.0824772 247680 27 1.465e-06
1.95032e-07 2.15688e-07 0.0791184 256320 19 2.558e-06
3.80679e-07 2.66141e-07 0.0853577 249120 20 1.445e-06
1.88218e-07 2.17808e-07 0.0766758 261120 25 1.664e-06
3.59238e-07 2.61759e-07 0.0988268 247680 21 2.41e-06
1.92467e-07 2.26376e-07 0.0976687 263520 18 1.449e-06
3.07795e-07 2.78218e-07 0.125996 136320 31 0.0687672
2.07385e-07 2.39065e-07 0.0959354 260640 21 1.467e-06
2.68619e-07 2.55857e-07 0.100558 133920 24 0.0678618
2.19548e-07 2.40087e-07 0.0881591 254400 20 1.559e-06
2.67431e-07 2.58934e-07 0.0951856 259680 25 1.373e-06
1.92674e-07 2.24964e-07 0.0886334 89280 30 0.0638141
2.3641e-07 2.43771e-07 0.11145 129120 24 0.0767983
1.31151e-06 2.37822e-07 1.88332 307200 26 1.614e-06
4.02086e-07 2.40577e-07 0.329808 281760 21 5.676e-06
1.10909e-06 2.65365e-07 0.1322 160800 22 0.0328336
3.42439e-07 2.22632e-07 0.0858318 145440 23 0.0538184
9.06993e-07 2.50208e-07 0.0750355 154080 15 0.0362443
3.33812e-07 2.31441e-07 0.0908502 243840 28 1.403e-06
7.56248e-07 2.44883e-07 0.1281 151680 15 0.0723591
