3954.83
3427.26
5974.06
5045.8
5987.01
4923.42
5284.54
3140.82
5674.34
4713.87
4470.78
5290.98
4595.7
4338.69
8715.85
5950.61
4579.94
5703.75
8687.54
4293.86
5489.71
7199.83
4587.12
3847.5
4881.5
6781.31
5218.86
3830.58
6887.06
5278.85
5148.46
4186.24
5148.46
4886.12
4230.99
3499.97
6655.17
6067.55
-122626
6137.07
3559.79
6870.27
6705.1
4352.84
3545.7
6579.65
5780.86
4355.12
6402.57
4529.75
-4000.75
6999.09
6475.54
5468.1
4750.89
6867.14
6425.01
-13871.3
6856.05
5468.1
6158.59
-4259.93
-13086.9
6176.2
6685.35
-14167.5
6434.99
-4738.58
-14435.7
6987.79
6354.47
-4888.52
-15218.5
6855.67
6621.48
-5373.23
-12500.9
6897.14
6418.58
-7948.53
-12958.8
6484.04
15621.4
6499.98
6543.3
-11989.3
-9257.41
7026.7
-9261.92
6605.34
-13115.2
7616.19
-9286.49
6560.6
-17968.4
-18921.3
6674.1
-29075.7
-8683.65
-16147.5
-8487.94
7538.69
-42592.4
-15397.4
-8344.56
7544.36
-15069.9
-14849.2
-23355.1
-16843.1
7536.95
-14759.2
7522.82
-51074.3
-15562.2
-15712.6
7354.52
-53751.4
-17844.6
-15457
7270.55
-37811.1
-16997
-14878.6
7335.98
-46232.2
-9156.87
-16611.3
7365.8
-40422.8
-19716
-8367.01
7376.58
-45007.8
-20627.6
-7959.46
-22564.2
7438.58
-25821.7
-7970.59
-27942.2
8289.3
-31191.7
-7528.74
8921.79
-40915
-30189.2
-7191.66
10094.8
-35796.5
-27300.4
-6935.68
9235.05
-38045.7
-28762.5
-7137.71
-39177.7
10839.4
-28954.8
-7260.16
-41090.5
11159.9
-25410.8
-7507.28
-32324.1
11347.1
-25081.8
-18342.2
-7238.62
10465
-7433.77
-29103
11105
-8501.77
-17901.6
-35357
-17027.2
-374522
-8591.31
-39387
-367321
-16549.6
-11652.3
-39598.2
-257501
-16066.9
-9007.95
-66621
-112109
-16893.8
-9655.78
-58097.3
-310040
-16455
-8784.28
-68236.4
212783
-9354.91
-18437
-58243.9
178406
-15370.8
-9354.91
-94250.4
-20051.6
-177400
-12031.8
-130846
-20690.9
-39894.8
-11048.9
-147883
-37774.2
-20791.2
-11330.6
-168768
-18790.7
-33077.3
-127253
-11620.5
-36718.5
-17874.8
-13905.3
-71397.9
-18906.7
-43642.1
-14568.8
-176194
-37071.7
-21248.9
-14725.3
-85146.8
-20808.8
-37045.8
-15050.2
-53442
-38170.4
-21573.2
-15690.7
-44457
-38404.8
-19593.9
-37374.3
-17672.5
-29264.3
-20951
-31095.1
-18150.7
-17993.9
-28135.7
-27911.2
-21412.5
-17823.2
-34355.8
-26693.8
-21315.8
-20006.8
-30348.6
-25921.4
-21965.3
-34383
-29542
-22460.5
-23734.3
-34895.3
-25531.9
-21456.2
-20522.7
-24999.9
-36271.9
-16305.6
-21348.6
-27209.8
-59803.8
-20548.9
-14277.8
-25234.6
-513793
-13458.5
-21540.6
-23329.7
-65029.8
-25508.4
-17113.5
-21936.8
487852
-28563.3
-19055.2
311091
-20611.6
-18372.9
-37273.1
-21326
112815
-17932.9
-39535.2
-19623.8
93992.4
-17818
-36646.8
-18540
111242
-17873
-34853.5
-19425.8
93999.2
-17786.3
-34128.7
98414.9
-18214.7
-17968.7
-33139.8
-101402
-17026.6
-18394.1
-31285.4
-24741.3
-15808.9
-20879.3
-39815.5
-14836
-28211.8
-19203.6
-44823.4
-13606.4
-10191.7
-41480.4
-23547.6
-9998.87
-40119.3
-13599.4
-29587.3
-12743.8
-8762.74
-41601
-26565.3
-12620
-8789.28
-33765.8
-50382.5
