4565.75
7828.98
2965.58
3363.61
6277.07
7481.04
7187.13
9262.57
6990.84
9488.01
6117.82
6825.4
10444
7757.28
5991.59
8550.74
9718.62
9156.57
6087.49
8086.12
10940.2
7281.31
10212.5
8807.64
10275.7
8067.8
11975.5
9202.12
8295.76
10742.8
12328.8
10107.6
12359.2
10168.1
10791.3
12472.1
8572.63
10168
10831.8
10602.3
12664.2
8648.64
8197.97
10759.9
13067.9
8226.83
10706.4
10618
8270.77
10654.6
13064.3
10854
8012.32
12755.3
10532.2
10966.9
8097.08
10183.5
11253.8
12692.9
8296.9
12573.8
10470.4
8439.17
11371.2
10474.7
11162.1
12318
10619.5
9053.53
11042.6
12432.5
10674.1
9332.21
11022.4
12442.3
10937.6
9498.7
10893.5
12270.7
10523
9863.51
12165.2
10378.7
9837.85
10921.3
11794.4
11127
11495
9959.19
11745.1
11630.6
11836.9
10190.5
13014.6
11874.5
10300.8
11930.9
12358.1
13135.2
12424.3
10865.6
12208.3
12508.3
12620.7
10780.8
12735.4
12181.8
12218.1
12599.7
10920.1
12798.5
10286.6
12027.5
12000.5
12518.5
10409.7
11198.7
12515
12342.3
10251.5
11710
12434.5
11884.1
9925.09
11769.7
11928.7
12813.1
9783.01
11804.1
12835.3
12408.7
9784.29
11732.8
13075.5
12219.6
11558.4
9928.14
12715.5
12121.9
11970.7
10319.7
12810.9
11676.1
10901.4
12072
12533
12085.2
11338.7
12415.1
12411.7
12535.1
11417.4
12488
11740.2
13078.9
12184.8
11520.8
11835.6
12877.6
12143.1
11501.6
12406.4
13139.9
12440.7
11461.5
12344.5
11871.9
12517.2
11332.3
12246.1
11587.3
11549.6
11979.2
11932.3
11092.4
11578.9
11458.8
11401.5
11314.2
11222
11839.5
11420.2
11451.5
11368
12109.3
11789.8
11944.6
11233.5
11973.4
11333.9
12378.5
11101
12229.5
11461.8
12150.1
10775.1
11507.8
11883.9
12477.1
10192.9
12056
11759.5
11862.8
11864.5
10211.3
10986.7
12263
11905.3
10959.6
11175.6
12638.1
11034.6
11858
10830.6
12577.8
11151.2
10942.5
12716
11490.7
10778
11211.8
11482.1
12987.8
11375.5
11096.3
11617.7
12938.9
10616
10735.5
11780.5
13194.3
11703.5
10656.7
11754.6
13552.5
10553
12163.2
11865.6
14042.1
10167.5
11853.7
13817.8
12547.9
13989.5
11056.2
9686.23
12293.2
11182.2
14273.7
10183.6
11526.7
11378.9
14008.2
10481.7
11926.4
11513.9
13770
10023.1
11443.2
11272
13946.1
14180
10804.2
11577.4
10452
10727.8
14223.6
9761.67
11665.7
10812.2
14426.8
10148.2
11757.4
13656.4
11248.3
10381.3
10686.5
11129.7
13806.7
10633.3
10873.4
13859.6
11711.8
11025.6
11143.9
13654
11065.5
11456.2
10227.2
11814
14064.8
10641.6
11912.5
11695.2
14152.3
10911.2
12214.4
10900.3
14573.2
11256.4
12625
11048.8
14623.2
11422.1
12972.6
10962.6
14899.6
13231.5
11391.8
11085.5
14966.6
13309.1
11843.9
11205.3
15165.8
13255.1
12158.5
11083.3
15101.7
12322
13657.1
11657.3
14352.7
12412.1
13565.2
13969.3
10724.3
13886.3
13890.7
12368.2
11022.7
12576.5
13637.6
13753.2
11169
12536.1
13678.8
13539.8
11143.3
